HJD mag magerr
58833.526351 24.707489 0.11177218
58833.526938 24.988207 0.13466167
58833.527497 24.90723 0.10186422
58833.528073 24.918472 0.1096999
58833.52864 24.80827 0.066827539
58833.529223 24.791739 0.095443051
58833.529794 24.899112 0.10246632
58833.530369 24.771505 0.062712122
58833.530936 24.772492 0.057833564
58833.531508 24.79532 0.047879231
58833.532068 24.910001 0.048901244
58833.532639 24.80811 0.043821136
58833.533201 24.831561 0.040912511
58833.533765 24.789687 0.039931986
58833.534319 24.778526 0.050758881
58833.534878 24.920777 0.049748757
58833.535457 24.876765 0.044821038
58833.536022 24.8277 0.03592943
58833.536586 24.851785 0.030939087
58833.537148 24.875221 0.033943278
58833.537706 24.870967 0.038873487
58833.538275 24.891119 0.034922535
58833.538843 24.827763 0.029944639
0.0 0.0 0.0
0.0 0.0 0.0
58833.540691 24.808915 0.030948806
58833.54127 24.783729 0.02894501
58833.541834 24.813952 0.027956917
58833.542384 24.795636 0.028958959
58833.542946 24.853018 0.027930842
58833.543507 24.794296 0.025964917
58833.544071 24.810947 0.025968639
58833.544644 24.893373 0.028944529
58833.545206 24.848018 0.028942987
58833.545767 24.846406 0.024966152
58833.54634 24.776886 0.023971149
58833.546924 24.798714 0.025944673
58833.547488 24.860653 0.028918432
58833.548053 24.834816 0.025934485
58833.548633 24.833527 0.028962483
58833.549203 24.832299 0.024959502
58833.549779 24.824263 0.026965973
58833.550355 24.802957 0.027960201
58833.550911 24.808122 0.025953281
58833.551466 24.81365 0.02593589
58833.552025 24.869451 0.029926067
58833.552609 24.801989 0.028920688
58833.553172 24.854259 0.029935135
58833.553736 24.864393 0.030931583
58833.554298 24.796329 0.024971373
58833.554862 24.811813 0.025972161
58833.55542 24.858912 0.027971243
58833.556007 24.78937 0.024983007
58833.556565 24.82088 0.030978949
58833.557125 24.853251 0.02997063
58833.557676 24.747954 0.030976746
58833.558245 24.870038 0.031958105
58833.558811 24.81955 0.028960122
58833.559373 24.893803 0.031910779
58833.559928 24.825602 0.032839731
58833.560497 24.920512 0.04072452
58833.561052 24.872115 0.03090926
58833.561629 24.780838 0.030866315
58833.562183 24.857727 0.029920142
58833.562742 24.842142 0.027943101
58833.563315 24.818334 0.02995445
58833.563889 24.86091 0.034859111
58833.564461 24.806725 0.03375037
58833.565019 24.899976 0.024946629
58833.565576 24.838341 0.020985654
58833.566153 24.78761 0.028915972
58833.566722 24.782842 0.023927809
58833.56729 24.849545 0.027948249
58833.56785 24.783596 0.025926955
58833.568406 24.853642 0.023971059
58833.568961 24.808348 0.02297408
58833.569533 24.812225 0.023971425
58833.570095 24.817159 0.020979612
58833.57065 24.813266 0.022987001
58833.57121 24.822179 0.02197283
58833.571768 24.836344 0.024963353
58833.572322 24.835561 0.02197749
58833.572898 24.797522 0.02695732
58833.573468 24.876771 0.030903045
58833.574037 24.881433 0.029908219
58833.574593 24.800669 0.027926699
58833.575159 24.878179 0.038563972
58833.575726 24.873274 0.030855237
58833.576286 24.859143 0.03289061
58833.576839 24.858311 0.027890399
58833.577403 24.838995 0.026934049
58833.577964 24.825519 0.024938364
58833.578544 24.817247 0.026950226
58833.579114 24.836853 0.026908011
58833.579688 24.859445 0.028915951
58833.580238 24.911017 0.031889631
58833.58081 24.819798 0.029877756
58833.581375 24.811753 0.029848805
58833.581944 24.833786 0.026931821
58833.582509 24.806307 0.022955929
58833.58308 24.836239 0.028909593
58833.583647 24.895919 0.032835515
58833.584215 24.818345 0.032809538
58833.584762 24.921395 0.031879383
58833.585316 24.897984 0.031849094
58833.585886 24.842105 0.023942636
58833.586442 24.901204 0.028904459
58833.587001 24.865054 0.029843905
58833.587566 24.824505 0.039830099
58833.58814 24.870972 0.034814006
58833.588711 24.903203 0.019987319
58833.589285 24.914488 0.024941546
58833.589857 24.980792 0.034719125
58833.590423 24.838907 0.03768509
58833.590994 24.893846 0.038815636
58833.591559 24.95454 0.052742657
58833.592112 24.87747 0.042705894
58833.592665 24.869567 0.048715473
58833.593224 24.895883 0.049654641
58833.593796 24.900478 0.058788892
58833.594369 24.756078 0.05148564
58833.59492 24.784824 0.048684937
58833.595528 24.963706 0.043752572
58833.596082 24.82326 0.03886104
58833.596665 24.931425 0.041864388
58833.597231 24.756439 0.034847251
58833.597797 24.834798 0.031900409
58833.59838 24.850062 0.028919019
58833.598947 24.83374 0.024937353
58833.599512 24.882077 0.029912921
58833.60009 24.84135 0.028940203
58833.600655 24.871945 0.032945449
58833.601221 24.844432 0.028948123
58833.601788 24.819525 0.03091264
58833.602358 24.808081 0.02792952
58833.602926 24.898828 0.033928298
58833.60349 24.81819 0.039802468
58833.604047 24.840873 0.029931522
58833.604615 24.835801 0.033886966
58833.605171 24.831245 0.036869798
58833.605736 24.830308 0.035885058
58833.606292 24.83102 0.036872059
58833.606846 24.853068 0.035860561
58833.607409 24.863683 0.035873875
58833.607972 24.874964 0.037840393
58833.608554 24.794984 0.037847879
58833.609122 24.809663 0.035873848
58833.609691 24.847217 0.035859509
58833.61027 24.8562 0.031892993
58833.610843 24.776919 0.027891218
58833.611415 24.836683 0.030791374
58833.611993 24.78969 0.030863271
58833.612577 24.854579 0.029849442
58833.613137 24.839159 0.033827464
58833.613696 24.811435 0.031771173
58833.614278 24.829595 0.031850022
58833.614853 24.871338 0.032816324
58833.615407 24.836421 0.034771314
58833.615983 24.834278 0.030867987
58833.616534 24.923843 0.031819247
58833.617093 24.88814 0.037878131
58833.617655 24.837713 0.033912745
58833.618216 24.782182 0.032907536
58833.618781 24.841567 0.029949242
58833.619336 24.841893 0.032921071
58833.619908 24.822203 0.035908923
58833.620489 24.812049 0.030921835
58833.621073 24.817546 0.030917624
58833.621643 24.831521 0.036839258
58833.622212 24.807165 0.029915979
58833.622786 24.89837 0.039804932
58833.623339 24.882404 0.034894672
58833.623898 24.824848 0.034909483
58833.624467 24.896956 0.032927705
58833.625042 24.836078 0.029915764
58833.625625 24.837607 0.030946514
58833.626195 24.788583 0.026944129
58833.626758 24.869493 0.032925154
58833.627345 24.868432 0.027953483
58833.627901 24.813015 0.02696792
58833.628481 24.77022 0.028950893
58833.629058 24.783718 0.027963597
58833.629625 24.809273 0.026956545
58833.630194 24.823416 0.029957713
58833.630754 24.75789 0.026964543
58833.631339 24.794832 0.029925013
58833.631919 24.885453 0.036834352
58833.632476 24.780099 0.034835859
58833.633035 24.876951 0.035826952
58833.633609 24.853744 0.035900319
58833.634176 24.755704 0.037930647
58833.63477 24.821684 0.032857511
58833.63533 24.831027 0.028962288
58833.635896 24.790746 0.029930905
58833.636454 24.828301 0.027948531
58833.637031 24.863272 0.033881711
58833.637603 24.834472 0.033909028
58833.638178 24.859045 0.031891784
58833.638751 24.830002 0.028953579
58833.639317 24.812257 0.02995512
58833.639885 24.800047 0.028968907
58833.640451 24.797615 0.025978925
58833.641017 24.806821 0.027965975
58833.641587 24.818684 0.024966634
58833.642165 24.827383 0.030963075
58833.642733 24.815377 0.028957907
58833.643298 24.845395 0.032952633
58833.643881 24.82179 0.028959443
58833.644463 24.786396 0.026965737
58833.645038 24.854928 0.029960982
58833.645621 24.831406 0.028938028
58833.646196 24.836227 0.030935095
58833.646775 24.821448 0.027971107
58833.647352 24.829293 0.030970243
58833.647947 24.858551 0.031951159
58833.648518 24.831432 0.030975715
58833.649091 24.813707 0.032937632
58833.649661 24.812795 0.028973935
58833.650234 24.80029 0.027974978
58833.650812 24.842284 0.030965285
58833.651385 24.876941 0.033932403
58833.651942 24.844746 0.030957981
58833.652501 24.815268 0.029968937
58833.653051 24.81906 0.035945623
58833.653627 24.824177 0.029973484
58833.654196 24.791531 0.030955823
58833.654761 24.843963 0.027962581
58833.655332 24.831715 0.029960924
58833.655903 24.839565 0.028966856
58833.656459 24.809286 0.030977233
58833.657018 24.822185 0.02997246
58833.657575 24.757008 0.026975658
58833.658134 24.804085 0.027969924
58833.658729 24.800339 0.028963125
58833.659291 24.818749 0.025975472
58833.659866 24.77761 0.028975466
58833.660428 24.828882 0.029971682
58833.660996 24.787106 0.032962396
58833.661568 24.784145 0.030964214
58833.662129 24.790876 0.031960453
58833.662686 24.790208 0.036940836
58833.663254 24.814724 0.030974546
58833.663845 24.830318 0.039945309
58833.664399 24.812847 0.03395689
58833.664959 24.775707 0.029973695
58833.66553 24.762962 0.029978023
58833.666087 24.748197 0.027983343
58833.666661 24.801486 0.030979358
58833.66724 24.808945 0.029982782
58833.667808 24.810685 0.031978612
58833.668374 24.758108 0.031983575
58833.66894 24.804622 0.031978268
58833.669515 24.796223 0.0369756
58833.670105 24.796569 0.028966304
58833.670664 24.846318 0.031956693
58833.671231 24.816595 0.035962952
58833.671792 24.871074 0.036961244
58833.672357 24.83638 0.03695361
58833.672921 24.825235 0.035953795
58833.6735 24.762619 0.031978387
58833.674063 24.838716 0.033976406
58833.674632 24.799002 0.035954438
58833.675223 24.802175 0.038900016
58833.67579 24.853375 0.040946489
58833.67635 24.771587 0.039934601
58833.676916 24.836265 0.037957726
58833.677484 24.872885 0.038953612
58833.678056 24.826143 0.040943343
58833.678616 24.805396 0.046844604
58833.679182 24.7761 0.045856495
58833.679761 24.826268 0.050851207
58833.680323 24.9458 0.069558042
58833.680894 24.825118 0.049853506
58833.681455 24.85164 0.05966315
58833.68202 24.8776 0.055751911
58833.682591 24.861717 0.056693123
58833.683157 24.834169 0.04886786
58833.683728 24.818458 0.049859852
58833.68429 24.800252 0.051743503
58833.684864 24.800506 0.040916242
58833.685427 24.704353 0.039919599
58833.686006 24.915008 0.049873863
58833.68663 24.795247 0.040947616
58833.687197 24.843061 0.039947223
58833.687766 24.818449 0.043919066
58833.688335 24.792375 0.038951986
58833.6889 24.797494 0.041960753
58833.689473 24.893437 0.045938756
58833.690035 24.803567 0.038931571
58833.690606 24.766374 0.036941106
58833.691182 24.863059 0.042926654
58833.691769 24.82505 0.040921754
58833.692334 24.820958 0.043874711
58833.692912 24.846253 0.043914398
58833.693482 24.872495 0.041931755
58833.694055 24.801006 0.038950612
58833.694629 24.879799 0.039933808
58833.695214 24.852061 0.043947094
58833.695788 24.837881 0.041940223
58833.696709 24.826468 0.044942719
58833.697282 24.863038 0.052859338
58833.697854 24.796097 0.0449294
58833.698426 24.815003 0.042942099
58833.698997 24.825886 0.053948756
58833.699574 24.8705 0.043949458
58833.700162 24.827436 0.041966149
58833.700738 24.891895 0.045941636
58833.701314 24.779881 0.038962046
58833.701879 24.784223 0.05594345
58833.702433 24.775995 0.043971053
58833.702997 24.796473 0.038975498
58833.703569 24.862513 0.039962449
58833.704138 24.86097 0.041972073
58833.704693 24.767182 0.039973076
58833.705269 24.794066 0.037957479
58833.705842 24.844052 0.043963293
58833.706416 24.781727 0.043949707
58833.706995 24.846348 0.036970596
58833.70756 24.779896 0.037966948
58833.708139 24.816615 0.037970539
58833.708701 24.818068 0.040968044
58833.709269 24.776446 0.039955824
58833.709837 24.856572 0.039962193
58833.710398 24.824909 0.037955718
58833.710961 24.787344 0.043945701
58833.711531 24.763068 0.041952125
58833.712096 24.866525 0.041953456
58833.712678 24.831351 0.041944282
58833.713245 24.772641 0.038955729
58833.713811 24.84342 0.038955217
58833.71438 24.830055 0.033968009
58833.714942 24.809872 0.035969872
58833.715515 24.860099 0.039953245
58833.716099 24.78302 0.035972567
58833.716662 24.857984 0.040972935
58833.717217 24.801772 0.035935978
58833.717786 24.862746 0.036954878
58833.718352 24.793537 0.039961845
58833.718933 24.806998 0.038956045
58833.719515 24.794917 0.035957982
58833.720081 24.814292 0.042925476
58833.720652 24.818462 0.036943633
58833.721229 24.763618 0.034960233
58833.721798 24.842531 0.043938868
58833.722365 24.7839 0.033966547
58833.722938 24.809232 0.034970225
58833.723517 24.804853 0.035966534
58833.724095 24.820759 0.032970432
58833.724659 24.856104 0.039952318
58833.725228 24.859098 0.035967489
58833.725794 24.793679 0.036950561
58833.726369 24.864347 0.038901582
58833.726949 24.848205 0.046856972
58833.727521 24.824825 0.037919835
58833.728085 24.824054 0.038935026
58833.728659 24.836605 0.04094164
58833.729226 24.834222 0.041947769
58833.729803 24.770759 0.035958478
58833.730359 24.850033 0.035948388
58833.730924 24.865282 0.032970383
58833.731502 24.805943 0.036955265
58833.732059 24.809314 0.041898413
58833.732632 24.816624 0.041908676
58833.733194 24.789216 0.040918524
58833.733759 24.812176 0.044818146
58833.734321 24.867664 0.047909781
58833.734879 24.839011 0.050884586
58833.735444 24.814233 0.047854895
58833.736003 24.818718 0.057855953
58833.736571 24.858127 0.06086416
58833.737136 24.760012 0.051850105
58833.737691 24.819515 0.045923739
58833.738267 24.891026 0.058756373
58833.738823 24.818735 0.045870781
58833.739382 24.811107 0.045873175
58833.739948 24.804952 0.050851789
58833.740522 24.873088 0.053823702
58833.741085 24.873569 0.058696
58833.741647 24.848998 0.047896837
58833.742215 24.861481 0.047913874
58833.742788 24.815814 0.045853804
58833.743365 24.769259 0.046909302
58833.743953 24.877224 0.050879929
58833.744526 24.82813 0.043865456
58833.745093 24.816777 0.03893492
58833.745664 24.8254 0.041939294
58833.746226 24.810261 0.04193438
58833.746789 24.829422 0.037951183
58833.747358 24.847929 0.035959333
58833.747921 24.830852 0.039956798
58833.748478 24.891473 0.032952737
58833.749035 24.79171 0.031962407
58833.749599 24.819785 0.034963143
58833.750168 24.8123 0.039898524
58833.750733 24.826996 0.038911606
58833.751298 24.869766 0.041882395
58833.751854 24.78867 0.046786536
58833.752416 24.813337 0.043901528
58833.752988 24.797024 0.043911341
58833.753539 24.802665 0.040920682
58833.7541 24.888353 0.035952196
58833.754655 24.857207 0.0399496
58833.75523 24.798414 0.034963829
58833.755803 24.860837 0.043954524
58833.756377 24.804152 0.042959875
58833.756948 24.808861 0.039954994
58833.757519 24.793868 0.044960985
58833.758074 24.792715 0.042963005
58833.758639 24.77816 0.040937136
58833.759204 24.748331 0.048914613
58833.759765 24.832794 0.042957325
58833.760341 24.798435 0.046961291
58833.760921 24.849431 0.042958156
58833.761489 24.911757 0.058911679
58833.76205 24.803251 0.041959039
58833.762618 24.917879 0.051935633
58833.763196 24.799568 0.040971604
58833.763771 24.759991 0.04097206
58833.764345 24.873417 0.042966122
58833.764904 24.826421 0.048966118
58833.765469 24.803943 0.039969824
58833.766035 24.788581 0.039966944
58833.766604 24.828961 0.043963329
58833.767179 24.869137 0.044968615
58833.767754 24.7676 0.044974266
58833.768337 24.833484 0.041951701
58833.768906 24.850908 0.039966894
58833.769468 24.797123 0.042956269
58833.770037 24.800469 0.043963527
58833.770609 24.813203 0.048965595
58833.771176 24.850228 0.054922577
58833.77175 24.839102 0.056939959
58833.772312 24.833739 0.055930172
58833.772873 24.898345 0.061884293
58833.773436 24.843035 0.067859878
58833.774013 24.904954 0.074782145
58833.774581 24.807785 0.057858514
58833.775149 24.76762 0.05290969
58833.775718 24.866117 0.05989919
58833.776274 24.843862 0.060895207
58833.776849 24.835301 0.05594088
58833.777425 24.810118 0.061941077
58833.777996 24.872008 0.057910503
58833.778564 24.807262 0.050942642
58833.779126 24.754923 0.048926802
58833.779701 24.845958 0.05590117
58833.780275 24.844023 0.052909099
58833.780836 24.836166 0.056856901
58833.781394 24.878058 0.071894631
58833.781959 24.77112 0.047919987
58833.78252 24.794729 0.048929598
58833.783078 24.869772 0.05590786
58833.783656 24.928248 0.060935348
58833.784224 24.803372 0.05495564
58833.784791 24.892518 0.055944161
58833.785359 24.829752 0.047956297
58833.785923 24.845362 0.043959477
58833.786499 24.778597 0.047960991
58833.787075 24.90819 0.053947365
58833.787657 24.819777 0.043960718
58833.788243 24.876105 0.056951462
58833.788815 24.780073 0.046946017
58833.789431 24.793293 0.03996611
58833.789993 24.859852 0.044959857
58833.790558 24.808132 0.040978642
58833.791114 24.790424 0.042963724
58833.791692 24.818372 0.045975031
58833.792254 24.804017 0.036966506
58833.792819 24.782686 0.036970492
58833.793386 24.842341 0.039962444
58833.793945 24.809899 0.038968072
58833.794517 24.824327 0.038962941
58833.79508 24.817725 0.038963048
58833.795646 24.781478 0.035975449
58833.796225 24.794909 0.029974253
58833.79679 24.830789 0.038976309
58833.797352 24.787803 0.030978974
58833.797908 24.84609 0.034973676
58833.798484 24.768912 0.033975107
58833.799061 24.787599 0.033978651
58833.799624 24.765527 0.035957528
58833.800185 24.82449 0.034977607
58833.800756 24.782142 0.034969575
58833.801313 24.853915 0.036954683
58833.801876 24.806604 0.036966976
58833.802443 24.839059 0.039965759
58833.803031 24.7928 0.039976832
58833.803608 24.788697 0.034971394
58833.804175 24.825097 0.036976952
58833.804741 24.713758 0.030981456
58833.805316 24.810571 0.03497948
58833.805876 24.814424 0.039967614
58833.806445 24.832155 0.042978938
58833.807016 24.790446 0.039975527
58833.807582 24.81966 0.038963444
58833.80816 24.889697 0.042969277
58833.808724 24.79684 0.039978666
58833.809281 24.893332 0.042968818
58833.809857 24.797636 0.039975804
58833.810432 24.794111 0.03797745
58833.811002 24.860276 0.04297384
58833.81157 24.86378 0.041975791
58833.812141 24.732975 0.035977684
58833.81271 24.839688 0.034979267
58833.813283 24.777998 0.034974287
58833.81385 24.84519 0.037974962
58833.814425 24.778745 0.035977538
58833.81499 24.836343 0.033980377
58833.815567 24.801536 0.037973818
58833.816133 24.78139 0.034977874
58833.816698 24.772067 0.042972215
58833.817289 24.874474 0.040953818
58833.817864 24.867977 0.043968571
58833.818429 24.797801 0.038969627
58833.819011 24.867985 0.042963922
58833.819573 24.854031 0.043962934
58833.820146 24.83438 0.03796057
58833.82073 24.829441 0.036967671
58833.821295 24.813159 0.041961262
58833.821869 24.781676 0.045972093
58833.822431 24.788163 0.04397003
58833.822986 24.841509 0.047973569
58833.823546 24.87524 0.047966145
58833.824122 24.848066 0.048961614
58833.82469 24.770703 0.050950182
58833.82527 24.838159 0.053971325
58833.825842 24.795876 0.049969411
58833.826414 24.908842 0.052957871
58833.826987 24.772421 0.042966842
58833.827559 24.826188 0.043962176
58833.828123 24.822856 0.049969225
58833.828694 24.810768 0.037951983
58833.829263 24.715709 0.040963187
58833.829826 24.793525 0.035962784
58833.830398 24.840182 0.042942737
58833.830961 24.82862 0.038950014
58833.831526 24.842279 0.035969348
58833.832097 24.852089 0.039962161
58833.83267 24.883577 0.036954385
58833.833228 24.824573 0.040966256
58833.833798 24.798272 0.036964297
58833.834371 24.833602 0.043944634
58833.834936 24.823919 0.036964258
58833.83551 24.836011 0.037959259
58833.836083 24.838741 0.039969989
58833.836648 24.812311 0.039944346
58833.837231 24.80114 0.041963636
58833.837806 24.82404 0.044933083
58833.83839 24.825058 0.041950894
58833.838952 24.816781 0.045930237
58833.839512 24.855326 0.042961447
58833.840078 24.888288 0.045961996
58833.840638 24.780843 0.041954699
58833.841214 24.875116 0.046965928
58833.841784 24.831422 0.038971676
58833.842354 24.797064 0.041968829
58833.842932 24.826393 0.040965258
58833.8435 24.805043 0.04196158
58833.844068 24.784812 0.041970754
58833.84464 24.743823 0.042969914
58833.845192 24.770332 0.037973432
58833.845764 24.81999 0.040979213
58833.846315 24.779522 0.044974082
58833.846882 24.797482 0.043976256
58833.847447 24.778705 0.051975493
58833.848017 24.813829 0.041962988
58833.848583 24.740835 0.051970109
58833.849139 24.816966 0.05196721
58833.849713 24.66958 0.044959134
58833.850286 24.865742 0.051971912
