HJD mag magerr
58833.526351 24.656482 0.10371502
58833.526938 24.698152 0.094723593
58833.527497 25.864753 0.22289418
0.0 0.0 0.0
58833.52864 25.687761 0.16582738
0.0 0.0 0.0
0.0 0.0 0.0
58833.530369 24.676489 0.053807424
58833.530936 24.50336 0.047827747
0.0 0.0 0.0
58833.532068 25.558347 0.091921812
0.0 0.0 0.0
58833.533201 24.600315 0.034920246
58833.533765 24.53068 0.033920864
0.0 0.0 0.0
0.0 0.0 0.0
0.0 0.0 0.0
58833.536022 24.562391 0.031935693
58833.536586 24.540479 0.027930601
58833.537148 24.540616 0.026933314
58833.537706 24.538762 0.030907011
58833.538275 24.549012 0.02790049
0.0 0.0 0.0
0.0 0.0 0.0
0.0 0.0 0.0
58833.540691 24.538164 0.023935076
0.0 0.0 0.0
0.0 0.0 0.0
0.0 0.0 0.0
0.0 0.0 0.0
58833.543507 24.544172 0.021941166
58833.544071 24.569745 0.026940559
0.0 0.0 0.0
58833.545206 24.560785 0.023927389
58833.545767 24.530188 0.020960622
58833.54634 24.563016 0.023969978
58833.546924 24.502673 0.020955992
58833.547488 26.589007 0.18391846
58833.548053 26.371614 0.14292246
58833.548633 24.543216 0.020958497
58833.549203 24.542317 0.021966154
58833.549779 24.549442 0.022963609
58833.550355 24.599272 0.025946108
58833.550911 24.541355 0.021964653
58833.551466 24.549789 0.021951504
58833.552025 24.531692 0.024940602
0.0 0.0 0.0
0.0 0.0 0.0
58833.553736 24.532507 0.022946611
58833.554298 24.543776 0.021964823
58833.554862 24.594143 0.024962502
58833.55542 24.558868 0.025966908
58833.556007 24.555925 0.026954691
58833.556565 24.603214 0.026977949
58833.557125 24.55983 0.026973681
58833.557676 24.605267 0.026978717
58833.558245 24.543633 0.023969593
58833.558811 24.546464 0.023954404
58833.559373 27.009552 0.33392972
58833.559928 24.56882 0.026899522
58833.560497 24.818561 0.041635395
0.0 0.0 0.0
0.0 0.0 0.0
58833.562183 25.453432 0.067919152
0.0 0.0 0.0
0.0 0.0 0.0
58833.563889 24.489343 0.025873272
58833.564461 24.419242 0.029600171
58833.565019 24.494736 0.019944058
58833.565576 24.551639 0.01799143
58833.566153 24.635834 0.021930672
58833.566722 24.534291 0.019971935
58833.56729 24.542189 0.022949595
58833.56785 24.598098 0.023955782
58833.568406 24.510214 0.018974302
58833.568961 24.539003 0.019969037
58833.569533 24.519922 0.018976974
58833.570095 24.546058 0.020977785
58833.57065 24.55703 0.01998224
58833.57121 24.556777 0.018976516
0.0 0.0 0.0
58833.572322 24.577104 0.018982746
58833.572898 24.595079 0.019967697
58833.573468 25.712753 0.073925168
58833.574037 25.396548 0.06090599
0.0 0.0 0.0
58833.575159 24.882039 0.040617293
58833.575726 24.671719 0.027855111
58833.576286 24.58346 0.029857201
58833.576839 25.590477 0.067880598
58833.577403 24.560198 0.022931938
58833.577964 24.53846 0.021963645
58833.578544 24.528523 0.021952068
58833.579114 24.606895 0.021949895
58833.579688 24.571728 0.025921287
58833.580238 24.510708 0.024914716
58833.58081 25.32098 0.054859962
58833.581375 26.487298 0.14990328
58833.581944 24.531969 0.022933945
58833.582509 24.589214 0.022945849
58833.58308 24.570148 0.023930571
0.0 0.0 0.0
58833.584215 24.533951 0.026815509
58833.584762 24.57222 0.026884704
58833.585316 24.569773 0.027841648
58833.585886 26.595209 0.18891485
58833.586442 25.988284 0.10092473
0.0 0.0 0.0
0.0 0.0 0.0
58833.58814 24.644891 0.030867861
58833.588711 24.548199 0.019964847
58833.589285 24.535568 0.017966537
58833.589857 24.53855 0.029778743
58833.590423 24.613673 0.030861166
58833.590994 24.523554 0.033788985
0.0 0.0 0.0
58833.592112 24.652871 0.037738342
0.0 0.0 0.0
0.0 0.0 0.0
58833.593796 24.757587 0.047848881
58833.594369 24.580343 0.040743613
0.0 0.0 0.0
0.0 0.0 0.0
58833.596082 24.611607 0.031852376
58833.596665 24.613809 0.053860816
58833.597231 24.532876 0.028894474
58833.597797 24.606332 0.028912503
0.0 0.0 0.0
58833.598947 24.541557 0.021955547
0.0 0.0 0.0
0.0 0.0 0.0
58833.600655 24.530052 0.02695517
58833.601221 24.553365 0.024947343
0.0 0.0 0.0
0.0 0.0 0.0
0.0 0.0 0.0
58833.60349 25.158244 0.055814647
0.0 0.0 0.0
58833.604615 24.547055 0.027905561
58833.605171 24.550304 0.030891107
58833.605736 24.572105 0.031905596
58833.606292 24.511347 0.026929867
58833.606846 24.497419 0.027866
58833.607409 24.523586 0.028896175
58833.607972 24.551859 0.031878189
58833.608554 24.618688 0.032892116
58833.609122 24.542855 0.029898504
58833.609691 24.583214 0.03086862
0.0 0.0 0.0
58833.610843 25.633212 0.077900256
0.0 0.0 0.0
58833.611993 25.988213 0.11982587
58833.612577 25.032869 0.037854908
58833.613137 24.987832 0.04280196
58833.613696 25.145273 0.047772848
58833.614278 24.513978 0.025852446
0.0 0.0 0.0
58833.615407 24.598399 0.029852117
58833.615983 24.508961 0.02488564
58833.616534 24.536476 0.02786614
58833.617093 24.592448 0.027893315
0.0 0.0 0.0
0.0 0.0 0.0
58833.618781 24.551999 0.027916344
0.0 0.0 0.0
58833.619908 24.577351 0.028922155
0.0 0.0 0.0
58833.621073 24.606694 0.024947973
58833.621643 24.5923 0.030864904
0.0 0.0 0.0
58833.622786 24.613448 0.031898348
0.0 0.0 0.0
0.0 0.0 0.0
0.0 0.0 0.0
0.0 0.0 0.0
0.0 0.0 0.0
58833.626195 24.539946 0.02394299
58833.626758 24.565209 0.025944324
58833.627345 24.526838 0.022956005
58833.627901 24.570381 0.021967002
58833.628481 24.56202 0.025960728
58833.629058 24.563795 0.024934038
58833.629625 24.562955 0.021968585
58833.630194 24.540535 0.020968399
58833.630754 24.593878 0.023963383
0.0 0.0 0.0
58833.631919 24.539972 0.030894255
58833.632476 24.564493 0.029896561
58833.633035 24.564541 0.029869276
0.0 0.0 0.0
58833.634176 24.588615 0.035934556
58833.63477 24.632747 0.028905862
58833.63533 24.538307 0.024937122
0.0 0.0 0.0
58833.636454 24.555275 0.021966942
58833.637031 26.28075 0.1579319
0.0 0.0 0.0
0.0 0.0 0.0
58833.638751 24.563802 0.026943814
58833.639317 24.539 0.023942732
58833.639885 24.541527 0.022949341
58833.640451 24.548121 0.025961873
58833.641017 24.543391 0.023957661
58833.641587 24.543042 0.021970987
58833.642165 24.547479 0.024962571
58833.642733 24.573155 0.024945261
58833.643298 24.561531 0.027962721
58833.643881 24.585827 0.023970026
58833.644463 24.53457 0.025968636
58833.645038 24.581679 0.024952985
58833.645621 24.551536 0.024949237
58833.646196 24.526441 0.025950162
58833.646775 24.56045 0.023970447
58833.647352 24.526351 0.023953282
0.0 0.0 0.0
58833.648518 24.592019 0.030975277
58833.649091 24.5481 0.022972509
58833.649661 24.545808 0.023970406
58833.650234 24.599115 0.022973595
58833.650812 24.537754 0.025957062
58833.651385 24.559411 0.028949459
58833.651942 24.550243 0.025945496
58833.652501 24.556744 0.025966826
58833.653051 24.562336 0.026978878
0.0 0.0 0.0
58833.654196 24.598807 0.027947571
58833.654761 24.572945 0.023972352
58833.655332 24.532178 0.024951841
58833.655903 24.543496 0.024975655
58833.656459 24.584568 0.023975667
58833.657018 24.556985 0.024976835
58833.657575 24.557493 0.026961738
58833.658134 24.576647 0.026968901
58833.658729 24.574299 0.028949467
58833.659291 24.578117 0.023973901
58833.659866 24.523331 0.026973483
58833.660428 24.543677 0.024949752
58833.660996 24.551533 0.024955739
0.0 0.0 0.0
58833.662129 24.593069 0.028951817
58833.662686 24.539451 0.029922772
58833.663254 24.561642 0.027954863
58833.663845 24.586197 0.029954844
58833.664399 24.541046 0.025948488
58833.664959 24.598655 0.028970168
58833.66553 24.570566 0.026976093
58833.666087 24.616384 0.026974947
58833.666661 24.576067 0.026978404
58833.66724 24.570417 0.026980275
58833.667808 24.598694 0.027976361
58833.668374 24.558036 0.024983562
58833.66894 24.575019 0.031975507
58833.669515 24.585995 0.028972106
58833.670105 24.567148 0.027969244
58833.670664 24.591858 0.027966175
58833.671231 24.552406 0.027961108
58833.671792 24.522062 0.024966593
58833.672357 24.565952 0.02996065
58833.672921 24.604629 0.027976585
58833.6735 24.56845 0.030955116
58833.674063 24.542692 0.030972218
58833.674632 24.56043 0.030938108
58833.675223 24.626908 0.034903923
58833.67579 24.618851 0.033928459
58833.67635 24.552284 0.032936205
58833.676916 24.626019 0.034955269
58833.677484 24.576952 0.034953467
58833.678056 24.574768 0.036893678
58833.678616 25.028761 0.054860439
58833.679182 24.51899 0.037871848
58833.679761 25.854925 0.14380849
58833.680323 25.296241 0.093703481
58833.680894 25.091701 0.072782804
58833.681455 24.690224 0.050786211
58833.68202 24.732019 0.047852436
58833.682591 24.677684 0.046720819
58833.683157 25.673397 0.1158822
58833.683728 24.85841 0.051826632
58833.68429 25.585556 0.10377748
58833.684864 24.558389 0.035924268
58833.685427 24.587319 0.033920823
58833.686006 24.636557 0.037895198
58833.68663 24.596709 0.036923038
58833.687197 24.535821 0.036952469
58833.687766 24.588563 0.035959214
58833.688335 24.575828 0.03592583
58833.6889 24.595278 0.034922729
58833.689473 24.585073 0.033946892
58833.690035 24.54636 0.031918936
58833.690606 24.576677 0.036927531
58833.691182 24.622381 0.032940668
58833.691769 24.591209 0.034897643
58833.692334 26.240625 0.1928796
58833.692912 25.370017 0.073866132
58833.693482 24.565903 0.031938402
58833.694055 24.576169 0.035902736
58833.694629 24.56128 0.03395205
58833.695214 24.589788 0.033926278
58833.695788 24.583108 0.032951902
58833.696709 24.61414 0.036949253
0.0 0.0 0.0
58833.697854 24.484174 0.033903012
58833.698426 24.531315 0.034943532
58833.698997 24.55328 0.041924847
58833.699574 24.565951 0.037951284
58833.700162 24.564796 0.033940948
58833.700738 24.566225 0.036926226
58833.701314 24.520101 0.030955605
58833.701879 24.580338 0.048960809
58833.702433 24.562859 0.037962987
58833.702997 24.5801 0.032969375
58833.703569 24.593917 0.033967369
58833.704138 24.580273 0.033978169
58833.704693 24.589168 0.031969206
58833.705269 24.58101 0.029964044
58833.705842 24.550019 0.035934176
58833.706416 24.551623 0.035955331
58833.706995 24.59756 0.032976033
58833.70756 24.551693 0.03596104
58833.708139 24.535973 0.028968045
58833.708701 24.575317 0.031942301
58833.709269 24.53754 0.026961452
58833.709837 24.550075 0.032932368
58833.710398 24.522858 0.028939375
58833.710961 24.527854 0.032941354
58833.711531 24.559288 0.033944274
58833.712096 24.627657 0.034958324
58833.712678 24.561778 0.02895623
58833.713245 24.530026 0.031951206
58833.713811 24.592073 0.031942657
58833.71438 24.564419 0.031954134
58833.714942 24.612359 0.032960536
58833.715515 24.531218 0.026962952
58833.716099 24.579317 0.02997097
58833.716662 24.522135 0.031967446
58833.717217 24.544527 0.02596661
58833.717786 24.548206 0.033942318
58833.718352 24.590362 0.033954055
58833.718933 24.575395 0.030958809
58833.719515 24.534052 0.031947509
58833.720081 24.510379 0.032897352
58833.720652 24.606415 0.03296322
58833.721229 24.523157 0.028955656
58833.721798 24.631055 0.036953792
58833.722365 24.535577 0.028962663
58833.722938 24.561235 0.029962331
58833.723517 24.546971 0.029939807
58833.724095 24.568132 0.027968923
58833.724659 24.573048 0.03495931
58833.725228 24.507668 0.028960555
58833.725794 24.607198 0.034911705
58833.726369 24.563371 0.035902229
58833.726949 24.616156 0.036920774
58833.727521 24.527929 0.031899405
58833.728085 24.56944 0.033910886
58833.728659 24.613782 0.033948446
58833.729226 24.592212 0.036927153
58833.729803 24.511422 0.029925048
58833.730359 24.593657 0.029957267
58833.730924 24.526069 0.027963703
58833.731502 24.511751 0.030947872
58833.732059 24.580255 0.038901043
58833.732632 26.152996 0.16390897
58833.733194 24.564769 0.030917991
0.0 0.0 0.0
58833.734321 24.561115 0.039876134
58833.734879 25.601998 0.10390044
58833.735444 24.700904 0.045859124
58833.736003 25.425491 0.092873853
58833.736571 24.742347 0.056849588
58833.737136 25.608525 0.10581599
0.0 0.0 0.0
58833.738267 24.612242 0.046777276
58833.738823 25.945632 0.13888366
0.0 0.0 0.0
58833.739948 24.562976 0.039856864
58833.740522 25.820242 0.13883321
58833.741085 24.69306 0.050644662
0.0 0.0 0.0
58833.742215 24.545965 0.036907011
0.0 0.0 0.0
58833.743365 24.509886 0.038898776
58833.743953 25.444267 0.093895819
58833.744526 24.577726 0.036922654
58833.745093 24.529269 0.032906228
58833.745664 24.599895 0.035926598
58833.746226 24.515582 0.033941903
58833.746789 24.540631 0.032939791
58833.747358 24.564054 0.033954684
58833.747921 24.610621 0.032951691
58833.748478 24.533924 0.029958619
58833.749035 24.500301 0.027959208
58833.749599 24.495866 0.028958861
58833.750168 24.576594 0.033911373
58833.750733 24.597003 0.036905458
58833.751298 25.409945 0.088787971
0.0 0.0 0.0
58833.752416 24.573723 0.035919354
58833.752988 24.538122 0.03192295
58833.753539 24.504849 0.029901678
58833.7541 24.479841 0.029907408
58833.754655 24.52872 0.034936346
58833.75523 24.548655 0.029959675
58833.755803 24.566142 0.0319482
58833.756377 24.581178 0.034948851
58833.756948 24.55126 0.027973844
58833.757519 24.635777 0.03596765
58833.758074 24.509478 0.030971862
58833.758639 24.536602 0.035929473
58833.759204 24.540517 0.037936545
0.0 0.0 0.0
58833.760341 24.583767 0.035954381
58833.760921 24.576013 0.036963886
0.0 0.0 0.0
58833.76205 24.549165 0.036947657
58833.762618 24.530462 0.037946406
58833.763196 24.594341 0.035939676
58833.763771 24.527503 0.032970001
58833.764345 24.526099 0.033959029
58833.764904 24.575736 0.041941842
58833.765469 24.544348 0.03597326
58833.766035 24.564573 0.034970038
58833.766604 24.618222 0.039963835
58833.767179 24.520678 0.034961189
58833.767754 24.532592 0.032970392
58833.768337 24.54402 0.033959815
58833.768906 24.557685 0.033967561
58833.769468 24.521533 0.031963614
58833.770037 24.537735 0.036956982
58833.770609 24.611782 0.04096553
0.0 0.0 0.0
58833.77175 24.553449 0.038935823
0.0 0.0 0.0
0.0 0.0 0.0
58833.773436 24.481692 0.047864277
58833.774013 24.629113 0.058873154
58833.774581 24.555567 0.048912094
58833.775149 24.517987 0.047868742
58833.775718 24.526033 0.045904481
0.0 0.0 0.0
0.0 0.0 0.0
0.0 0.0 0.0
58833.777996 24.559622 0.040919607
0.0 0.0 0.0
0.0 0.0 0.0
58833.779701 24.53676 0.04789912
0.0 0.0 0.0
0.0 0.0 0.0
58833.781394 24.526402 0.050874575
0.0 0.0 0.0
58833.78252 24.584058 0.042934687
0.0 0.0 0.0
0.0 0.0 0.0
0.0 0.0 0.0
58833.784791 24.567988 0.042955029
58833.785359 24.559212 0.034956171
58833.785923 24.571698 0.031964973
58833.786499 24.626015 0.043951191
58833.787075 24.53574 0.041911964
58833.787657 24.601367 0.035965
58833.788243 24.576632 0.037953863
58833.788815 24.648161 0.040952417
58833.789431 24.601086 0.033969588
58833.789993 24.515909 0.030969779
58833.790558 24.565875 0.030975648
58833.791114 24.58766 0.036958125
58833.791692 24.593391 0.033969257
58833.792254 24.57192 0.030967027
58833.792819 24.559458 0.032954962
58833.793386 24.548672 0.030953915
58833.793945 24.558311 0.032963448
58833.794517 24.598519 0.03296507
58833.79508 24.577669 0.030959897
58833.795646 24.534767 0.029958178
58833.796225 24.574982 0.029968274
58833.79679 24.58997 0.029975132
58833.797352 24.582845 0.0279773
58833.797908 24.606271 0.028976427
58833.798484 24.584811 0.028976979
58833.799061 24.560853 0.027963373
58833.799624 24.583838 0.031970391
58833.800185 24.52859 0.029967417
58833.800756 24.555117 0.027972962
58833.801313 24.571041 0.029972532
58833.801876 24.58827 0.031961625
58833.802443 24.535148 0.030958083
58833.803031 24.574326 0.030977183
58833.803608 24.577708 0.028974379
58833.804175 24.638669 0.029979288
58833.804741 24.592864 0.031973672
58833.805316 24.591458 0.026983211
58833.805876 24.565019 0.029969911
58833.806445 24.596213 0.031981205
58833.807016 24.591239 0.034969727
58833.807582 24.632153 0.035966047
58833.80816 24.630208 0.033974978
58833.808724 24.567774 0.030975051
58833.809281 24.56504 0.030969906
58833.809857 24.541976 0.029973849
58833.810432 24.578055 0.031975901
58833.811002 24.669584 0.034977381
58833.81157 24.531547 0.032979144
58833.812141 24.601781 0.03098078
58833.81271 24.543178 0.029983002
58833.813283 24.553081 0.028978069
58833.81385 24.579564 0.028978178
58833.814425 24.567887 0.028982004
58833.81499 24.576683 0.027976786
58833.815567 24.59195 0.031978819
58833.816133 24.605066 0.031970652
58833.816698 24.580336 0.032976805
58833.817289 24.600299 0.031968634
58833.817864 24.604806 0.036963356
58833.818429 24.61178 0.034970988
58833.819011 24.590164 0.033966703
58833.819573 24.539431 0.029969259
58833.820146 24.533362 0.028951525
58833.82073 24.559618 0.029961811
58833.821295 24.557277 0.032969749
58833.821869 24.543362 0.032971139
58833.822431 24.539102 0.03397037
58833.822986 24.583775 0.038970421
58833.823546 24.560271 0.037967881
58833.824122 24.563107 0.036963373
58833.82469 24.581222 0.03897268
58833.82527 24.632515 0.047967777
58833.825842 24.606388 0.040964648
58833.826414 24.648459 0.040964006
58833.826987 24.572196 0.033968932
58833.827559 24.58013 0.035963763
58833.828123 24.571641 0.036974193
58833.828694 24.555932 0.033970056
58833.829263 24.527177 0.033965796
58833.829826 24.607238 0.035966457
58833.830398 24.547779 0.033962127
58833.830961 24.566658 0.031957879
58833.831526 24.585663 0.028973494
58833.832097 24.557062 0.03097316
58833.83267 24.557912 0.027974106
58833.833228 24.565185 0.032958652
58833.833798 24.571492 0.028968658
58833.834371 24.553107 0.031966367
58833.834936 24.609287 0.030969847
58833.83551 24.542777 0.028973647
58833.836083 24.543355 0.030972926
58833.836648 24.620041 0.035950953
58833.837231 24.559039 0.032952952
0.0 0.0 0.0
58833.83839 24.617468 0.032953606
0.0 0.0 0.0
58833.839512 24.515281 0.035963687
0.0 0.0 0.0
58833.840638 24.495916 0.033968896
58833.841214 24.569045 0.036968126
58833.841784 24.562735 0.03596601
58833.842354 24.56612 0.031972817
58833.842932 24.600486 0.035970153
58833.8435 24.536227 0.032965641
58833.844068 24.571937 0.033966949
58833.84464 24.569747 0.034966384
58833.845192 24.525445 0.039960085
58833.845764 24.559216 0.033977853
58833.846315 24.534848 0.028979688
58833.846882 24.621932 0.031979226
58833.847447 24.528973 0.038977565
58833.848017 24.503927 0.03596901
58833.848583 24.597016 0.04097331
58833.849139 24.540651 0.041960156
58833.849713 24.590882 0.038966731
58833.850286 24.590964 0.040973027
