HJD mag magerr
58833.526351 24.039489 0.063779802
0.0 0.0 0.0
58833.527497 24.03423 0.049871321
58833.528073 23.899472 0.047714236
0.0 0.0 0.0
58833.529223 23.974739 0.050458586
58833.529794 23.901112 0.049489548
58833.530369 23.995505 0.03672699
0.0 0.0 0.0
0.0 0.0 0.0
0.0 0.0 0.0
0.0 0.0 0.0
0.0 0.0 0.0
0.0 0.0 0.0
58833.534319 23.952526 0.026781001
0.0 0.0 0.0
0.0 0.0 0.0
58833.536022 23.9877 0.022937821
58833.536586 24.002785 0.019948289
0.0 0.0 0.0
0.0 0.0 0.0
0.0 0.0 0.0
58833.538843 24.027763 0.020951341
0.0 0.0 0.0
0.0 0.0 0.0
0.0 0.0 0.0
58833.54127 24.008729 0.019952517
0.0 0.0 0.0
0.0 0.0 0.0
0.0 0.0 0.0
58833.543507 24.034296 0.020967858
58833.544071 24.040947 0.017973892
0.0 0.0 0.0
0.0 0.0 0.0
0.0 0.0 0.0
58833.54634 24.037886 0.018974335
0.0 0.0 0.0
58833.547488 24.026653 0.017931519
0.0 0.0 0.0
0.0 0.0 0.0
58833.549203 23.996299 0.016966036
0.0 0.0 0.0
0.0 0.0 0.0
0.0 0.0 0.0
0.0 0.0 0.0
58833.552025 24.019451 0.020933304
0.0 0.0 0.0
58833.553172 24.066259 0.021941688
0.0 0.0 0.0
58833.554298 24.078329 0.017976531
0.0 0.0 0.0
58833.55542 24.059912 0.018975687
58833.556007 24.07237 0.0199849
58833.556565 24.08288 0.019982635
0.0 0.0 0.0
58833.557676 24.081954 0.022979214
0.0 0.0 0.0
58833.558811 24.11955 0.019965553
0.0 0.0 0.0
0.0 0.0 0.0
0.0 0.0 0.0
0.0 0.0 0.0
0.0 0.0 0.0
0.0 0.0 0.0
0.0 0.0 0.0
0.0 0.0 0.0
0.0 0.0 0.0
0.0 0.0 0.0
0.0 0.0 0.0
0.0 0.0 0.0
0.0 0.0 0.0
58833.566722 24.189842 0.020931987
0.0 0.0 0.0
0.0 0.0 0.0
0.0 0.0 0.0
0.0 0.0 0.0
0.0 0.0 0.0
0.0 0.0 0.0
0.0 0.0 0.0
0.0 0.0 0.0
0.0 0.0 0.0
58833.572322 24.139561 0.016980913
58833.572898 24.123522 0.017964902
0.0 0.0 0.0
58833.574037 24.179433 0.021917531
58833.574593 24.053669 0.018938106
58833.575159 24.095179 0.022624237
0.0 0.0 0.0
0.0 0.0 0.0
0.0 0.0 0.0
0.0 0.0 0.0
0.0 0.0 0.0
0.0 0.0 0.0
58833.579114 24.111853 0.018916096
58833.579688 24.108445 0.020923665
58833.580238 24.090017 0.020901716
58833.58081 24.116798 0.02188778
58833.581375 24.158753 0.021861276
58833.581944 24.215786 0.019939931
0.0 0.0 0.0
0.0 0.0 0.0
0.0 0.0 0.0
58833.584215 24.180345 0.021836977
58833.584762 24.090395 0.017915573
0.0 0.0 0.0
0.0 0.0 0.0
0.0 0.0 0.0
58833.587001 24.147054 0.020855203
0.0 0.0 0.0
58833.58814 24.128972 0.023828981
0.0 0.0 0.0
0.0 0.0 0.0
0.0 0.0 0.0
58833.590423 24.254907 0.025707717
58833.590994 24.192846 0.024834891
0.0 0.0 0.0
0.0 0.0 0.0
58833.592665 24.117567 0.028736435
0.0 0.0 0.0
58833.593796 24.174478 0.032812547
0.0 0.0 0.0
58833.59492 24.154824 0.030709272
58833.595528 24.221706 0.027778643
58833.596082 24.25126 0.025873759
58833.596665 24.195425 0.024879857
0.0 0.0 0.0
0.0 0.0 0.0
58833.59838 24.207062 0.020926447
58833.598947 24.22574 0.019942237
0.0 0.0 0.0
0.0 0.0 0.0
0.0 0.0 0.0
58833.601221 24.247432 0.020953996
0.0 0.0 0.0
0.0 0.0 0.0
0.0 0.0 0.0
58833.60349 24.25419 0.02781419
0.0 0.0 0.0
0.0 0.0 0.0
0.0 0.0 0.0
58833.605736 24.209308 0.025892197
0.0 0.0 0.0
0.0 0.0 0.0
0.0 0.0 0.0
0.0 0.0 0.0
58833.608554 24.276984 0.027855872
58833.609122 24.195663 0.0258817
58833.609691 24.195217 0.025868278
58833.61027 24.2092 0.023900009
0.0 0.0 0.0
0.0 0.0 0.0
58833.611993 24.20269 0.02287331
0.0 0.0 0.0
0.0 0.0 0.0
0.0 0.0 0.0
0.0 0.0 0.0
0.0 0.0 0.0
0.0 0.0 0.0
0.0 0.0 0.0
0.0 0.0 0.0
0.0 0.0 0.0
0.0 0.0 0.0
0.0 0.0 0.0
0.0 0.0 0.0
58833.619336 24.269893 0.022927607
0.0 0.0 0.0
0.0 0.0 0.0
0.0 0.0 0.0
58833.621643 24.181521 0.024848044
0.0 0.0 0.0
58833.622786 24.19737 0.027813161
0.0 0.0 0.0
0.0 0.0 0.0
0.0 0.0 0.0
0.0 0.0 0.0
0.0 0.0 0.0
0.0 0.0 0.0
0.0 0.0 0.0
58833.627345 24.240432 0.021956615
0.0 0.0 0.0
58833.628481 24.33222 0.021954549
0.0 0.0 0.0
0.0 0.0 0.0
58833.630194 24.239416 0.019962634
58833.630754 24.26289 0.019968738
0.0 0.0 0.0
0.0 0.0 0.0
58833.632476 24.224099 0.024847159
0.0 0.0 0.0
58833.633609 24.291744 0.025906492
0.0 0.0 0.0
58833.63477 24.256684 0.024863581
58833.63533 24.278027 0.022965107
0.0 0.0 0.0
0.0 0.0 0.0
58833.637031 24.240272 0.02388808
0.0 0.0 0.0
58833.638178 24.225045 0.023896857
0.0 0.0 0.0
58833.639317 24.273257 0.023957518
58833.639885 24.306047 0.020972416
0.0 0.0 0.0
0.0 0.0 0.0
0.0 0.0 0.0
0.0 0.0 0.0
0.0 0.0 0.0
0.0 0.0 0.0
0.0 0.0 0.0
0.0 0.0 0.0
58833.645038 24.289928 0.022963563
58833.645621 24.291406 0.022940685
0.0 0.0 0.0
0.0 0.0 0.0
58833.647352 24.283293 0.021973446
58833.647947 24.239551 0.023954324
0.0 0.0 0.0
58833.649091 24.255707 0.023940737
0.0 0.0 0.0
58833.650234 24.30029 0.021977071
58833.650812 24.246284 0.022967782
0.0 0.0 0.0
0.0 0.0 0.0
0.0 0.0 0.0
0.0 0.0 0.0
58833.653627 24.305177 0.02397526
0.0 0.0 0.0
0.0 0.0 0.0
0.0 0.0 0.0
0.0 0.0 0.0
0.0 0.0 0.0
58833.657018 24.299185 0.023973926
0.0 0.0 0.0
0.0 0.0 0.0
0.0 0.0 0.0
0.0 0.0 0.0
0.0 0.0 0.0
0.0 0.0 0.0
58833.660996 24.303106 0.023965012
0.0 0.0 0.0
0.0 0.0 0.0
0.0 0.0 0.0
0.0 0.0 0.0
0.0 0.0 0.0
58833.664399 24.282847 0.024959608
58833.664959 24.287707 0.025974752
58833.66553 24.299962 0.022979839
0.0 0.0 0.0
58833.666661 24.320486 0.022981214
58833.66724 24.331945 0.023983933
58833.667808 24.284685 0.024980049
0.0 0.0 0.0
0.0 0.0 0.0
0.0 0.0 0.0
58833.670105 24.283569 0.026966983
0.0 0.0 0.0
0.0 0.0 0.0
0.0 0.0 0.0
0.0 0.0 0.0
0.0 0.0 0.0
58833.6735 24.319619 0.026979507
58833.674063 24.350716 0.025977984
58833.674632 24.241002 0.024957679
0.0 0.0 0.0
0.0 0.0 0.0
0.0 0.0 0.0
0.0 0.0 0.0
58833.677484 24.288885 0.026957294
58833.678056 24.287143 0.029946722
58833.678616 24.187396 0.030853252
0.0 0.0 0.0
0.0 0.0 0.0
0.0 0.0 0.0
0.0 0.0 0.0
0.0 0.0 0.0
58833.68202 24.1876 0.0327625
58833.682591 24.195717 0.037702081
0.0 0.0 0.0
0.0 0.0 0.0
0.0 0.0 0.0
58833.684864 24.276506 0.030919674
58833.685427 24.309353 0.033921414
58833.686006 24.235008 0.033877878
58833.68663 24.312247 0.03194946
0.0 0.0 0.0
58833.687766 24.187449 0.027924591
0.0 0.0 0.0
58833.6889 24.275494 0.027963893
58833.689473 24.243437 0.029942348
0.0 0.0 0.0
0.0 0.0 0.0
0.0 0.0 0.0
0.0 0.0 0.0
0.0 0.0 0.0
58833.692912 24.194253 0.027920247
0.0 0.0 0.0
0.0 0.0 0.0
0.0 0.0 0.0
58833.695214 24.232061 0.028950309
0.0 0.0 0.0
58833.696709 24.251468 0.029946845
0.0 0.0 0.0
58833.697854 24.191097 0.02893386
0.0 0.0 0.0
58833.698997 24.277886 0.031952726
58833.699574 24.1905 0.029952199
58833.700162 24.267436 0.026969187
0.0 0.0 0.0
58833.701314 24.236881 0.027964678
0.0 0.0 0.0
0.0 0.0 0.0
0.0 0.0 0.0
58833.703569 24.208513 0.02796461
0.0 0.0 0.0
0.0 0.0 0.0
0.0 0.0 0.0
58833.705842 24.240052 0.030965551
58833.706416 24.198727 0.026954532
0.0 0.0 0.0
58833.70756 24.188896 0.027969105
58833.708139 24.193615 0.026972753
58833.708701 24.218068 0.026970806
0.0 0.0 0.0
0.0 0.0 0.0
58833.710398 24.135909 0.024959174
0.0 0.0 0.0
0.0 0.0 0.0
58833.712096 24.161525 0.025958142
0.0 0.0 0.0
0.0 0.0 0.0
0.0 0.0 0.0
0.0 0.0 0.0
58833.714942 24.170872 0.0259722
0.0 0.0 0.0
0.0 0.0 0.0
0.0 0.0 0.0
0.0 0.0 0.0
0.0 0.0 0.0
0.0 0.0 0.0
58833.718933 24.137998 0.025960012
0.0 0.0 0.0
58833.720081 24.126292 0.027930384
0.0 0.0 0.0
0.0 0.0 0.0
58833.721798 24.047531 0.025945398
0.0 0.0 0.0
58833.722938 24.106232 0.021974113
0.0 0.0 0.0
58833.724095 24.103759 0.018975994
0.0 0.0 0.0
0.0 0.0 0.0
58833.725794 24.074679 0.023955891
58833.726369 24.047347 0.025908681
58833.726949 24.005205 0.026865428
58833.727521 24.055825 0.024926135
58833.728085 24.052054 0.025939683
58833.728659 24.046605 0.025946149
58833.729226 24.035222 0.023953005
0.0 0.0 0.0
58833.730359 24.063033 0.022953275
0.0 0.0 0.0
0.0 0.0 0.0
0.0 0.0 0.0
0.0 0.0 0.0
58833.733194 24.013216 0.024925642
0.0 0.0 0.0
58833.734321 23.992664 0.025918167
58833.734879 24.004011 0.028893213
0.0 0.0 0.0
0.0 0.0 0.0
58833.736571 23.980127 0.031873659
0.0 0.0 0.0
0.0 0.0 0.0
0.0 0.0 0.0
58833.738823 23.961735 0.025882392
0.0 0.0 0.0
0.0 0.0 0.0
0.0 0.0 0.0
58833.741085 23.922569 0.029713691
0.0 0.0 0.0
0.0 0.0 0.0
0.0 0.0 0.0
0.0 0.0 0.0
0.0 0.0 0.0
58833.744526 23.96713 0.025873663
0.0 0.0 0.0
0.0 0.0 0.0
0.0 0.0 0.0
0.0 0.0 0.0
0.0 0.0 0.0
0.0 0.0 0.0
0.0 0.0 0.0
58833.749035 23.89771 0.020967448
58833.749599 23.909785 0.021967961
0.0 0.0 0.0
0.0 0.0 0.0
0.0 0.0 0.0
0.0 0.0 0.0
0.0 0.0 0.0
0.0 0.0 0.0
0.0 0.0 0.0
58833.7541 23.912353 0.020959602
0.0 0.0 0.0
0.0 0.0 0.0
0.0 0.0 0.0
0.0 0.0 0.0
0.0 0.0 0.0
0.0 0.0 0.0
0.0 0.0 0.0
58833.758639 23.89416 0.023944868
0.0 0.0 0.0
58833.759765 23.921794 0.025961749
0.0 0.0 0.0
58833.760921 23.916431 0.02496299
58833.761489 23.891757 0.029920498
0.0 0.0 0.0
0.0 0.0 0.0
58833.763196 23.907568 0.0229762
0.0 0.0 0.0
58833.764345 23.892417 0.022970976
0.0 0.0 0.0
0.0 0.0 0.0
0.0 0.0 0.0
58833.766604 23.878961 0.022968686
58833.767179 23.868137 0.023972818
0.0 0.0 0.0
0.0 0.0 0.0
0.0 0.0 0.0
58833.769468 23.861123 0.025960804
0.0 0.0 0.0
0.0 0.0 0.0
0.0 0.0 0.0
0.0 0.0 0.0
58833.772312 23.901739 0.026938639
58833.772873 23.848345 0.029893776
58833.773436 23.905035 0.033869236
58833.774013 23.825954 0.033793323
58833.774581 23.853785 0.030865697
58833.775149 23.83562 0.030915563
58833.775718 23.852117 0.030906633
0.0 0.0 0.0
0.0 0.0 0.0
0.0 0.0 0.0
0.0 0.0 0.0
58833.778564 23.865262 0.02694909
0.0 0.0 0.0
58833.779701 23.827958 0.028909224
0.0 0.0 0.0
0.0 0.0 0.0
0.0 0.0 0.0
0.0 0.0 0.0
58833.78252 23.849729 0.028934586
0.0 0.0 0.0
58833.783656 23.845248 0.026943631
0.0 0.0 0.0
0.0 0.0 0.0
58833.785359 23.846752 0.023963597
58833.785923 23.833362 0.022965401
58833.786499 23.855597 0.024966921
58833.787075 23.84619 0.025954114
58833.787657 23.845777 0.026965203
0.0 0.0 0.0
58833.788815 23.870073 0.023951998
0.0 0.0 0.0
0.0 0.0 0.0
0.0 0.0 0.0
0.0 0.0 0.0
0.0 0.0 0.0
0.0 0.0 0.0
0.0 0.0 0.0
0.0 0.0 0.0
58833.793945 23.875899 0.020974288
0.0 0.0 0.0
0.0 0.0 0.0
58833.795646 23.853478 0.017982004
0.0 0.0 0.0
0.0 0.0 0.0
0.0 0.0 0.0
0.0 0.0 0.0
58833.798484 23.848912 0.021978231
0.0 0.0 0.0
58833.799624 23.857527 0.019963608
0.0 0.0 0.0
58833.800756 23.902142 0.020974139
58833.801313 23.853915 0.019961324
58833.801876 23.838604 0.019972946
0.0 0.0 0.0
0.0 0.0 0.0
58833.803608 23.894697 0.019976319
0.0 0.0 0.0
58833.804741 23.913758 0.020984579
0.0 0.0 0.0
0.0 0.0 0.0
0.0 0.0 0.0
0.0 0.0 0.0
0.0 0.0 0.0
0.0 0.0 0.0
0.0 0.0 0.0
58833.809281 23.886332 0.019975054
58833.809857 23.890636 0.022979624
58833.810432 23.899111 0.022980815
58833.811002 23.900276 0.023977816
0.0 0.0 0.0
58833.812141 23.876975 0.018982908
0.0 0.0 0.0
58833.813283 23.843998 0.020978801
58833.81385 23.87919 0.020979031
58833.814425 23.861745 0.019982158
0.0 0.0 0.0
0.0 0.0 0.0
0.0 0.0 0.0
58833.816698 23.871067 0.01997869
58833.817289 23.881474 0.020960258
0.0 0.0 0.0
58833.818429 23.912801 0.021974883
0.0 0.0 0.0
0.0 0.0 0.0
0.0 0.0 0.0
0.0 0.0 0.0
0.0 0.0 0.0
58833.821869 23.886676 0.025975797
0.0 0.0 0.0
0.0 0.0 0.0
0.0 0.0 0.0
0.0 0.0 0.0
0.0 0.0 0.0
0.0 0.0 0.0
0.0 0.0 0.0
58833.826414 23.910842 0.0259642
0.0 0.0 0.0
0.0 0.0 0.0
0.0 0.0 0.0
0.0 0.0 0.0
0.0 0.0 0.0
0.0 0.0 0.0
0.0 0.0 0.0
0.0 0.0 0.0
0.0 0.0 0.0
0.0 0.0 0.0
0.0 0.0 0.0
0.0 0.0 0.0
58833.833798 23.905272 0.020969969
58833.834371 23.901602 0.023951929
0.0 0.0 0.0
0.0 0.0 0.0
0.0 0.0 0.0
0.0 0.0 0.0
58833.837231 23.91614 0.021969348
0.0 0.0 0.0
0.0 0.0 0.0
58833.838952 23.911781 0.02493889
58833.839512 23.900326 0.023967315
0.0 0.0 0.0
0.0 0.0 0.0
0.0 0.0 0.0
58833.841784 23.914422 0.022976031
0.0 0.0 0.0
0.0 0.0 0.0
0.0 0.0 0.0
0.0 0.0 0.0
0.0 0.0 0.0
0.0 0.0 0.0
0.0 0.0 0.0
58833.846315 23.929522 0.020979652
58833.846882 23.918482 0.020981289
58833.847447 23.906705 0.02597964
58833.848017 23.889829 0.023967639
58833.848583 23.970835 0.026974166
58833.849139 23.932966 0.025972061
58833.849713 23.94558 0.026963161
0.0 0.0 0.0
