HJD mag magerr
58833.526351 24.087413 0.066789962
58833.526938 23.998023 0.056633287
58833.527497 24.06557 0.055807231
58833.528073 23.933866 0.043782304
58833.52864 23.948131 0.034818993
58833.529223 23.898588 0.041654101
58833.529794 23.991849 0.045504322
58833.530369 24.009189 0.038747652
58833.530936 23.950434 0.03084253
58833.531508 24.018225 0.026906432
58833.532068 23.972007 0.024920004
58833.532639 23.960214 0.024870821
58833.533201 23.985594 0.023925125
58833.533765 23.962447 0.022927839
58833.534319 23.960428 0.027806893
58833.534878 24.010632 0.02289349
58833.535457 23.931851 0.021886299
58833.536022 24.012935 0.023880863
58833.536586 23.996396 0.02093145
58833.537148 24.004347 0.020933276
58833.537706 23.953032 0.021883756
58833.538275 23.986748 0.019943849
58833.538843 23.986214 0.018943706
58833.539403 24.002522 0.01993338
58833.539961 24.015412 0.019933667
58833.540691 24.043466 0.020957038
58833.54127 24.020376 0.020922267
58833.541834 24.00285 0.017959505
58833.542384 24.010256 0.020908761
58833.542946 23.978622 0.018938925
58833.543507 24.002517 0.016972266
58833.544071 23.991368 0.017968234
58833.544644 24.034423 0.017967122
58833.545206 23.957049 0.017948581
58833.545767 24.007516 0.019951599
58833.54634 24.040889 0.018934118
58833.546924 24.009141 0.018932885
58833.547488 24.00448 0.017940154
58833.548053 24.040624 0.018936824
58833.548633 24.053584 0.019942834
58833.549203 24.030786 0.015973059
58833.549779 24.035533 0.018955821
58833.550355 24.004271 0.018959527
58833.550911 24.049409 0.018966484
58833.551466 24.036434 0.018937234
58833.552025 24.047303 0.019888498
58833.552609 24.022994 0.019938048
58833.553172 24.057836 0.021920734
58833.553736 24.049704 0.018946066
58833.554298 24.03779 0.017966879
58833.554862 24.045714 0.019956104
58833.55542 24.046644 0.019972716
58833.556007 24.060244 0.019971377
58833.556565 24.066813 0.019976638
58833.557125 24.028296 0.01897204
58833.557676 24.042606 0.02197123
58833.558245 24.041257 0.019961337
58833.558811 24.031921 0.019956696
58833.559373 24.039779 0.018934842
58833.559928 24.045187 0.018910448
58833.560497 24.063081 0.023794795
58833.561052 24.009242 0.017939291
58833.561629 24.02238 0.019915463
58833.562183 24.068697 0.019936892
58833.562742 24.042572 0.01695637
58833.563315 24.084973 0.020935453
58833.563889 23.960025 0.01790581
58833.564461 24.116629 0.02474627
58833.565019 24.038987 0.014972274
58833.565576 24.059688 0.014990715
58833.566153 24.026975 0.01596607
58833.566722 24.052613 0.019943685
58833.56729 24.103615 0.020937247
58833.56785 23.99472 0.018915732
58833.568406 24.03792 0.016961795
58833.568961 24.047492 0.015976777
58833.569533 24.069391 0.015982887
58833.570095 24.069319 0.016974389
58833.57065 24.053255 0.017982219
58833.57121 24.039374 0.014985258
58833.571768 24.064676 0.016967248
58833.572322 24.074559 0.016977381
58833.572898 24.101512 0.020943534
58833.573468 24.109398 0.01693779
58833.574037 24.079169 0.018930961
58833.574593 24.073821 0.018939503
58833.575159 24.068832 0.022763794
58833.575726 24.092073 0.01985173
58833.576286 24.038496 0.017851551
58833.576839 24.061735 0.020856706
58833.577403 24.051275 0.018926211
58833.577964 24.084128 0.018951447
58833.578544 24.124468 0.018953624
58833.579114 24.090202 0.018930987
58833.579688 24.077533 0.018912663
58833.580238 24.075083 0.017928412
58833.58081 24.067673 0.017910239
58833.581375 24.041309 0.019885207
58833.581944 24.084335 0.019900912
58833.582509 24.127676 0.017949327
58833.58308 24.123399 0.020916225
58833.583647 24.071275 0.018905942
58833.584215 24.063407 0.019798235
58833.584762 24.153939 0.017903964
58833.585316 24.132081 0.018903401
58833.585886 24.103113 0.015953851
58833.586442 24.094635 0.018913269
58833.587001 24.093495 0.017944008
58833.587566 24.091282 0.023852837
58833.58814 24.090481 0.021893061
58833.588711 24.098225 0.016953589
58833.589285 24.1783 0.016962913
58833.589857 24.132776 0.016935154
58833.590423 24.125026 0.021794007
58833.590994 24.131898 0.019898742
58833.591559 24.204846 0.029629498
58833.592112 24.185255 0.028730746
58833.592665 24.106613 0.024800399
58833.593224 24.090924 0.028836311
58833.593796 24.100269 0.029800323
58833.594369 24.066141 0.034283263
58833.59492 24.188421 0.032560751
58833.595528 24.123873 0.021863533
58833.596082 24.096048 0.024825024
58833.596665 24.131283 0.024830886
58833.597231 24.112616 0.02386478
58833.597797 24.134698 0.020906837
58833.59838 24.117167 0.018934656
58833.598947 24.129146 0.018932951
58833.599512 24.099322 0.020918787
58833.60009 24.142638 0.021923038
58833.600655 24.120846 0.021944768
58833.601221 24.129153 0.020912431
58833.601788 24.110622 0.020937056
58833.602358 24.153246 0.019931519
58833.602926 24.135336 0.020924735
58833.60349 24.133081 0.025763643
58833.604047 24.11255 0.019924676
58833.604615 24.115177 0.022868416
58833.605171 24.113067 0.023887969
58833.605736 24.094439 0.02287394
58833.606292 24.127837 0.023886475
58833.606846 24.120868 0.022855623
58833.607409 24.106755 0.020886431
58833.607972 24.089629 0.02387817
58833.608554 24.133316 0.023858687
58833.609122 24.121265 0.022924515
58833.609691 24.126434 0.025769424
58833.61027 24.117722 0.020882564
58833.610843 24.094689 0.019898488
58833.611415 24.139209 0.020866222
58833.611993 24.153495 0.021846907
58833.612577 24.144919 0.018842724
58833.613137 24.073336 0.019871542
58833.613696 24.145912 0.02080722
58833.614278 24.186749 0.01987353
58833.614853 24.165479 0.020823587
58833.615407 24.134542 0.02282331
58833.615983 24.156712 0.020868345
58833.616534 24.146973 0.019904172
58833.617093 24.125453 0.023883033
58833.617655 24.114151 0.02092246
58833.618216 24.162189 0.021880881
58833.618781 24.124721 0.020950647
58833.619336 24.151076 0.019924879
58833.619908 24.129399 0.022897384
58833.620489 24.15598 0.019917833
58833.621073 24.136748 0.01894714
58833.621643 24.181223 0.022900531
58833.622212 24.148733 0.020914261
58833.622786 24.125695 0.023877499
58833.623339 24.135199 0.021896784
58833.623898 24.178894 0.024905536
58833.624467 24.131332 0.020931633
58833.625042 24.156523 0.019924056
58833.625625 24.181359 0.020923942
58833.626195 24.168655 0.018953674
58833.626758 24.137648 0.020927512
58833.627345 24.126658 0.019951109
58833.627901 24.17256 0.01895405
58833.628481 24.162433 0.017956166
58833.629058 24.163792 0.019949859
58833.629625 24.158997 0.01896978
58833.630194 24.177022 0.016971255
58833.630754 24.1513 0.020960839
58833.631339 24.233166 0.024837575
58833.631919 24.153773 0.024759306
58833.632476 24.180917 0.024860611
58833.633035 24.13981 0.020879657
58833.633609 24.181254 0.021893336
58833.634176 24.195526 0.029899764
58833.63477 24.184078 0.022910025
58833.63533 24.142738 0.019957285
58833.635896 24.164621 0.021919837
58833.636454 24.199252 0.019960582
58833.637031 24.132913 0.021920457
58833.637603 24.186825 0.020939781
58833.638178 24.156131 0.021935599
58833.638751 24.16711 0.020954439
58833.639317 24.17346 0.021946126
58833.639885 24.181591 0.020953271
58833.640451 24.200695 0.020979342
58833.641017 24.164301 0.018973001
58833.641587 24.199955 0.019956714
58833.642165 24.169137 0.020956531
58833.642733 24.179194 0.019958387
58833.643298 24.192374 0.020967751
58833.643881 24.162632 0.019965116
58833.644463 24.198079 0.017977384
58833.645038 24.175726 0.020959665
58833.645621 24.172893 0.020955296
58833.646196 24.159711 0.020928584
58833.646775 24.197866 0.019959237
58833.647352 24.163678 0.020958776
58833.647947 24.192105 0.023924991
58833.648518 24.197148 0.020975015
58833.649091 24.202846 0.019961794
58833.649661 24.212843 0.022956091
58833.650234 24.189837 0.023964769
58833.650812 24.209924 0.018974306
58833.651385 24.199243 0.019958074
58833.651942 24.191908 0.020954726
58833.652501 24.163518 0.021954911
58833.653051 24.189675 0.020975446
58833.653627 24.200886 0.020960892
58833.654196 24.208464 0.019968492
58833.654761 24.188654 0.018963394
58833.655332 24.182154 0.019973637
58833.655903 24.225449 0.019980446
58833.656459 24.22163 0.020978871
58833.657018 24.200707 0.018978762
58833.657575 24.17681 0.01898154
58833.658134 24.200983 0.020959996
58833.658729 24.22593 0.020970222
58833.659291 24.193441 0.020972809
58833.659866 24.213451 0.020978468
58833.660428 24.180471 0.022955573
58833.660996 24.185839 0.020970131
58833.661568 24.232395 0.022964544
58833.662129 24.193622 0.022941357
58833.662686 24.164109 0.024927089
58833.663254 24.200362 0.021972958
58833.663845 24.182235 0.024935918
58833.664399 24.187591 0.02295731
58833.664959 24.185526 0.02195967
58833.66553 24.203945 0.023968106
58833.666087 24.201956 0.019981678
58833.666661 24.216842 0.018983779
58833.66724 24.181308 0.020980911
58833.667808 24.178775 0.021974789
58833.668374 24.201521 0.020980442
58833.66894 24.199991 0.021976254
58833.669515 24.251546 0.020979831
58833.670105 24.208165 0.023968604
58833.670664 24.212635 0.023949266
58833.671231 24.269869 0.024953305
58833.671792 24.210844 0.024950524
58833.672357 24.214401 0.031943966
58833.672921 24.206203 0.023958798
58833.6735 24.196312 0.022969585
58833.674063 24.228546 0.022971083
58833.674632 24.167169 0.023945787
58833.675223 24.193542 0.023917914
58833.67579 24.181215 0.024936968
58833.67635 24.223389 0.02692133
58833.676916 24.221738 0.025950936
58833.677484 24.180169 0.023938097
58833.678056 24.249281 0.026932688
58833.678616 24.192548 0.037818521
58833.679182 24.23565 0.031880486
58833.679761 24.245567 0.033844167
58833.680323 24.260766 0.039644929
58833.680894 24.203445 0.030753111
58833.681455 24.254141 0.034838008
58833.68202 24.189332 0.031758284
58833.682591 24.205354 0.033745936
58833.683157 24.206865 0.030850651
58833.683728 24.188757 0.029860235
58833.68429 24.235046 0.031822704
58833.684864 24.148147 0.027894873
58833.685427 24.183331 0.028893565
58833.686006 24.169352 0.026874639
58833.68663 24.237941 0.027933679
58833.687197 24.209916 0.027931331
58833.687766 24.251791 0.029936231
58833.688335 24.233854 0.026944983
58833.6889 24.242378 0.030926498
58833.689473 24.255881 0.029919122
58833.690035 24.210314 0.02492729
58833.690606 24.220104 0.024941364
58833.691182 24.210303 0.027945531
58833.691769 24.196678 0.025918231
58833.692334 24.187291 0.024910174
58833.692912 24.207324 0.026890579
58833.693482 24.221449 0.024913503
58833.694055 24.166263 0.025921432
58833.694629 24.233445 0.025953686
58833.695214 24.233296 0.029927775
58833.695788 24.247451 0.026925351
58833.696709 24.211622 0.028903577
58833.697282 24.228082 0.03286951
58833.697854 24.237122 0.029907903
58833.698426 24.218803 0.029924326
58833.698997 24.18216 0.028907389
58833.699574 24.220208 0.027947685
58833.700162 24.226694 0.025955206
58833.700738 24.241367 0.026944897
58833.701314 24.23701 0.028951086
58833.701879 24.202078 0.034941104
58833.702433 24.224745 0.028965151
58833.702997 24.260949 0.025968797
58833.703569 24.251926 0.023971212
58833.704138 24.245742 0.025973736
58833.704693 24.211966 0.028963914
58833.705269 24.217203 0.025959577
58833.705842 24.212942 0.027951025
58833.706416 24.231821 0.029940027
58833.706995 24.230502 0.024975205
58833.70756 24.19762 0.0279571
58833.708139 24.269816 0.024961532
58833.708701 24.236114 0.025960738
58833.709269 24.230894 0.025962385
58833.709837 24.223755 0.024935033
58833.710398 24.2664 0.026956314
58833.710961 24.233957 0.028947469
58833.711531 24.250005 0.029937749
58833.712096 24.195269 0.027924009
58833.712678 24.258072 0.025958987
58833.713245 24.2053 0.027921741
58833.713811 24.23823 0.025952301
58833.71438 24.23247 0.023957458
58833.714942 24.241467 0.025947702
58833.715515 24.225338 0.02295718
58833.716099 24.264813 0.024976567
58833.716662 24.21988 0.025966133
58833.717217 24.235326 0.022967801
58833.717786 24.22141 0.024943063
58833.718352 24.224127 0.026935819
58833.718933 24.203238 0.026931783
58833.719515 24.203197 0.02395749
58833.720081 24.239267 0.025926246
58833.720652 24.266775 0.024946258
58833.721229 24.278636 0.025941076
58833.721798 24.244562 0.027936958
58833.722365 24.262008 0.023960421
58833.722938 24.254082 0.021962843
58833.723517 24.223897 0.021959964
58833.724095 24.236339 0.021965817
58833.724659 24.233744 0.026929673
58833.725228 24.240456 0.024944905
58833.725794 24.25966 0.02395854
58833.726369 24.236805 0.025904615
58833.726949 24.273579 0.026900718
58833.727521 24.223252 0.024875765
58833.728085 24.223619 0.023927432
58833.728659 24.246985 0.024951075
58833.729226 24.231915 0.026932253
58833.729803 24.24757 0.024957132
58833.730359 24.285449 0.026955391
58833.730924 24.238559 0.02396467
58833.731502 24.248493 0.025945945
58833.732059 24.251073 0.03091309
58833.732632 24.23352 0.025928406
58833.733194 24.256565 0.028934345
58833.733759 24.249023 0.029856006
58833.734321 24.272173 0.029885436
58833.734879 24.243348 0.031864607
58833.735444 24.275029 0.029825626
58833.736003 24.229754 0.034886962
58833.736571 24.274059 0.036809165
58833.737136 24.243872 0.033868915
58833.737691 24.258829 0.031866073
58833.738267 24.239132 0.034733095
58833.738823 24.269402 0.031865
58833.739382 24.284681 0.032847145
58833.739948 24.289753 0.034829096
58833.740522 24.196917 0.030800199
58833.741085 24.262518 0.037762661
58833.741647 24.238213 0.034871574
58833.742215 24.213954 0.027896548
58833.742788 24.242124 0.029806969
58833.743365 24.25815 0.031880067
58833.743953 24.305948 0.034867271
58833.744526 24.246177 0.029885399
58833.745093 24.253568 0.025919945
58833.745664 24.266588 0.028904386
58833.746226 24.248699 0.029910728
58833.746789 24.231247 0.025917964
58833.747358 24.232341 0.026936503
58833.747921 24.269081 0.025933406
58833.748478 24.250461 0.024954496
58833.749035 24.215869 0.023957564
58833.749599 24.270297 0.024957579
58833.750168 24.289538 0.028880602
58833.750733 24.221356 0.027886077
58833.751298 24.224754 0.028798022
58833.751854 24.253297 0.030870221
58833.752416 24.288665 0.028894389
58833.752988 24.248973 0.027909453
58833.753539 24.272543 0.026907799
58833.7541 24.223311 0.024926006
58833.754655 24.22309 0.024953929
58833.75523 24.219039 0.024956867
58833.755803 24.221683 0.026949141
58833.756377 24.247925 0.028945928
58833.756948 24.274512 0.024971814
58833.757519 24.237981 0.026959115
58833.758074 24.203562 0.027941431
58833.758639 24.223752 0.030859708
58833.759204 24.310837 0.033912177
58833.759765 24.247252 0.031936945
58833.760341 24.226167 0.027954684
58833.760921 24.233906 0.031944461
58833.761489 24.244661 0.033880537
58833.76205 24.28164 0.029943703
58833.762618 24.233978 0.031923163
58833.763196 24.281655 0.02795524
58833.763771 24.213694 0.026959824
58833.764345 24.269508 0.027958859
58833.764904 24.210378 0.024971496
58833.765469 24.267476 0.0259635
58833.766035 24.241232 0.027958732
58833.766604 24.245201 0.031938827
58833.767179 24.230261 0.030954757
58833.767754 24.274059 0.028965377
58833.768337 24.268754 0.026957534
58833.768906 24.242957 0.025959187
58833.769468 24.275041 0.02994863
58833.770037 24.279786 0.027953136
58833.770609 24.22796 0.029951779
58833.771176 24.197103 0.032898223
58833.77175 24.228626 0.034899645
58833.772312 24.269931 0.037850968
58833.772873 24.284019 0.038831688
58833.773436 24.229799 0.040816051
58833.774013 24.203723 0.042848808
58833.774581 24.166305 0.036878144
58833.775149 24.280299 0.040870928
58833.775718 24.231311 0.03687348
58833.776274 24.2549 0.036902507
58833.776849 24.214306 0.031929152
58833.777425 24.188516 0.033918401
58833.777996 24.27169 0.034879991
58833.778564 24.290248 0.03393165
58833.779126 24.242169 0.035915046
58833.779701 24.205292 0.03387691
58833.780275 24.245461 0.033905071
58833.780836 24.218502 0.036838969
58833.781394 24.286593 0.038875448
58833.781959 24.235262 0.032915547
58833.78252 24.207136 0.032928674
58833.783078 24.254584 0.033872677
58833.783656 24.205483 0.03190071
58833.784224 24.289347 0.035936458
58833.784791 24.226146 0.03090616
58833.785359 24.229372 0.033928193
58833.785923 24.206347 0.025952713
58833.786499 24.246731 0.032934553
58833.787075 24.24867 0.0349329
58833.787657 24.241218 0.029934695
58833.788243 24.211608 0.029942934
58833.788815 24.287263 0.031946255
58833.789431 24.220093 0.026936539
58833.789993 24.26975 0.030943264
58833.790558 24.245826 0.026955996
58833.791114 24.211988 0.029953984
58833.791692 24.26011 0.028973355
58833.792254 24.241774 0.025957805
58833.792819 24.224482 0.02296683
58833.793386 24.262627 0.025954767
58833.793945 24.219945 0.024948052
58833.794517 24.247897 0.026932736
58833.79508 24.253463 0.022969561
58833.795646 24.204228 0.022959757
58833.796225 24.24243 0.021969622
58833.79679 24.256802 0.024972655
58833.797352 24.267652 0.024968255
58833.797908 24.228814 0.024974633
58833.798484 24.269991 0.023975758
58833.799061 24.234286 0.022963751
58833.799624 24.259858 0.024962348
58833.800185 24.249535 0.025972664
58833.800756 24.22936 0.025972927
58833.801313 24.251771 0.024948814
58833.801876 24.22876 0.0229611
58833.802443 24.278383 0.023959913
58833.803031 24.236346 0.023970415
58833.803608 24.249948 0.023961277
58833.804175 24.280772 0.025973081
58833.804741 24.253972 0.023972201
58833.805316 24.256854 0.024966034
58833.805876 24.278923 0.027957736
58833.806445 24.290078 0.026975197
58833.807016 24.235948 0.026968886
58833.807582 24.229713 0.027942544
58833.80816 24.255424 0.02596273
58833.808724 24.257931 0.025960097
58833.809281 24.247185 0.024959492
58833.809857 24.265573 0.023971268
58833.810432 24.272519 0.023970085
58833.811002 24.241848 0.02497025
58833.81157 24.302137 0.029968592
58833.812141 24.235219 0.023969685
58833.81271 24.302093 0.025972753
58833.813283 24.249106 0.02497663
58833.81385 24.261011 0.020976808
58833.814425 24.24157 0.023973181
58833.81499 24.270004 0.024977396
58833.815567 24.255875 0.021972646
58833.816133 24.272927 0.021975337
58833.816698 24.309512 0.029970669
58833.817289 24.28356 0.022971882
58833.817864 24.28513 0.026961703
58833.818429 24.277979 0.027953914
58833.819011 24.255242 0.02795141
58833.819573 24.284917 0.025961552
58833.820146 24.298924 0.026954679
58833.82073 24.211026 0.02496019
58833.821295 24.245197 0.027964099
58833.821869 24.278547 0.027967987
58833.822431 24.266798 0.027960535
58833.822986 24.280094 0.030964202
58833.823546 24.282478 0.028941069
58833.824122 24.282867 0.030961566
58833.82469 24.234553 0.028960388
58833.82527 24.288914 0.035949806
58833.825842 24.22259 0.03095646
58833.826414 24.269266 0.030944698
58833.826987 24.289272 0.031924712
58833.827559 24.278601 0.026948966
58833.828123 24.235986 0.025973901
58833.828694 24.240096 0.025955538
58833.829263 24.232744 0.027961387
58833.829826 24.238156 0.024967775
58833.830398 24.271109 0.028933954
58833.830961 24.280797 0.026957972
58833.831526 24.270932 0.02296372
58833.832097 24.290011 0.024963847
58833.83267 24.27141 0.023963929
58833.833228 24.263434 0.025960783
58833.833798 24.230835 0.023964362
58833.834371 24.258412 0.029940888
58833.834936 24.244959 0.022966007
58833.83551 24.304596 0.024967398
58833.836083 24.269392 0.025957097
58833.836648 24.227843 0.028934522
58833.837231 24.245534 0.026951559
58833.837806 24.249363 0.029938166
58833.83839 24.28304 0.025940362
58833.838952 24.208831 0.028911049
58833.839512 24.279928 0.027947221
58833.840078 24.24682 0.029949341
58833.840638 24.272128 0.028927556
58833.841214 24.272867 0.029947914
58833.841784 24.31851 0.026961633
58833.842354 24.253072 0.027961858
58833.842932 24.246282 0.02995059
58833.8435 24.267364 0.02896249
58833.844068 24.250753 0.028950558
58833.84464 24.302958 0.030925229
58833.845192 24.260599 0.030954966
58833.845764 24.224793 0.024967668
58833.846315 24.233938 0.02597425
58833.846882 24.267167 0.027965049
58833.847447 24.238537 0.026969722
58833.848017 24.221232 0.028967864
58833.848583 24.273616 0.030957325
58833.849139 24.238814 0.032954834
58833.849713 24.274678 0.029956226
58833.850286 24.24813 0.029968729
