HJD mag magerr
58833.526351 24.47053 0.096776221
58833.526938 24.364369 0.079637972
58833.527497 24.347691 0.067830776
58833.528073 24.212487 0.057693218
58833.52864 24.209482 0.043836455
58833.529223 24.241811 0.057623952
58833.529794 24.316158 0.061625289
58833.530369 24.341823 0.047765726
58833.530936 24.319031 0.038904029
58833.531508 24.316471 0.03489579
58833.532068 24.329108 0.030913063
58833.532639 24.320549 0.03290178
58833.533201 24.269663 0.029938121
58833.533765 24.298383 0.028943383
58833.534319 24.282642 0.034743779
58833.534878 24.190599 0.028825119
58833.535457 24.208559 0.029844773
58833.536022 24.351126 0.02993125
58833.536586 24.300358 0.024948739
58833.537148 24.367252 0.026942365
58833.537706 24.280356 0.028893098
58833.538275 24.28661 0.023935058
58833.538843 24.28818 0.023938441
58833.539403 24.305106 0.022939584
58833.539961 24.354315 0.02494864
58833.540691 24.326745 0.021967825
58833.54127 24.316259 0.023936152
58833.541834 24.309391 0.021951976
58833.542384 24.352006 0.023947227
58833.542946 24.301841 0.023941429
58833.543507 24.277959 0.02195804
58833.544071 24.290739 0.018976428
58833.544644 24.295962 0.019970208
58833.545206 24.27049 0.020948465
58833.545767 24.317124 0.022957585
58833.54634 24.329443 0.02096825
58833.546924 24.314703 0.020953748
58833.547488 24.322297 0.021947538
58833.548053 24.338412 0.019954405
58833.548633 24.281975 0.02096864
58833.549203 24.288682 0.019964992
58833.549779 24.310018 0.019963443
58833.550355 24.267411 0.021949983
58833.550911 24.28081 0.022940093
58833.551466 24.273793 0.020949759
58833.552025 24.36648 0.024924075
58833.552609 24.290588 0.025922883
58833.553172 24.364958 0.023952245
58833.553736 24.281925 0.018962474
58833.554298 24.282185 0.020970828
58833.554862 24.298157 0.020969624
58833.55542 24.326631 0.020980751
58833.556007 24.292579 0.021983621
58833.556565 24.310006 0.02198191
58833.557125 24.269076 0.020977942
58833.557676 24.290059 0.022982629
58833.558245 24.253408 0.020969504
58833.558811 24.290491 0.024951425
58833.559373 24.261237 0.022944828
58833.559928 24.314963 0.023882789
58833.560497 24.317557 0.029819152
58833.561052 24.311311 0.020924282
58833.561629 24.277233 0.026915057
58833.562183 24.325503 0.021952227
58833.562742 24.274149 0.020956479
58833.563315 24.236017 0.021957058
58833.563889 24.233797 0.022861896
58833.564461 24.348277 0.02678735
58833.565019 24.246862 0.016975923
58833.565576 24.269639 0.015991726
58833.566153 24.235409 0.018951352
58833.566722 24.277002 0.020952628
58833.56729 24.331705 0.020950693
58833.56785 24.290882 0.020926024
58833.568406 24.28975 0.016982248
58833.568961 24.29512 0.017980288
58833.569533 24.288144 0.018984395
58833.570095 24.256323 0.017977492
58833.57065 24.307482 0.018986719
58833.57121 24.288783 0.018977868
58833.571768 24.289466 0.018979412
58833.572322 24.281543 0.017974903
58833.572898 24.299464 0.018967318
58833.573468 24.299253 0.022873526
58833.574037 24.220161 0.020916301
58833.574593 24.355075 0.022919053
58833.575159 24.234527 0.026757714
58833.575726 24.330156 0.023827311
58833.576286 24.276468 0.02287254
58833.576839 24.389331 0.021893687
58833.577403 24.355476 0.020959957
58833.577964 24.294116 0.01996542
58833.578544 24.258771 0.020945209
58833.579114 24.29974 0.018965543
58833.579688 24.33622 0.022927886
58833.580238 24.27779 0.021919824
58833.58081 24.31325 0.020934955
58833.581375 24.384214 0.023830512
58833.581944 24.376095 0.021921282
58833.582509 24.332521 0.019956178
58833.58308 24.292605 0.02391902
58833.583647 24.303991 0.024884429
58833.584215 24.244536 0.024819026
58833.584762 24.285412 0.020915628
58833.585316 24.238013 0.020891943
58833.585886 24.302191 0.018938239
58833.586442 24.282513 0.020943464
58833.587001 24.28695 0.021930205
58833.587566 24.336813 0.025884939
58833.58814 24.38433 0.025904545
58833.588711 24.327299 0.018975047
58833.589285 24.326694 0.016968045
58833.589857 24.276737 0.021811901
58833.590423 24.355982 0.027793451
58833.590994 24.230091 0.021845047
58833.591559 24.29176 0.031762238
58833.592112 24.381018 0.030781422
58833.592665 24.279098 0.032759186
58833.593224 24.33208 0.030834553
58833.593796 24.235419 0.033845404
58833.594369 24.328698 0.040565251
58833.59492 24.267219 0.031781372
58833.595528 24.314224 0.028811516
58833.596082 24.318575 0.027877495
58833.596665 24.365704 0.028876511
58833.597231 24.32238 0.026851346
58833.597797 24.270239 0.024919597
58833.59838 24.27278 0.019958474
58833.598947 24.257714 0.019947742
58833.599512 24.295178 0.02292869
58833.60009 24.225975 0.020950399
58833.600655 24.282684 0.021954039
58833.601221 24.369339 0.022932011
58833.601788 24.330407 0.022954043
58833.602358 24.369453 0.022941371
58833.602926 24.333916 0.026906481
58833.60349 24.270357 0.02982937
58833.604047 24.317782 0.02193602
58833.604615 24.340309 0.024899856
58833.605171 24.270501 0.027847906
58833.605736 24.330664 0.026899522
58833.606292 24.31407 0.026900232
58833.606846 24.326861 0.025879656
58833.607409 24.298398 0.026893187
58833.607972 24.319683 0.024921806
58833.608554 24.347251 0.029862898
58833.609122 24.317471 0.024910879
58833.609691 24.344722 0.026855194
58833.61027 24.316504 0.023907093
58833.610843 24.347318 0.024902228
58833.611415 24.326823 0.023888606
58833.611993 24.334245 0.024871406
58833.612577 24.336765 0.021872359
58833.613137 24.26327 0.0238744
58833.613696 24.296876 0.022858476
58833.614278 24.353413 0.023891421
58833.614853 24.32918 0.023830629
58833.615407 24.330039 0.02585984
58833.615983 24.297102 0.023887077
58833.616534 24.260609 0.020920391
58833.617093 24.274776 0.025905779
58833.617655 24.301365 0.023934946
58833.618216 24.356158 0.023940834
58833.618781 24.301051 0.024945919
58833.619336 24.314107 0.024935988
58833.619908 24.335643 0.026924406
58833.620489 24.301676 0.021934624
58833.621073 24.278969 0.021943442
58833.621643 24.308754 0.024915349
58833.622212 24.310297 0.023926016
58833.622786 24.28756 0.025892638
58833.623339 24.301186 0.022937885
58833.623898 24.340107 0.025920165
58833.624467 24.261081 0.022942307
58833.625042 24.272671 0.02293238
58833.625625 24.312512 0.02194038
58833.626195 24.30523 0.023947862
58833.626758 24.283993 0.024902982
58833.627345 24.274094 0.020963181
58833.627901 24.319396 0.022961715
58833.628481 24.291126 0.021963379
58833.629058 24.272234 0.020960797
58833.629625 24.306466 0.022963042
58833.630194 24.30645 0.021964378
58833.630754 24.283832 0.021969602
58833.631339 24.400284 0.025913319
58833.631919 24.29274 0.025826174
58833.632476 24.331231 0.029846713
58833.633035 24.360575 0.025897014
58833.633609 24.327341 0.025886663
58833.634176 24.324541 0.030929434
58833.63477 24.262264 0.024915297
58833.63533 24.282054 0.022954113
58833.635896 24.312396 0.024928362
58833.636454 24.279415 0.018970597
58833.637031 24.26356 0.024899504
58833.637603 24.303952 0.02194739
58833.638178 24.299964 0.023910914
58833.638751 24.268869 0.01996509
58833.639317 24.301339 0.020962143
58833.639885 24.269243 0.020965512
58833.640451 24.305156 0.020981522
58833.641017 24.297963 0.019979715
58833.641587 24.331745 0.023963177
58833.642165 24.290389 0.021968973
58833.642733 24.289535 0.021967412
58833.643298 24.248726 0.02296221
58833.643881 24.271198 0.021951595
58833.644463 24.283944 0.01898201
58833.645038 24.259646 0.020969819
58833.645621 24.289913 0.023947463
58833.646196 24.285449 0.023949189
58833.646775 24.292225 0.022966408
58833.647352 24.287081 0.022969853
58833.647947 24.278575 0.023943231
58833.648518 24.288991 0.02198225
58833.649091 24.27876 0.021971683
58833.649661 24.313211 0.020979749
58833.650234 24.283044 0.021979222
58833.650812 24.29617 0.021973037
58833.651385 24.313476 0.022966439
58833.651942 24.292682 0.0219675
58833.652501 24.276075 0.019978572
58833.653051 24.286797 0.021982192
58833.653627 24.271309 0.019979686
58833.654196 24.305232 0.023963333
58833.654761 24.292452 0.020971393
58833.655332 24.254961 0.020978701
58833.655903 24.290097 0.022980865
58833.656459 24.310215 0.020981873
58833.657018 24.269974 0.019984913
58833.657575 24.322597 0.021984916
58833.658134 24.313494 0.019979117
58833.658729 24.299839 0.022967606
58833.659291 24.293365 0.022971908
58833.659866 24.288443 0.019984646
58833.660428 24.278716 0.021968483
58833.660996 24.287136 0.022969783
58833.661568 24.316383 0.023968914
58833.662129 24.26432 0.023951934
58833.662686 24.237034 0.027945801
58833.663254 24.297282 0.022980314
58833.663845 24.276097 0.027925246
58833.664399 24.308428 0.023965233
58833.664959 24.300006 0.023980161
58833.66553 24.264909 0.024975019
58833.666087 24.282154 0.023982218
58833.666661 24.267857 0.022983316
58833.66724 24.310531 0.020987169
58833.667808 24.291138 0.021984763
58833.668374 24.301282 0.022981923
58833.66894 24.282607 0.022976668
58833.669515 24.307946 0.02697284
58833.670105 24.291817 0.026965866
58833.670664 24.285058 0.023965233
58833.671231 24.285626 0.024969487
58833.671792 24.33135 0.0269642
58833.672357 24.285731 0.025965032
58833.672921 24.300806 0.024963064
58833.6735 24.31479 0.023977956
58833.674063 24.296885 0.02398085
58833.674632 24.291181 0.023963995
58833.675223 24.263853 0.026914354
58833.67579 24.283046 0.02695422
58833.67635 24.318708 0.027945953
58833.676916 24.295602 0.025966051
58833.677484 24.235078 0.028958714
58833.678056 24.308326 0.028953829
58833.678616 24.314313 0.034861057
58833.679182 24.309866 0.033877123
58833.679761 24.312068 0.035809439
58833.680323 24.259778 0.041609971
58833.680894 24.258127 0.034813285
58833.681455 24.353421 0.037690412
58833.68202 24.304062 0.036794406
58833.682591 24.285783 0.036792605
0.0 0.0 0.0
58833.683728 24.314361 0.033875109
58833.68429 24.397165 0.040781844
58833.684864 24.31157 0.031927506
58833.685427 24.28843 0.029921615
58833.686006 24.316672 0.032893951
58833.68663 24.214072 0.027953165
58833.687197 24.275917 0.025968232
58833.687766 24.255865 0.030956033
58833.688335 24.33583 0.029964021
58833.6889 24.343052 0.029952408
58833.689473 24.291705 0.027948217
58833.690035 24.27434 0.029946572
58833.690606 24.272335 0.02792592
58833.691182 24.325973 0.026957429
58833.691769 24.312629 0.025939527
58833.692334 24.309904 0.031897647
58833.692912 24.291743 0.030923951
58833.693482 24.298104 0.026940117
58833.694055 24.266574 0.026942203
58833.694629 24.307396 0.028962617
58833.695214 24.301842 0.028955757
58833.695788 24.339517 0.030949247
58833.696709 24.331645 0.029950778
58833.697282 24.314398 0.034913057
58833.697854 24.348369 0.029932745
58833.698426 24.281278 0.030949668
58833.698997 24.30582 0.033935926
58833.699574 24.264425 0.026968134
58833.700162 24.255895 0.026972032
58833.700738 24.315507 0.030959974
58833.701314 24.311078 0.028960208
58833.701879 24.268265 0.036963075
58833.702433 24.31289 0.033975355
58833.702997 24.23144 0.02497948
58833.703569 24.273664 0.027966879
58833.704138 24.314686 0.026982165
58833.704693 24.284688 0.028976859
58833.705269 24.274417 0.028967371
58833.705842 24.283254 0.029956329
58833.706416 24.336428 0.030945826
58833.706995 24.252402 0.027975914
58833.70756 24.270938 0.027961931
58833.708139 24.274491 0.025964984
58833.708701 24.284495 0.02697201
58833.709269 24.320633 0.028971924
58833.709837 24.288789 0.027969806
58833.710398 24.32638 0.029972582
58833.710961 24.273016 0.031939823
58833.711531 24.329672 0.027960164
58833.712096 24.292712 0.030955938
58833.712678 24.281018 0.028953292
58833.713245 24.283455 0.028962147
58833.713811 24.272722 0.02496464
58833.71438 24.262767 0.026970974
58833.714942 24.288823 0.025965618
58833.715515 24.262451 0.025963926
58833.716099 24.278938 0.025976153
58833.716662 24.24826 0.024977886
58833.717217 24.315437 0.024975306
58833.717786 24.30314 0.026963031
58833.718352 24.311428 0.028956039
58833.718933 24.315253 0.026962953
58833.719515 24.313934 0.030959054
58833.720081 24.286775 0.024952131
58833.720652 24.324531 0.027962898
58833.721229 24.270106 0.027951561
58833.721798 24.303663 0.028951968
58833.722365 24.286522 0.025959457
58833.722938 24.323862 0.025975224
58833.723517 24.268107 0.024961108
58833.724095 24.295346 0.02596651
58833.724659 24.256969 0.023964528
58833.725228 24.274046 0.024964442
58833.725794 24.310592 0.026965009
58833.726369 24.291539 0.026947069
58833.726949 24.338816 0.030928066
58833.727521 24.221465 0.028894772
58833.728085 24.267294 0.028914059
58833.728659 24.281422 0.027948763
58833.729226 24.280184 0.027950714
58833.729803 24.271707 0.026965109
58833.730359 24.325827 0.02895348
58833.730924 24.316376 0.025965632
58833.731502 24.324765 0.028962363
58833.732059 24.343195 0.032902391
58833.732632 24.312078 0.028944618
58833.733194 24.315294 0.030920964
58833.733759 24.377312 0.031881241
58833.734321 24.29938 0.032915239
58833.734879 24.331405 0.035896658
58833.735444 24.327002 0.032852996
58833.736003 24.300905 0.03686794
58833.736571 24.288995 0.037861907
58833.737136 24.228331 0.034865743
58833.737691 24.304215 0.033905839
58833.738267 24.262155 0.03778847
58833.738823 24.304478 0.032885236
58833.739382 24.274661 0.03190404
58833.739948 24.322141 0.034845424
58833.740522 24.298676 0.034851144
58833.741085 24.268013 0.037816918
58833.741647 24.362985 0.03490461
58833.742215 24.300462 0.031926018
58833.742788 24.313168 0.032845304
58833.743365 24.263601 0.031902719
58833.743953 24.300901 0.038889388
58833.744526 24.333866 0.029915865
58833.745093 24.282364 0.028942962
58833.745664 24.301042 0.029928359
58833.746226 24.297645 0.029938894
58833.746789 24.31557 0.027939214
58833.747358 24.244197 0.024956648
58833.747921 24.258401 0.026950754
58833.748478 24.296116 0.028956455
58833.749035 24.320673 0.026956035
58833.749599 24.286103 0.026953425
58833.750168 24.289929 0.02790871
58833.750733 24.286113 0.030915064
58833.751298 24.272276 0.027874484
58833.751854 24.321386 0.032879334
58833.752416 24.28066 0.030918792
58833.752988 24.304721 0.027925558
58833.753539 24.255555 0.026934306
58833.7541 24.291362 0.025942497
58833.754655 24.294921 0.025956002
58833.75523 24.279602 0.027969855
58833.755803 24.281855 0.028945666
58833.756377 24.248723 0.030946726
58833.756948 24.312087 0.027970221
58833.757519 24.307533 0.028973792
58833.758074 24.24398 0.026969858
58833.758639 24.26577 0.029929157
58833.759204 24.292133 0.032916096
58833.759765 24.26619 0.030961927
58833.760341 24.249615 0.03096263
58833.760921 24.253986 0.026964415
58833.761489 24.283286 0.03792774
58833.76205 24.276483 0.029964737
58833.762618 24.309201 0.029950332
58833.763196 24.286057 0.028960218
58833.763771 24.293022 0.027976951
58833.764345 24.335603 0.030969614
58833.764904 24.307893 0.027975426
58833.765469 24.259312 0.02798231
58833.766035 24.272131 0.028973083
58833.766604 24.288671 0.030955101
58833.767179 24.31738 0.029976816
58833.767754 24.288632 0.030975904
58833.768337 24.311404 0.028969144
58833.768906 24.317918 0.031971708
58833.769468 24.256529 0.031950969
58833.770037 24.288422 0.029966499
58833.770609 24.287825 0.032958838
58833.771176 24.265925 0.034907106
58833.77175 24.311076 0.039927264
58833.772312 24.288939 0.036907003
58833.772873 24.315537 0.039886076
58833.773436 24.256303 0.043854261
58833.774013 24.333867 0.047870012
58833.774581 24.298715 0.038912495
58833.775149 24.374998 0.040908489
58833.775718 24.293909 0.039911201
58833.776274 24.294038 0.0359389
58833.776849 24.389057 0.041949661
58833.777425 24.253847 0.041946253
58833.777996 24.332741 0.037925426
58833.778564 24.256326 0.031947687
58833.779126 24.306707 0.036933091
58833.779701 24.226778 0.034932271
58833.780275 24.33985 0.035942872
58833.780836 24.312341 0.040861678
58833.781394 24.254769 0.041861482
58833.781959 24.307458 0.034938076
58833.78252 24.272264 0.033950054
58833.783078 24.223785 0.033905228
58833.783656 24.311156 0.034920926
58833.784224 24.285012 0.034951592
58833.784791 24.273306 0.032955106
58833.785359 24.314004 0.030960104
58833.785923 24.264628 0.026969019
58833.786499 24.283831 0.032953434
58833.787075 24.329068 0.02995973
58833.787657 24.297198 0.032959256
58833.788243 24.269721 0.033955311
58833.788815 24.238933 0.030965953
58833.789431 24.261514 0.028972135
58833.789993 24.277417 0.030963737
58833.790558 24.260982 0.027977118
58833.791114 24.256164 0.028957472
58833.791692 24.306897 0.027973188
58833.792254 24.285581 0.028955894
58833.792819 24.290833 0.02696854
58833.793386 24.291455 0.026958363
58833.793945 24.304093 0.028964882
58833.794517 24.295386 0.024969937
58833.79508 24.317886 0.024969719
58833.795646 24.258754 0.02497291
58833.796225 24.240031 0.022968902
58833.79679 24.283476 0.026980326
58833.797352 24.259531 0.024984819
58833.797908 24.297146 0.024979419
58833.798484 24.289769 0.024981305
58833.799061 24.267372 0.023977605
58833.799624 24.254874 0.024974853
58833.800185 24.290612 0.025978386
58833.800756 24.277068 0.025964581
58833.801313 24.283553 0.022973187
58833.801876 24.318271 0.026973214
58833.802443 24.260146 0.026958911
58833.803031 24.281664 0.026981455
58833.803608 24.324334 0.025974684
58833.804175 24.262387 0.02298282
58833.804741 24.290795 0.024981413
58833.805316 24.277149 0.025979892
58833.805876 24.237965 0.027973439
58833.806445 24.250835 0.025984075
58833.807016 24.284953 0.025979822
58833.807582 24.299892 0.027965789
58833.80816 24.252959 0.028978516
58833.808724 24.29494 0.027980158
58833.809281 24.320144 0.025975744
58833.809857 24.300317 0.026980196
58833.810432 24.310755 0.030972625
58833.811002 24.270498 0.02897785
58833.81157 24.298395 0.027981868
58833.812141 24.290664 0.025982044
58833.81271 24.317707 0.025983654
58833.813283 24.286615 0.023985957
58833.81385 24.256507 0.021985579
58833.814425 24.284265 0.02198499
58833.81499 24.273429 0.022985198
58833.815567 24.303158 0.030980361
58833.816133 24.288119 0.028979294
58833.816698 24.288732 0.026960946
58833.817289 24.24623 0.025973166
58833.817864 24.257363 0.026968825
58833.818429 24.313026 0.026969489
58833.819011 24.319136 0.02696964
58833.819573 24.329566 0.027977369
58833.820146 24.284471 0.026965361
58833.82073 24.290103 0.023973609
58833.821295 24.307151 0.026972426
58833.821869 24.314015 0.030971597
58833.822431 24.23111 0.027978791
58833.822986 24.248106 0.026980329
58833.823546 24.272628 0.028964399
58833.824122 24.231359 0.030961909
58833.82469 24.271948 0.03397569
58833.82527 24.275687 0.035977957
58833.825842 24.261587 0.030974691
58833.826414 24.247518 0.02996221
58833.826987 24.299379 0.033962322
58833.827559 24.28279 0.030968156
58833.828123 24.335659 0.030974445
58833.828694 24.293104 0.029959554
58833.829263 24.294181 0.027968486
58833.829826 24.32132 0.028957898
58833.830398 24.240839 0.028968113
58833.830961 24.263293 0.026970219
58833.831526 24.273866 0.025960702
58833.832097 24.308163 0.026975713
58833.83267 24.24502 0.021972361
58833.833228 24.237546 0.025970708
58833.833798 24.288882 0.023977796
58833.834371 24.234165 0.027958506
58833.834936 24.279483 0.021978426
58833.83551 24.288528 0.025974464
58833.836083 24.297627 0.027972354
58833.836648 24.257627 0.025974774
58833.837231 24.266963 0.026974191
58833.837806 24.332311 0.030941121
58833.83839 24.251443 0.027956373
58833.838952 24.331589 0.033939128
58833.839512 24.289446 0.02896766
58833.840078 24.249227 0.029958566
58833.840638 24.259864 0.026971314
58833.841214 24.290631 0.031968977
58833.841784 24.298092 0.026977512
58833.842354 24.371781 0.029973553
58833.842932 24.252663 0.026971688
58833.8435 24.288422 0.028973887
58833.844068 24.328738 0.028975098
58833.84464 24.323457 0.028973649
58833.845192 24.297928 0.027978689
58833.845764 24.274165 0.025980905
58833.846315 24.297884 0.031979823
58833.846882 24.312146 0.027983536
58833.847447 24.28173 0.033971045
58833.848017 24.273924 0.033978901
58833.848583 24.25753 0.032973283
58833.849139 24.237923 0.03297605
58833.849713 24.295477 0.031965268
58833.850286 24.312412 0.03397928
