HJD mag magerr
58833.526351 23.998413 0.062791027
58833.526938 23.920023 0.051636067
58833.527497 23.92257 0.045812459
58833.528073 23.909866 0.044781777
58833.52864 24.002131 0.036817492
58833.529223 23.947588 0.041654101
58833.529794 23.961849 0.045504322
58833.530369 23.973189 0.03674948
58833.530936 23.961434 0.03084253
58833.531508 23.903225 0.025907551
58833.532068 23.961007 0.023921206
58833.532639 23.937214 0.025869422
58833.533201 23.911594 0.023925125
58833.533765 23.929447 0.022927839
58833.534319 23.984428 0.025810421
58833.534878 23.977632 0.02289349
58833.535457 23.926851 0.022884021
58833.536022 23.967935 0.023880863
58833.536586 23.934396 0.02093145
58833.537148 23.940347 0.019935031
58833.537706 23.953032 0.021883756
58833.538275 23.933748 0.018945595
58833.538843 23.916214 0.018943706
58833.539403 23.924522 0.01993338
58833.539961 23.923412 0.018935352
58833.540691 23.926466 0.017960975
58833.54127 23.932376 0.018925864
58833.541834 23.93885 0.017959505
58833.542384 23.950256 0.019910717
58833.542946 23.962622 0.017940804
58833.543507 23.930517 0.016972266
58833.544071 23.951368 0.016969687
58833.544644 23.940423 0.015970431
58833.545206 23.958049 0.017948581
58833.545767 23.931516 0.017954269
58833.54634 23.910889 0.017936147
58833.546924 23.970141 0.018932885
58833.547488 23.92048 0.016942907
58833.548053 23.911624 0.017939193
58833.548633 23.878584 0.016949136
58833.549203 23.926786 0.016971416
58833.549779 23.933533 0.016958798
58833.550355 23.936271 0.017961038
58833.550911 23.945409 0.01696921
58833.551466 23.947434 0.016941482
58833.552025 23.899303 0.017896089
58833.552609 23.938994 0.018939977
58833.553172 23.934836 0.018926918
58833.553736 23.929704 0.016949708
58833.554298 23.93279 0.016968394
58833.554862 23.923714 0.017959055
58833.55542 23.893644 0.017974824
58833.556007 23.950244 0.017973296
58833.556565 23.946813 0.019976638
58833.557125 23.914296 0.01897204
58833.557676 23.910606 0.01897381
58833.558245 23.917257 0.017963934
58833.558811 23.986921 0.017959607
58833.559373 23.923779 0.017937287
58833.559928 23.976187 0.018910448
58833.560497 24.001081 0.022798372
58833.561052 23.953242 0.017939291
58833.561629 23.91838 0.020913171
58833.562183 23.940697 0.017941149
58833.562742 23.958572 0.017954272
58833.563315 23.921973 0.01794139
58833.563889 23.955025 0.018901532
58833.564461 23.893629 0.01977148
58833.565019 23.943987 0.013975816
58833.565576 23.932688 0.014990715
58833.566153 23.968975 0.01596607
58833.566722 23.916613 0.017947479
58833.56729 23.925615 0.017943017
58833.56785 23.97472 0.018915732
58833.568406 23.98192 0.016961795
58833.568961 23.888492 0.013981094
58833.569533 23.937391 0.015982887
58833.570095 23.941319 0.016974389
58833.57065 23.904255 0.015984003
58833.57121 23.925374 0.016983105
58833.571768 23.926676 0.01596882
58833.572322 23.914559 0.015978679
58833.572898 23.929512 0.016951075
58833.573468 23.911398 0.01693779
58833.574037 23.944169 0.016936614
58833.574593 23.986821 0.01794177
58833.575159 23.931832 0.020773901
58833.575726 23.949073 0.017861893
58833.576286 23.996496 0.01685948
58833.576839 23.955735 0.018863439
58833.577403 23.948275 0.018926211
58833.577964 23.911128 0.016955407
58833.578544 23.894468 0.017955358
58833.579114 23.899202 0.01593878
58833.579688 23.948533 0.017915367
58833.580238 23.911083 0.016931713
58833.58081 23.937673 0.016914394
58833.581375 24.003309 0.020882076
58833.581944 23.961335 0.017906445
58833.582509 23.940676 0.015954445
58833.58308 23.943399 0.019918017
58833.583647 23.970275 0.018905942
58833.584215 24.061407 0.019798235
58833.584762 23.947939 0.016910439
58833.585316 23.946081 0.015920933
58833.585886 23.950113 0.014957728
58833.586442 23.950635 0.016919173
58833.587001 23.927495 0.016946582
58833.587566 23.978282 0.020861465
58833.58814 23.972481 0.020895484
58833.588711 23.936225 0.016953589
58833.589285 23.9673 0.013975096
58833.589857 24.000776 0.015939832
58833.590423 23.974026 0.020798761
58833.590994 23.917898 0.018902418
58833.591559 23.986846 0.025645229
58833.592112 23.953255 0.023747194
58833.592665 23.942613 0.023803461
58833.593224 23.965924 0.023847902
58833.593796 23.993269 0.028802777
58833.594369 23.909141 0.029314675
58833.59492 23.906421 0.026584119
58833.595528 23.982873 0.020867621
58833.596082 23.944048 0.020837842
58833.596665 23.913283 0.022836349
58833.597231 23.942616 0.019876078
58833.597797 23.946698 0.019908835
58833.59838 23.926167 0.016939081
58833.598947 23.946146 0.018932951
58833.599512 23.952322 0.020918787
58833.60009 23.939638 0.019926051
58833.600655 23.924846 0.018949059
58833.601221 23.930153 0.019914306
58833.601788 23.945622 0.018940619
58833.602358 23.913246 0.016940169
58833.602926 23.903336 0.016936265
58833.60349 23.891081 0.021776067
58833.604047 23.93155 0.017928858
58833.604615 23.955177 0.018878834
58833.605171 23.911067 0.02189205
58833.605736 23.956439 0.021875936
58833.606292 23.941837 0.020891819
58833.606846 23.936868 0.020860539
58833.607409 23.957755 0.020886431
58833.607972 23.945629 0.021881746
58833.608554 23.983316 0.02286064
58833.609122 23.917265 0.019929559
58833.609691 23.884434 0.02078563
58833.61027 23.962722 0.018888049
58833.610843 23.933689 0.019898488
58833.611415 23.939209 0.019869117
58833.611993 23.929495 0.01885681
58833.612577 23.939919 0.017847676
58833.613137 23.980336 0.018875593
58833.613696 23.958912 0.01881638
58833.614278 23.933749 0.018877517
58833.614853 23.939479 0.019827443
58833.615407 23.939542 0.021826139
58833.615983 23.942712 0.018874514
58833.616534 23.921973 0.017909518
58833.617093 23.972453 0.021886462
58833.617655 23.913151 0.018926049
58833.618216 23.931189 0.019885588
58833.618781 23.925721 0.017955174
58833.619336 23.937076 0.018926791
58833.619908 23.943399 0.021898999
58833.620489 23.91998 0.018919928
58833.621073 23.929748 0.01894714
58833.621643 23.891223 0.019905947
58833.622212 23.919733 0.018918236
58833.622786 23.913695 0.018888728
58833.623339 23.928199 0.018903386
58833.623898 23.951894 0.020911045
58833.624467 23.978332 0.01893479
58833.625042 23.943523 0.018925989
58833.625625 23.934359 0.019925567
58833.626195 23.938655 0.016957451
58833.626758 23.955648 0.019929059
58833.627345 23.948658 0.018952345
58833.627901 23.93756 0.01895405
58833.628481 23.944433 0.01895478
58833.629058 23.933792 0.017952627
58833.629625 23.919997 0.016972236
58833.630194 23.921022 0.016971255
58833.630754 23.9183 0.016966053
58833.631339 23.908166 0.020847185
58833.631919 23.969773 0.022765645
58833.632476 23.928917 0.02186775
58833.633035 23.92581 0.019882854
58833.633609 23.946254 0.019898515
58833.634176 23.915526 0.022908152
58833.63477 23.910078 0.020913052
58833.63533 23.935738 0.016961981
58833.635896 23.943621 0.019922977
58833.636454 23.924252 0.016964913
58833.637031 23.922913 0.019923572
58833.637603 23.914825 0.018943188
58833.638178 23.930131 0.018939683
0.0 0.0 0.0
58833.639317 23.94046 0.017951083
58833.639885 23.932591 0.018955418
58833.640451 23.904695 0.016982481
58833.641017 23.914301 0.015976619
58833.641587 23.927955 0.018957807
58833.642165 23.908137 0.017960514
58833.642733 23.935194 0.017960679
58833.643298 23.929374 0.0179707
58833.643881 23.904632 0.017967034
58833.644463 23.921079 0.016978417
58833.645038 23.935726 0.018961515
58833.645621 23.915893 0.017958655
0.0 0.0 0.0
58833.646775 23.930866 0.017961482
58833.647352 23.910678 0.018960668
58833.647947 23.936105 0.020927522
58833.648518 23.902148 0.016978333
58833.649091 23.950846 0.017963897
58833.649661 23.938843 0.018959501
58833.650234 23.917837 0.017968918
58833.650812 23.923924 0.018974306
58833.651385 23.925243 0.018959132
58833.651942 23.938908 0.018956805
58833.652501 23.936518 0.017959051
58833.653051 23.932675 0.016978707
58833.653627 23.918886 0.018962686
58833.654196 23.903464 0.016971949
58833.654761 23.910654 0.017964513
58833.655332 23.937154 0.021972312
58833.655903 23.902449 0.017981954
58833.656459 23.90863 0.017981094
0.0 0.0 0.0
58833.657575 23.91381 0.01898154
58833.658134 23.927983 0.018961831
58833.658729 23.93893 0.017972944
58833.659291 23.913441 0.016976422
58833.659866 23.934451 0.018979871
58833.660428 23.908471 0.018959024
58833.660996 23.931839 0.017972861
58833.661568 23.945395 0.018967922
58833.662129 23.912622 0.019943654
58833.662686 23.924109 0.021930052
58833.663254 23.928362 0.017975977
58833.663845 23.922235 0.020939631
58833.664399 23.922591 0.019959605
58833.664959 23.936526 0.020960397
58833.66553 23.922945 0.017971859
58833.666087 23.896956 0.016983975
58833.666661 23.938842 0.017984474
58833.66724 23.908308 0.016983443
58833.667808 23.914775 0.017977603
58833.668374 23.930521 0.0179825
58833.66894 23.925991 0.017978903
58833.669515 23.919546 0.018981145
58833.670105 23.940165 0.020970408
0.0 0.0 0.0
58833.671231 23.931869 0.019957787
0.0 0.0 0.0
58833.672357 23.910401 0.021949117
0.0 0.0 0.0
58833.6735 23.908312 0.019971601
58833.674063 23.932546 0.018973834
58833.674632 23.946169 0.021947355
58833.675223 23.985542 0.021920302
58833.67579 23.910215 0.02393772
58833.67635 23.943389 0.023923822
58833.676916 23.910738 0.020955761
58833.677484 23.899169 0.022939149
58833.678056 23.925281 0.022936457
0.0 0.0 0.0
58833.679182 23.89465 0.025885759
58833.679761 23.935567 0.025852626
58833.680323 23.941766 0.030659175
58833.680894 23.965445 0.028755514
58833.681455 23.952141 0.026848132
58833.68202 23.996332 0.028761645
58833.682591 23.951354 0.030750112
58833.683157 23.921865 0.024857981
58833.683728 23.958757 0.02786229
0.0 0.0 0.0
58833.684864 23.913147 0.024897858
58833.685427 23.958331 0.025896278
58833.686006 23.919352 0.02587549
58833.68663 23.936941 0.023936316
58833.687197 23.924916 0.023934063
58833.687766 23.934791 0.023940526
58833.688335 23.929854 0.022948057
58833.6889 23.940378 0.022931826
58833.689473 23.977881 0.024922548
58833.690035 23.949314 0.021930245
58833.690606 23.936104 0.023942241
58833.691182 23.955303 0.021950111
58833.691769 23.939678 0.023920067
58833.692334 23.936291 0.024910174
58833.692912 23.947324 0.02589162
0.0 0.0 0.0
58833.694055 23.923263 0.021925427
58833.694629 23.925445 0.020957576
58833.695214 23.903296 0.021933638
58833.695788 23.943451 0.022928697
58833.696709 23.935622 0.023908146
58833.697282 23.936082 0.026874752
58833.697854 23.928122 0.024911813
58833.698426 23.910803 0.023928395
58833.698997 23.93216 0.025909743
58833.699574 23.947208 0.024949536
58833.700162 23.926694 0.02395646
58833.700738 23.935367 0.023947079
58833.701314 23.92501 0.02295475
58833.701879 23.955078 0.031942202
58833.702433 23.899745 0.022968222
58833.702997 23.940949 0.021970758
58833.703569 23.925926 0.021972427
58833.704138 23.914742 0.019977031
58833.704693 23.931966 0.020967989
58833.705269 23.913203 0.019963937
58833.705842 23.944942 0.023953464
58833.706416 23.929821 0.023944064
58833.706995 23.952502 0.021976669
58833.70756 23.89162 0.022959924
58833.708139 23.942816 0.019965219
58833.708701 23.922114 0.020964032
58833.709269 23.923894 0.021964751
58833.709837 23.948755 0.022936681
58833.710398 23.9094 0.020960455
58833.710961 23.931957 0.023950567
58833.711531 23.951005 0.024941059
58833.712096 23.939269 0.02292803
58833.712678 23.921072 0.022960809
58833.713245 23.9353 0.021927044
58833.713811 23.95623 0.021954711
58833.71438 23.91647 0.019960957
58833.714942 23.916467 0.019952278
58833.715515 23.938338 0.020958606
58833.716099 23.936813 0.020978526
58833.716662 23.92788 0.021968261
58833.717217 23.907326 0.019969936
58833.717786 23.96641 0.022944504
58833.718352 23.939127 0.022938689
58833.718933 23.943238 0.023933939
58833.719515 23.884197 0.020959937
58833.720081 23.907267 0.021930914
58833.720652 23.922775 0.02294796
58833.721229 23.921636 0.021944059
58833.721798 23.950562 0.022941121
58833.722365 23.940008 0.019963674
58833.722938 23.948082 0.01896572
58833.723517 23.930897 0.019961885
58833.724095 23.934339 0.017969638
58833.724659 23.931744 0.022932822
58833.725228 23.899456 0.020948091
58833.725794 23.90366 0.017965413
58833.726369 23.933805 0.021909483
58833.726949 23.900579 0.021906681
58833.727521 23.954252 0.02387684
58833.728085 23.921619 0.020930818
58833.728659 23.899985 0.020954584
58833.729226 23.883915 0.021936295
58833.729803 23.94257 0.020960203
58833.730359 23.949449 0.021958695
58833.730924 23.953559 0.019967572
58833.731502 23.913493 0.021949355
58833.732059 23.942073 0.022922392
58833.732632 23.94252 0.022931604
58833.733194 23.966565 0.022939276
58833.733759 24.005023 0.02586069
58833.734321 23.932173 0.026888076
58833.734879 23.964348 0.026869351
58833.735444 23.938029 0.026829693
58833.736003 23.956754 0.026893974
58833.736571 23.960059 0.028817168
58833.737136 23.957872 0.026874802
58833.737691 23.908829 0.025871998
58833.738267 23.940132 0.027741142
58833.738823 23.939402 0.025870974
58833.739382 23.939681 0.025854718
58833.739948 23.977753 0.025839142
58833.740522 23.990917 0.029801492
58833.741085 23.942518 0.029771922
58833.741647 23.930213 0.024880354
58833.742215 23.941954 0.024899485
58833.742788 23.975124 0.026810192
58833.743365 23.96715 0.025885358
58833.743953 23.899948 0.026873812
58833.744526 23.908177 0.022893097
58833.745093 23.895568 0.022922809
58833.745664 23.924588 0.02291016
58833.746226 23.927699 0.022916694
58833.746789 23.940247 0.022920899
58833.747358 23.910341 0.021940288
58833.747921 23.943081 0.021936784
58833.748478 23.944461 0.020957757
58833.749035 23.881869 0.020960007
58833.749599 23.933297 0.019961648
58833.750168 23.950538 0.022887847
58833.750733 23.958356 0.022892153
58833.751298 23.937754 0.025801779
58833.751854 23.950297 0.026874029
58833.752416 23.950665 0.023899402
58833.752988 23.928973 0.022914259
58833.753539 23.896543 0.022911947
58833.7541 23.913311 0.021929014
58833.754655 23.93309 0.020957231
58833.75523 23.941039 0.020959957
58833.755803 23.907683 0.022951981
58833.756377 23.900925 0.021950952
58833.756948 23.953512 0.020974173
58833.757519 23.966981 0.021962672
58833.758074 23.916562 0.023943756
58833.758639 23.938752 0.027861795
58833.759204 23.959837 0.025918113
58833.759765 23.936252 0.024941211
58833.760341 23.951167 0.021959154
58833.760921 23.940906 0.026946886
58833.761489 23.927661 0.02788607
58833.76205 23.95964 0.022948381
58833.762618 23.907978 0.024927302
58833.763196 23.938655 0.021958997
58833.763771 23.911694 0.02096363
58833.764345 23.922508 0.022961567
58833.764904 23.916378 0.02197318
58833.765469 23.933476 0.019967435
58833.766035 23.977232 0.024960191
58833.766604 23.925201 0.023942801
58833.767179 23.927261 0.023958133
58833.767754 23.921059 0.023967786
58833.768337 23.918754 0.021960678
58833.768906 23.905957 0.022961325
58833.769468 23.939041 0.023952084
58833.770037 23.953786 0.025954186
58833.770609 23.93296 0.026953168
58833.771176 23.934103 0.028900687
58833.77175 23.957626 0.026904559
58833.772312 23.916931 0.030855763
58833.772873 23.949019 0.030837684
58833.773436 23.941799 0.030823734
58833.774013 23.997723 0.033853524
58833.774581 23.949305 0.029882364
58833.775149 23.947299 0.030876263
58833.775718 23.922311 0.030877083
58833.776274 23.8949 0.027908505
58833.776849 23.947306 0.02593306
58833.777425 23.974516 0.03191946
58833.777996 23.94369 0.029883198
58833.778564 23.923248 0.024937104
58833.779126 23.947169 0.026920721
58833.779701 23.951292 0.027881416
58833.780275 23.917461 0.026910423
58833.780836 23.971502 0.030843586
58833.781394 23.944593 0.029882013
58833.781959 23.950262 0.025920757
58833.78252 23.946136 0.028930856
58833.783078 23.989584 0.030874718
58833.783656 23.943483 0.027903341
58833.784224 23.933347 0.026941497
58833.784791 23.934146 0.026908893
58833.785359 23.911372 0.025933034
58833.785923 23.932347 0.023954037
58833.786499 23.909731 0.024939395
58833.787075 23.91967 0.025937782
58833.787657 23.952218 0.025937335
58833.788243 23.957608 0.02694458
58833.788815 23.927263 0.023950635
58833.789431 23.898093 0.022939376
58833.789993 23.92975 0.024946708
58833.790558 23.913826 0.02295845
58833.791114 23.935988 0.023957639
58833.791692 23.91911 0.019977577
58833.792254 23.924774 0.021960461
58833.792819 23.915482 0.020968433
58833.793386 23.948627 0.020958565
58833.793945 23.923945 0.021950673
58833.794517 23.954897 0.02193675
58833.79508 23.922463 0.019971913
58833.795646 23.950228 0.019962429
58833.796225 23.91743 0.019971076
58833.79679 23.933802 0.019975705
58833.797352 23.880652 0.019971295
58833.797908 23.914814 0.018978269
58833.798484 23.951991 0.018978861
58833.799061 23.932286 0.020965248
58833.799624 23.948858 0.020965043
58833.800185 23.907535 0.019976093
58833.800756 23.92036 0.018977173
58833.801313 23.927771 0.020951771
58833.801876 23.92676 0.020962707
58833.802443 23.916383 0.021961355
58833.803031 23.941346 0.021971664
58833.803608 23.946948 0.02196267
58833.804175 23.930772 0.018977302
58833.804741 23.944972 0.024971703
0.0 0.0 0.0
0.0 0.0 0.0
58833.806445 23.919078 0.018979878
58833.807016 23.946948 0.018974136
58833.807582 23.937713 0.022945572
58833.80816 23.937424 0.023963963
58833.808724 23.921931 0.021962608
58833.809281 23.927185 0.020962393
58833.809857 23.968573 0.019974016
58833.810432 23.928519 0.020972097
58833.811002 23.938848 0.022971357
58833.81157 23.895137 0.020973027
58833.812141 23.917219 0.020971724
58833.81271 23.922093 0.019976171
58833.813283 23.915106 0.019979559
0.0 0.0 0.0
58833.814425 23.92857 0.019975745
58833.81499 23.933004 0.019980229
58833.815567 23.943875 0.019974172
58833.816133 23.935927 0.021975337
58833.816698 23.950512 0.020975342
58833.817289 23.90656 0.020973239
58833.817864 23.94813 0.025962242
58833.818429 23.939979 0.019959809
58833.819011 23.915242 0.021955491
58833.819573 23.910917 0.020965327
58833.820146 23.940924 0.020958976
58833.82073 23.953026 0.019964007
58833.821295 23.971197 0.022966883
58833.821869 23.950547 0.023970129
58833.822431 23.939798 0.024962189
58833.822986 23.915094 0.022968008
58833.823546 23.941478 0.024943706
58833.824122 23.943867 0.022965654
58833.82469 23.914553 0.024962484
58833.82527 23.944914 0.026954363
58833.825842 23.93059 0.02795782
58833.826414 23.960266 0.024948677
58833.826987 23.938272 0.024928765
58833.827559 23.963601 0.024950241
58833.828123 23.894986 0.023974763
58833.828694 23.977096 0.02795452
58833.829263 23.933744 0.023963657
58833.829826 23.948156 0.022968975
58833.830398 23.935109 0.023937064
58833.830961 23.940797 0.020962634
58833.831526 23.923932 0.021964423
58833.832097 23.925011 0.020966876
58833.83267 23.92341 0.019966892
58833.833228 23.950434 0.02196325
58833.833798 23.923835 0.020966761
58833.834371 23.910412 0.022945802
58833.834936 23.956959 0.019968635
58833.83551 23.926596 0.019971037
58833.836083 23.966392 0.020961312
58833.836648 23.920843 0.021939412
58833.837231 23.926534 0.02195515
58833.837806 23.981363 0.025941135
58833.83839 23.93904 0.021944127
58833.838952 23.871831 0.023917284
58833.839512 24.001928 0.02395033
0.0 0.0 0.0
0.0 0.0 0.0
58833.841214 23.936867 0.022952239
58833.841784 23.91751 0.020965887
58833.842354 23.938072 0.021965617
58833.842932 23.959282 0.025952959
58833.8435 23.946364 0.02096745
58833.844068 23.918753 0.021955148
58833.84464 23.939958 0.023929694
58833.845192 23.961599 0.022959031
58833.845764 23.930793 0.022968871
58833.846315 23.903938 0.020977099
58833.846882 23.892167 0.020969317
58833.847447 23.934537 0.023971331
58833.848017 23.938232 0.024969805
58833.848583 23.923616 0.025959758
58833.849139 23.950814 0.026957528
58833.849713 23.954678 0.025958323
58833.850286 23.96613 0.024970971
