HJD mag magerr
58833.526351 23.73353 0.050784609
58833.526938 23.665369 0.043649305
58833.527497 23.677691 0.037839507
58833.528073 23.727487 0.039704273
58833.52864 23.653482 0.028846602
58833.529223 23.656811 0.036636453
58833.529794 23.700158 0.037643181
58833.530369 23.692823 0.029780841
58833.530936 23.676031 0.023915218
58833.531508 23.701471 0.024902881
58833.532068 23.702108 0.021920646
58833.532639 23.649549 0.020912973
58833.533201 23.705663 0.019947046
58833.533765 23.688383 0.019951114
58833.534319 23.620642 0.021771765
58833.534878 23.684599 0.020841466
58833.535457 23.655559 0.022855286
58833.536022 23.653126 0.018943007
58833.536586 23.675358 0.017956779
58833.537148 23.678252 0.018950788
58833.537706 23.700356 0.019905038
58833.538275 23.64361 0.017942754
58833.538843 23.67118 0.017945731
58833.539403 23.650106 0.016948057
58833.539961 23.666315 0.016956945
58833.540691 23.676745 0.014976209
58833.54127 23.666259 0.016945857
58833.541834 23.664391 0.017956389
58833.542384 23.695006 0.015959389
58833.542946 23.682841 0.017948361
58833.543507 23.644959 0.01796189
58833.544071 23.680739 0.015979585
58833.544644 23.689962 0.014976862
58833.545206 23.65549 0.015957917
58833.545767 23.655124 0.017962075
58833.54634 23.674443 0.014975986
58833.546924 23.673703 0.016959914
58833.547488 23.677297 0.015958121
58833.548053 23.656412 0.015961759
58833.548633 23.672975 0.014976281
58833.549203 23.668682 0.015969697
58833.549779 23.679018 0.015968358
58833.550355 23.641411 0.016956303
58833.550911 23.66181 0.016946349
58833.551466 23.680793 0.016955302
58833.552025 23.64648 0.016936413
58833.552609 23.667588 0.017933566
58833.553172 23.727958 0.017960168
58833.553736 23.654925 0.015967513
58833.554298 23.668185 0.016974706
58833.554862 23.676157 0.015975176
58833.55542 23.659631 0.016983676
58833.556007 23.678579 0.016986471
58833.556565 23.675006 0.016985058
58833.557125 23.671076 0.017979956
58833.557676 23.654059 0.017985205
58833.558245 23.676408 0.016973558
58833.558811 23.680491 0.016959275
58833.559373 23.655237 0.015956817
58833.559928 23.707963 0.017899861
58833.560497 23.709557 0.019845716
58833.561052 23.646311 0.017930012
58833.561629 23.668233 0.019925189
58833.562183 23.677503 0.016959524
58833.562742 23.717149 0.015964451
58833.563315 23.664017 0.015965707
58833.563889 23.705797 0.016885608
58833.564461 23.734277 0.018813468
58833.565019 23.693862 0.013983082
58833.565576 23.653639 0.01399326
58833.566153 23.691409 0.014964718
58833.566722 23.694002 0.017956972
58833.56729 23.670705 0.015959733
58833.56785 23.808882 0.019928292
58833.568406 23.66775 0.012989024
58833.568961 23.67312 0.013985233
58833.569533 23.681144 0.014987486
58833.570095 23.654323 0.014980674
58833.57065 23.644482 0.015988494
58833.57121 23.675783 0.01598034
58833.571768 23.656466 0.014983494
58833.572322 23.663543 0.014978453
58833.572898 23.673464 0.01497381
58833.573468 23.697253 0.017883635
58833.574037 23.677161 0.016927533
58833.574593 23.688075 0.015933826
0.0 0.0 0.0
58833.575726 23.701156 0.016854153
58833.576286 23.700468 0.015904257
58833.576839 23.715331 0.016910088
58833.577403 23.659476 0.013972775
58833.577964 23.652116 0.015970987
58833.578544 23.673771 0.01695126
58833.579114 23.63974 0.01497239
58833.579688 23.70722 0.016938025
58833.580238 23.65579 0.016930022
58833.58081 23.68225 0.016943655
58833.581375 23.791214 0.020840487
58833.581944 23.673095 0.015934622
58833.582509 23.692521 0.014965988
58833.58308 23.650605 0.016931373
58833.583647 23.693991 0.018896271
58833.584215 23.681536 0.019839648
58833.584762 23.648412 0.013950043
58833.585316 23.672013 0.015918688
58833.585886 23.735191 0.015946568
58833.586442 23.723513 0.014957295
58833.587001 23.66695 0.01594201
58833.587566 23.673813 0.018903196
58833.58814 23.68533 0.017920697
58833.588711 23.689299 0.014981534
58833.589285 23.672694 0.013978539
58833.589857 23.629737 0.01585069
58833.590423 23.712982 0.018826265
58833.590994 23.637091 0.016872539
58833.591559 23.73276 0.022790093
58833.592112 23.718018 0.021805651
58833.592665 23.709098 0.020787392
58833.593224 23.65608 0.020856105
58833.593796 23.660419 0.021874291
58833.594369 23.758698 0.025625224
58833.59492 23.689219 0.021811422
58833.595528 23.683224 0.018847796
58833.596082 23.709575 0.019893357
58833.596665 23.702704 0.020890651
58833.597231 23.66238 0.018869372
58833.597797 23.674239 0.017930003
58833.59838 23.68678 0.015965167
58833.598947 23.654714 0.015954792
58833.599512 23.675178 0.018934262
58833.60009 23.645975 0.016957016
58833.600655 23.662684 0.018956942
58833.601221 23.676339 0.015944387
58833.601788 23.669407 0.016961815
58833.602358 23.696453 0.016951307
58833.602926 23.691916 0.01792024
58833.60349 23.678357 0.020846395
58833.604047 23.677782 0.015946828
58833.604615 23.693309 0.018910084
58833.605171 23.673501 0.019863995
58833.605736 23.686664 0.01990927
58833.606292 23.68007 0.01990991
58833.606846 23.675861 0.017896474
58833.607409 23.650398 0.01890603
58833.607972 23.682683 0.017934125
58833.608554 23.723251 0.020876487
58833.609122 23.660471 0.018919961
58833.609691 23.686722 0.019869371
58833.61027 23.711504 0.016921301
58833.610843 23.685318 0.016918186
58833.611415 23.700823 0.016905705
58833.611993 23.704245 0.017888214
58833.612577 23.690765 0.016888761
58833.613137 23.72327 0.018888498
58833.613696 23.699876 0.01787706
58833.614278 23.679413 0.01691151
58833.614853 23.69318 0.017851144
58833.615407 23.710039 0.017879506
58833.615983 23.678102 0.017900595
58833.616534 23.643609 0.015935062
58833.617093 23.670776 0.018916288
58833.617655 23.673365 0.016944837
58833.618216 23.692158 0.016951695
58833.618781 23.680051 0.01795288
58833.619336 23.681107 0.017944244
58833.619908 23.660643 0.017935488
58833.620489 23.668676 0.016942913
58833.621073 23.705969 0.016950599
58833.621643 23.670754 0.017926314
58833.622212 23.657297 0.016937286
58833.622786 23.64756 0.017907603
58833.623339 23.666186 0.016948418
58833.623898 23.684107 0.01793123
58833.624467 23.662081 0.016950394
58833.625042 23.663671 0.016941878
58833.625625 23.681512 0.017945872
58833.626195 23.69723 0.016955768
58833.626758 23.648993 0.0179123
58833.627345 23.686094 0.016967231
58833.627901 23.673396 0.016967059
58833.628481 23.684126 0.01596953
58833.629058 23.679234 0.016965111
58833.629625 23.661466 0.015969727
58833.630194 23.66745 0.016968866
58833.630754 23.671832 0.015975712
58833.631339 23.663284 0.016931288
58833.631919 23.72974 0.01884588
58833.632476 23.674231 0.019864945
58833.633035 23.676575 0.016918417
58833.633609 23.729341 0.017902479
58833.634176 23.667541 0.020938493
58833.63477 23.662264 0.016929085
58833.63533 23.679054 0.016960529
58833.635896 23.669396 0.017937616
58833.636454 23.661415 0.014976435
58833.637031 23.66256 0.017909166
58833.637603 23.681952 0.017952229
58833.638178 23.657964 0.017918756
58833.638751 23.664869 0.015969782
58833.639317 23.687339 0.016966308
58833.639885 23.674243 0.016969303
58833.640451 23.673156 0.015984892
58833.641017 23.683963 0.014984238
58833.641587 23.669745 0.016968743
58833.642165 23.673389 0.016973699
58833.642733 23.688535 0.017970396
58833.643298 23.670726 0.017966207
58833.643881 23.672198 0.018953829
58833.644463 23.668944 0.014985575
58833.645038 23.661646 0.016973134
58833.645621 23.659913 0.017952038
58833.646196 23.657449 0.017953612
58833.646775 23.666225 0.017969957
58833.647352 23.665081 0.015975298
58833.647947 23.669575 0.018946981
58833.648518 23.660991 0.01598581
58833.649091 23.66476 0.015976431
58833.649661 23.687211 0.016982436
58833.650234 23.678044 0.015983392
58833.650812 23.66217 0.015977557
58833.651385 23.686476 0.016971119
58833.651942 23.678682 0.016971591
58833.652501 23.669075 0.015982013
58833.653051 23.642797 0.015985764
58833.653627 23.666309 0.014984216
58833.654196 23.662232 0.016968876
58833.654761 23.683452 0.016974533
58833.655332 23.676961 0.016981528
58833.655903 23.665097 0.017983326
58833.656459 23.673215 0.015985179
58833.657018 23.678974 0.015987333
58833.657575 23.680597 0.014989324
58833.658134 23.660494 0.016981404
58833.658729 23.671839 0.016972122
58833.659291 23.683365 0.015976979
58833.659866 23.711443 0.01798583
58833.660428 23.656716 0.01697245
58833.660996 23.684136 0.016973994
58833.661568 23.670383 0.016974594
58833.662129 23.68832 0.018955101
58833.662686 23.689034 0.01895265
58833.663254 23.666282 0.015984568
58833.663845 23.676097 0.019930905
58833.664399 23.674428 0.018968361
58833.664959 23.652006 0.017983005
58833.66553 23.671909 0.016979036
58833.666087 23.672154 0.015986293
58833.666661 23.648857 0.015986919
58833.66724 23.675531 0.01698887
58833.667808 23.661138 0.016987078
58833.668374 23.671282 0.016984966
58833.66894 23.648607 0.018978472
58833.669515 23.656946 0.018976053
58833.670105 23.665817 0.017970828
58833.670664 23.661058 0.016970486
58833.671231 23.686626 0.017974257
58833.671792 23.69735 0.017970553
58833.672357 23.650731 0.017969834
58833.672921 23.680806 0.017967801
58833.6735 23.67179 0.016981978
58833.674063 23.669885 0.018982961
58833.674632 23.650181 0.018967234
58833.675223 23.663853 0.020919123
58833.67579 23.662046 0.019958611
58833.67635 23.671708 0.019951558
58833.676916 23.682602 0.018971379
58833.677484 23.656078 0.018965443
58833.678056 23.665326 0.019960123
58833.678616 23.682313 0.0218759
58833.679182 23.620866 0.021886206
58833.679761 23.689068 0.023821027
58833.680323 23.680778 0.027628895
58833.680894 23.644127 0.02482254
58833.681455 23.713421 0.025706445
58833.68202 23.671062 0.023807497
58833.682591 23.700783 0.024808593
58833.683157 23.703614 0.022896964
58833.683728 23.669361 0.021887905
58833.68429 23.707165 0.025794285
58833.684864 23.63557 0.020935385
58833.685427 23.65943 0.020929294
58833.686006 23.660672 0.021901416
58833.68663 23.655072 0.019958015
58833.687197 23.649917 0.01897253
58833.687766 23.651865 0.020961654
58833.688335 23.67583 0.018970143
58833.6889 23.666052 0.019957952
58833.689473 23.679705 0.019953585
58833.690035 23.65434 0.019952803
58833.690606 23.664335 0.019933634
58833.691182 23.674973 0.019962472
58833.691769 23.658629 0.018946225
58833.692334 23.692904 0.021907143
58833.692912 23.656743 0.02093183
58833.693482 23.665104 0.019945879
58833.694055 23.674574 0.018949084
58833.694629 23.696396 0.019967706
58833.695214 23.677842 0.019960636
58833.695788 23.667517 0.020954478
58833.696709 23.664645 0.019957863
58833.697282 23.638398 0.022921016
58833.697854 23.669369 0.020939318
58833.698426 23.658278 0.0229533
58833.698997 23.70482 0.024939982
58833.699574 23.655425 0.018972772
58833.700162 23.689895 0.017976989
58833.700738 23.683507 0.020965088
58833.701314 23.672078 0.021963164
58833.701879 23.658265 0.024966549
58833.702433 23.66389 0.019979478
58833.702997 23.64944 0.018982014
58833.703569 23.653664 0.019970299
58833.704138 23.688686 0.01898517
58833.704693 23.676688 0.020979467
58833.705269 23.653417 0.019970961
58833.705842 23.654254 0.019961412
58833.706416 23.678428 0.021950521
58833.706995 23.665402 0.017980391
58833.70756 23.673938 0.021964489
58833.708139 23.670491 0.018968842
58833.708701 23.679495 0.017976971
58833.709269 23.661633 0.01997574
58833.709837 23.648789 0.018974474
58833.710398 23.67938 0.018977242
58833.710961 23.646016 0.022944495
58833.711531 23.692672 0.019965255
58833.712096 23.685712 0.019962577
58833.712678 23.661018 0.018959495
58833.713245 23.682455 0.018968313
58833.713811 23.675722 0.019967381
58833.71438 23.706767 0.019974405
58833.714942 23.653823 0.018969406
58833.715515 23.652451 0.017968881
58833.716099 23.654938 0.017980142
58833.716662 23.65926 0.018980618
58833.717217 23.647437 0.016980114
58833.717786 23.66014 0.018967413
58833.718352 23.647428 0.019960888
58833.718933 23.685253 0.018968349
58833.719515 23.659934 0.017967555
58833.720081 23.645775 0.019956727
58833.720652 23.652531 0.019967637
58833.721229 23.669106 0.018957676
58833.721798 23.658663 0.019958517
58833.722365 23.666522 0.019962996
58833.722938 23.666862 0.01797937
58833.723517 23.692107 0.017966098
58833.724095 23.699346 0.018970198
58833.724659 23.655969 0.017969626
58833.725228 23.671046 0.018968024
58833.725794 23.677592 0.018970917
58833.726369 23.678539 0.01995335
58833.726949 23.644816 0.019936886
58833.727521 23.672465 0.019903334
58833.728085 23.645294 0.018922488
58833.728659 23.690422 0.020953079
58833.729226 23.687184 0.018956936
58833.729803 23.682707 0.016972612
58833.730359 23.670827 0.018959659
58833.730924 23.689376 0.017970351
58833.731502 23.655765 0.019967487
58833.732059 23.626195 0.019918385
58833.732632 23.649078 0.019952179
58833.733194 23.687294 0.020929157
58833.733759 23.679312 0.022890568
58833.734321 23.64438 0.019926477
58833.734879 23.703405 0.023905246
58833.735444 23.713002 0.023863447
58833.736003 23.701905 0.024877976
58833.736571 23.649995 0.022876148
58833.737136 23.722331 0.024874932
58833.737691 23.680215 0.022914082
58833.738267 23.720155 0.024800712
58833.738823 23.714478 0.021896464
58833.739382 23.695661 0.022913416
58833.739948 23.688141 0.023857793
58833.740522 23.686676 0.023863043
58833.741085 23.700013 0.026828094
58833.741647 23.667985 0.021914715
58833.742215 23.670462 0.020934062
58833.742788 23.655168 0.022854671
58833.743365 23.653601 0.022910327
58833.743953 23.682901 0.023899699
58833.744526 23.660866 0.020924117
58833.745093 23.686364 0.019949269
58833.745664 23.664042 0.019936744
58833.746226 23.647645 0.02094486
58833.746789 23.67457 0.019945526
58833.747358 23.678197 0.020959149
58833.747921 23.671401 0.019955481
58833.748478 23.669116 0.019961257
58833.749035 23.654673 0.018961254
58833.749599 23.653103 0.018958957
58833.750168 23.647929 0.018920333
58833.750733 23.657113 0.019925505
58833.751298 23.634276 0.020885217
58833.751854 23.682386 0.022889408
58833.752416 23.71166 0.020927214
58833.752988 23.678721 0.01993331
58833.753539 23.688555 0.019940634
58833.7541 23.651362 0.018948862
58833.754655 23.661921 0.018960858
58833.75523 23.657602 0.016976584
58833.755803 23.664855 0.021949715
58833.756377 23.666723 0.022950572
58833.756948 23.686087 0.017975761
58833.757519 23.650533 0.017979647
58833.758074 23.65698 0.018974244
58833.758639 23.66677 0.020936086
58833.759204 23.679133 0.024921043
58833.759765 23.66919 0.02096679
58833.760341 23.660615 0.021966658
58833.760921 23.654986 0.020967784
58833.761489 23.678286 0.023935856
58833.76205 23.682483 0.019969802
58833.762618 23.665201 0.021954346
58833.763196 23.663057 0.021963174
58833.763771 23.677022 0.02097935
58833.764345 23.650603 0.017975912
58833.764904 23.632893 0.019978559
58833.765469 23.691312 0.020984465
58833.766035 23.662131 0.020976118
58833.766604 23.645671 0.020959724
58833.767179 23.67338 0.019980691
58833.767754 23.672632 0.018980836
58833.768337 23.650404 0.018974165
58833.768906 23.667918 0.018977699
58833.769468 23.675529 0.020956274
58833.770037 23.648422 0.018972198
58833.770609 23.682825 0.022962221
58833.771176 23.678925 0.023914451
58833.77175 23.669076 0.025932699
58833.772312 23.695939 0.023915048
58833.772873 23.651537 0.026893644
58833.773436 23.634303 0.026865494
58833.774013 23.654867 0.027880024
58833.774581 23.692715 0.026918019
58833.775149 23.647998 0.024916499
58833.775718 23.667909 0.025917857
58833.776274 23.672038 0.022946155
58833.776849 23.649057 0.025954733
58833.777425 23.670847 0.024952312
58833.777996 23.670741 0.025930546
58833.778564 23.640326 0.02495122
58833.779126 23.661707 0.023940322
58833.779701 23.653778 0.022939999
58833.780275 23.66785 0.021950628
58833.780836 23.676341 0.025872527
58833.781394 23.698769 0.02687148
58833.781959 23.719458 0.025942578
58833.78252 23.664264 0.023954714
58833.783078 23.633785 0.024911264
58833.783656 23.665156 0.023927162
58833.784224 23.668012 0.023957231
58833.784791 23.656306 0.021960511
58833.785359 23.683004 0.020966071
58833.785923 23.667628 0.02097195
58833.786499 23.670831 0.022958232
58833.787075 23.653068 0.020964593
58833.787657 23.653198 0.023962822
58833.788243 23.693721 0.021960935
58833.788815 23.677933 0.02196962
58833.789431 23.691514 0.019975923
58833.789993 23.658417 0.018970148
58833.790558 23.657982 0.019980518
58833.791114 23.668164 0.020962279
58833.791692 23.680897 0.01897733
58833.792254 23.648581 0.019960759
58833.792819 23.628833 0.018973118
58833.793386 23.665455 0.017964425
58833.793945 23.666093 0.017971695
58833.794517 23.671386 0.018973656
58833.79508 23.690886 0.018973465
58833.795646 23.681754 0.017977142
58833.796225 23.673031 0.017972186
58833.79679 23.658476 0.01698516
58833.797352 23.694531 0.017987549
58833.797908 23.669146 0.016983423
58833.798484 23.639769 0.016984941
58833.799061 23.658372 0.016981691
58833.799624 23.667874 0.017978781
58833.800185 23.661612 0.018981306
58833.800756 23.642068 0.020966971
58833.801313 23.683553 0.016977707
58833.801876 23.665271 0.017977961
58833.802443 23.688146 0.018963786
58833.803031 23.671664 0.018984579
58833.803608 23.664334 0.016979883
58833.804175 23.674387 0.017985368
58833.804741 23.664795 0.018984075
58833.805316 23.660149 0.017983254
58833.805876 23.629965 0.019976826
58833.806445 23.666835 0.017987493
58833.807016 23.675953 0.018982984
58833.807582 23.685892 0.019970157
58833.80816 23.659959 0.018982565
58833.808724 23.66494 0.018983711
58833.809281 23.678144 0.017979803
58833.809857 23.674317 0.017984239
58833.810432 23.658755 0.021975571
58833.811002 23.669498 0.019981357
58833.81157 23.652395 0.018985114
58833.812141 23.659664 0.018984857
58833.81271 23.656707 0.016987493
58833.813283 23.640615 0.016989203
58833.81385 23.647507 0.015988863
58833.814425 23.668265 0.017986918
58833.81499 23.642429 0.01698805
58833.815567 23.665158 0.019983798
58833.816133 23.674119 0.018982658
58833.816698 23.683732 0.021963262
58833.817289 23.67923 0.018976794
58833.817864 23.635363 0.017975198
58833.818429 23.675026 0.017974899
58833.819011 23.641136 0.018974057
58833.819573 23.691566 0.018981422
58833.820146 23.656471 0.018970404
58833.82073 23.690103 0.017977396
58833.821295 23.659151 0.019975685
58833.821869 23.668015 0.019976574
58833.822431 23.71211 0.019982335
58833.822986 23.714106 0.019983036
58833.823546 23.688628 0.02296706
58833.824122 23.650359 0.021966015
58833.82469 23.691948 0.018981132
58833.82527 23.730687 0.020982912
58833.825842 23.641587 0.021977892
58833.826414 23.669518 0.02096755
58833.826987 23.637379 0.020967795
58833.827559 23.66179 0.019972945
58833.828123 23.666659 0.021977677
58833.828694 23.659104 0.01896516
58833.829263 23.680181 0.02097177
58833.829826 23.65732 0.018963485
58833.830398 23.643839 0.018973303
58833.830961 23.673293 0.018974552
58833.831526 23.674866 0.018965036
58833.832097 23.644163 0.017980674
58833.83267 23.68702 0.017975447
58833.833228 23.679546 0.019973862
58833.833798 23.658882 0.017981468
58833.834371 23.697165 0.01996381
58833.834936 23.665483 0.016982183
58833.83551 23.659528 0.016980468
58833.836083 23.671627 0.018977309
58833.836648 23.667627 0.017979641
58833.837231 23.658963 0.018978544
58833.837806 23.694311 0.019950013
58833.83839 23.666443 0.019961951
58833.838952 23.622589 0.019949365
58833.839512 23.646446 0.019972787
58833.840078 23.656227 0.020963571
58833.840638 23.639864 0.019974704
58833.841214 23.673631 0.021973141
58833.841784 23.667092 0.017982104
58833.842354 23.661781 0.019977976
58833.842932 23.667663 0.020974823
58833.8435 23.666422 0.018978812
58833.844068 23.637738 0.019979042
58833.84464 23.672457 0.018978618
58833.845192 23.646928 0.019981855
58833.845764 23.656165 0.020982775
58833.846315 23.663884 0.018984091
58833.846882 23.659146 0.019986285
58833.847447 23.68773 0.021975319
58833.848017 23.637924 0.023981544
58833.848583 23.64853 0.021977054
58833.849139 23.645923 0.021979429
58833.849713 23.666477 0.021969236
58833.850286 23.679412 0.021982741
