HJD mag magerr
58833.526351 24.16353 0.070779481
58833.526938 24.086369 0.063641211
58833.527497 24.058691 0.050834262
58833.528073 23.986487 0.047698163
58833.52864 24.122482 0.041837306
58833.529223 24.070811 0.049627241
58833.529794 24.025158 0.047633183
58833.530369 24.026823 0.03677281
58833.530936 24.061031 0.028909869
58833.531508 24.036471 0.026900896
58833.532068 24.138108 0.026915592
58833.532639 24.068549 0.0269057
58833.533201 24.141663 0.027939258
58833.533765 24.138383 0.024945916
58833.534319 24.006642 0.026756711
58833.534878 24.023599 0.023833539
58833.535457 24.091559 0.02684838
58833.536022 24.092126 0.024934909
58833.536586 24.123358 0.021951325
58833.537148 24.160252 0.021946644
58833.537706 24.079356 0.025895823
58833.538275 24.10161 0.02193694
58833.538843 24.12518 0.021940224
58833.539403 24.123106 0.020941603
58833.539961 24.108315 0.019952635
58833.540691 24.141745 0.021967825
58833.54127 24.101259 0.020939125
58833.541834 24.104391 0.020952843
58833.542384 24.167006 0.022948122
58833.542946 24.161841 0.021943124
58833.543507 24.170959 0.02195804
58833.544071 24.169739 0.020975025
58833.544644 24.136962 0.017972205
58833.545206 24.15149 0.025943731
58833.545767 24.143124 0.020958997
58833.54634 24.164443 0.018970036
58833.546924 24.125703 0.018956358
58833.547488 24.105297 0.018951612
58833.548053 24.124412 0.01895582
58833.548633 24.188975 0.01996946
58833.549203 24.194682 0.02196358
58833.549779 24.173018 0.020962653
58833.550355 24.155411 0.020950886
58833.550911 24.16381 0.021940764
58833.551466 24.149793 0.020949759
58833.552025 24.07248 0.019930011
58833.552609 24.105588 0.02292564
58833.553172 24.142958 0.022953199
58833.553736 24.116925 0.020960233
58833.554298 24.162185 0.018972469
58833.554862 24.167157 0.020969624
58833.55542 24.177631 0.022979775
58833.556007 24.172579 0.019984534
58833.556565 24.185006 0.023981114
58833.557125 24.162076 0.0239766
58833.557676 24.159059 0.023982276
58833.558245 24.153408 0.021968806
58833.558811 24.142491 0.021953389
58833.559373 24.107237 0.020947114
58833.559928 24.139963 0.021887062
58833.560497 24.043557 0.025826602
58833.561052 24.135311 0.020924282
58833.561629 24.133233 0.023918436
58833.562183 24.132503 0.019954521
58833.562742 24.149149 0.019957619
58833.563315 24.064017 0.019959119
58833.563889 24.041797 0.019871226
58833.564461 24.068277 0.02279716
58833.565019 24.095862 0.015977992
58833.565576 24.166639 0.018990246
58833.566153 24.055409 0.01795407
58833.566722 24.177002 0.022950582
58833.56729 24.129705 0.020950693
0.0 0.0 0.0
58833.568406 24.10575 0.015983519
58833.568961 24.15812 0.019978874
58833.569533 24.181144 0.018984395
58833.570095 24.145323 0.018976784
58833.57065 24.139482 0.018986719
58833.57121 24.165783 0.019977297
58833.571768 24.163466 0.019978756
58833.572322 24.148543 0.019973446
58833.572898 24.141464 0.019966273
58833.573468 24.145253 0.022873526
58833.574037 24.097161 0.017924026
58833.574593 24.144075 0.018925391
58833.575159 24.028527 0.026757714
58833.575726 24.030156 0.020835546
58833.576286 24.006468 0.020878786
58833.576839 24.153331 0.019898848
58833.577403 24.151476 0.017963624
58833.577964 24.187116 0.020964492
58833.578544 24.144771 0.020945209
58833.579114 24.12374 0.017966828
58833.579688 24.14922 0.019931789
58833.580238 24.11079 0.020921283
58833.58081 24.10625 0.018938638
58833.581375 24.230214 0.021836748
58833.581944 24.098095 0.017928565
58833.582509 24.143521 0.018957538
58833.58308 24.084605 0.018926377
58833.583647 24.080991 0.02188917
58833.584215 23.997536 0.024819026
58833.584762 24.031412 0.018922408
58833.585316 24.007013 0.019896043
58833.585886 24.135191 0.017940555
58833.586442 24.122513 0.01894666
58833.587001 24.09195 0.018934636
58833.587566 24.048813 0.021893538
58833.58814 24.11933 0.021910608
58833.588711 24.154299 0.016977828
58833.589285 24.035694 0.015971177
58833.589857 23.971737 0.017833496
58833.590423 23.984982 0.02181125
58833.590994 24.030091 0.021845047
58833.591559 23.95776 0.027771939
58833.592112 23.992018 0.026789637
58833.592665 24.013098 0.025771326
58833.593224 24.08408 0.026840718
58833.593796 24.030419 0.032846931
58833.594369 23.893698 0.030597877
58833.59492 23.961219 0.025795983
58833.595528 24.026224 0.023824908
58833.596082 24.155575 0.025880273
58833.596665 24.123704 0.022885872
58833.597231 24.06738 0.023856124
58833.597797 24.165239 0.02192287
58833.59838 24.13278 0.017961264
58833.598947 24.143714 0.020946607
58833.599512 24.161178 0.02292869
58833.60009 24.108975 0.020950399
58833.600655 24.153684 0.021954039
58833.601221 24.131339 0.020934287
58833.601788 24.156407 0.023953251
58833.602358 24.166453 0.019945277
58833.602926 24.093916 0.022910689
58833.60349 24.058357 0.023838723
58833.604047 24.144782 0.020937179
58833.604615 24.086309 0.02190395
58833.605171 24.077501 0.025850662
58833.605736 24.085664 0.024901535
58833.606292 24.11907 0.02490223
58833.606846 24.089861 0.023882381
58833.607409 24.102398 0.021899613
58833.607972 24.078683 0.021925769
58833.608554 24.118251 0.023870363
58833.609122 24.093471 0.023911949
58833.609691 24.071722 0.022861781
58833.61027 24.105504 0.021909803
58833.610843 24.111318 0.019909907
58833.611415 24.034823 0.018898793
58833.611993 24.069245 0.021876695
58833.612577 24.067765 0.020874706
58833.613137 24.07127 0.020881736
58833.613696 24.045876 0.020864431
58833.614278 24.032413 0.017907213
58833.614853 24.04618 0.022832984
58833.615407 24.070039 0.020869508
58833.615983 24.057102 0.019894708
58833.616534 24.072609 0.018924911
58833.617093 24.082776 0.021910586
58833.617655 24.121365 0.02293583
58833.618216 24.138158 0.022941839
58833.618781 24.158051 0.023946563
58833.619336 24.114107 0.021938585
58833.619908 24.124643 0.023926799
58833.620489 24.118676 0.020935809
58833.621073 24.110969 0.019945646
58833.621643 24.097754 0.021918798
58833.622212 24.117297 0.020929469
58833.622786 24.06956 0.023895062
58833.623339 24.081186 0.020940462
58833.623898 24.121107 0.02292302
58833.624467 24.141081 0.021943206
58833.625042 24.102671 0.019936036
58833.625625 24.138512 0.02194038
58833.626195 24.16723 0.022948568
58833.626758 24.163993 0.023903815
58833.627345 24.166094 0.022961915
58833.627901 24.156396 0.020962988
58833.628481 24.162126 0.022962802
58833.629058 24.167234 0.021960077
58833.629625 24.132466 0.019965027
58833.630194 24.15445 0.021964378
58833.630754 24.150832 0.020970281
58833.631339 24.086284 0.01992274
58833.631919 24.11974 0.022832517
58833.632476 24.029231 0.023855086
58833.633035 24.078575 0.022901638
58833.633609 24.168341 0.022890745
58833.634176 24.109541 0.027931288
58833.63477 24.099264 0.022917454
58833.63533 24.128054 0.021954826
58833.635896 24.130396 0.021931272
58833.636454 24.142415 0.018970597
58833.637031 24.12356 0.021902464
58833.637603 24.135952 0.023945823
58833.638178 24.071964 0.019915273
58833.638751 24.166869 0.021963682
58833.639317 24.166339 0.020962143
58833.639885 24.153243 0.020965512
58833.640451 24.172156 0.020981522
58833.641017 24.168963 0.020979172
58833.641587 24.140745 0.021964238
58833.642165 24.119389 0.019970459
58833.642733 24.109535 0.021967412
58833.643298 24.145726 0.020963467
58833.643881 24.164198 0.021951595
58833.644463 24.147944 0.019981437
58833.645038 24.149646 0.021969266
58833.645621 24.158913 0.022947972
58833.646196 24.160449 0.021950243
58833.646775 24.139225 0.022966408
58833.647352 24.167081 0.02197032
58833.647947 24.124575 0.022943781
58833.648518 24.153991 0.02198225
58833.649091 24.17676 0.021971683
58833.649661 24.169211 0.021979287
58833.650234 24.154044 0.018980826
58833.650812 24.15917 0.020973522
58833.651385 24.146476 0.021966959
58833.651942 24.143682 0.023966537
58833.652501 24.148075 0.021977496
58833.653051 24.164797 0.02398153
58833.653627 24.158309 0.018980314
58833.654196 24.164232 0.022963829
58833.654761 24.135452 0.020971393
58833.655332 24.161961 0.021978215
58833.655903 24.161097 0.022980865
58833.656459 24.183215 0.02398077
58833.657018 24.151974 0.021984156
58833.657575 24.219597 0.021984916
58833.658134 24.146494 0.019979117
58833.658729 24.172839 0.020968681
58833.659291 24.153365 0.022971908
58833.659866 24.182443 0.019984646
58833.660428 24.145716 0.021968483
58833.660996 24.151136 0.020970786
58833.661568 24.195383 0.022969439
58833.662129 24.14732 0.023951934
58833.662686 24.144034 0.02394795
58833.663254 24.141282 0.019981617
58833.663845 24.127097 0.023927369
58833.664399 24.198428 0.023965233
58833.664959 24.135006 0.022980496
58833.66553 24.161909 0.024975019
58833.666087 24.178154 0.023982218
58833.666661 24.152857 0.021983637
58833.66724 24.156531 0.020987169
58833.667808 24.163138 0.021984763
58833.668374 24.183282 0.022981923
58833.66894 24.180607 0.022976668
58833.669515 24.179946 0.02397369
58833.670105 24.189817 0.025966185
58833.670664 24.159058 0.022965703
58833.671231 24.160626 0.024969487
58833.671792 24.17535 0.0269642
58833.672357 24.153731 0.02296627
58833.672921 24.132806 0.024963064
58833.6735 24.16979 0.023977956
58833.674063 24.151885 0.02398085
58833.674632 24.141181 0.023963995
58833.675223 24.115853 0.023916292
58833.67579 24.188046 0.028953478
58833.67635 24.110708 0.024947471
58833.676916 24.113602 0.022967827
58833.677484 24.143078 0.026959547
58833.678056 24.066326 0.024955891
58833.678616 24.088313 0.030863914
58833.679182 24.109866 0.027880303
58833.679761 24.083068 0.028814592
58833.680323 23.922778 0.033618295
58833.680894 24.061127 0.028817782
58833.681455 24.096421 0.033694115
58833.68202 24.121062 0.028800547
58833.682591 24.028783 0.030798605
58833.683157 24.156614 0.029889551
58833.683728 24.077361 0.027879682
58833.68429 24.131165 0.030788338
58833.684864 24.09957 0.027929417
58833.685427 24.15243 0.028922158
58833.686006 24.119672 0.027896327
58833.68663 24.120072 0.026953559
58833.687197 24.122917 0.024968652
58833.687766 24.143865 0.029956385
58833.688335 24.15283 0.026965055
58833.6889 24.133052 0.02695349
58833.689473 24.141705 0.025949136
58833.690035 24.15034 0.023949432
58833.690606 24.142335 0.026926547
58833.691182 24.129973 0.024958491
58833.691769 24.123629 0.024940165
58833.692334 24.081904 0.025902147
58833.692912 24.117743 0.027925528
58833.693482 24.101104 0.024941307
58833.694055 24.163574 0.02494335
58833.694629 24.142396 0.026963371
58833.695214 24.149842 0.027956092
58833.695788 24.099517 0.026950712
58833.696709 24.117645 0.02795168
58833.697282 24.090398 0.029915365
58833.697854 24.183369 0.026934279
58833.698426 24.124278 0.026951121
0.0 0.0 0.0
58833.699574 24.113425 0.027967792
58833.700162 24.160895 0.025972363
58833.700738 24.157507 0.029960294
58833.701314 24.136078 0.026960842
58833.701879 24.200265 0.037962903
58833.702433 24.15589 0.02797648
58833.702997 24.16744 0.026978957
58833.703569 24.159664 0.026967157
58833.704138 24.180686 0.027981937
58833.704693 24.139688 0.024977889
58833.705269 24.157417 0.02596819
58833.705842 24.136254 0.02695732
58833.706416 24.198428 0.030945826
58833.706995 24.153402 0.02697617
58833.70756 24.162938 0.027961931
58833.708139 24.178491 0.027964354
58833.708701 24.159495 0.023973113
58833.709269 24.173633 0.023973573
58833.709837 24.143789 0.025970481
58833.710398 24.17238 0.026973369
58833.710961 24.153016 0.028940956
58833.711531 24.201672 0.028959777
58833.712096 24.170712 0.028956673
58833.712678 24.141018 0.026954037
58833.713245 24.115455 0.02596335
58833.713811 24.190722 0.02496464
58833.71438 24.128767 0.024971696
58833.714942 24.155823 0.023966382
58833.715515 24.144451 0.024964304
58833.716099 24.185938 0.026975868
58833.716662 24.17826 0.02597759
58833.717217 24.171437 0.024975306
58833.717786 24.14514 0.023964191
58833.718352 24.117428 0.02695674
58833.718933 24.175253 0.026962953
58833.719515 24.137934 0.025961017
58833.720081 24.104775 0.023952846
58833.720652 24.180531 0.024964208
58833.721229 24.134106 0.02595242
58833.721798 24.093663 0.025953496
58833.722365 24.141522 0.022960895
58833.722938 24.152862 0.021976779
58833.723517 24.163107 0.023961569
58833.724095 24.162346 0.022967696
58833.724659 24.127969 0.024963991
58833.725228 24.123046 0.023964863
58833.725794 24.143592 0.022967307
58833.726369 24.083539 0.021950995
58833.726949 24.138816 0.02593081
58833.727521 24.122465 0.025896676
58833.728085 24.083294 0.025915606
58833.728659 24.131422 0.024950202
58833.729226 24.185184 0.026951129
58833.729803 24.153707 0.023966486
58833.730359 24.118827 0.024955129
58833.730924 24.130376 0.023966395
58833.731502 24.133765 0.025963559
58833.732059 24.121195 0.024909649
58833.732632 24.080078 0.024947095
58833.733194 24.114294 0.02692326
58833.733759 24.100312 0.027884401
58833.734321 24.13138 0.028917284
58833.734879 24.148405 0.02890053
58833.735444 24.083002 0.027857698
58833.736003 24.032905 0.029872523
58833.736571 24.048995 0.03286483
58833.737136 24.122331 0.031867729
58833.737691 24.129215 0.029907925
58833.738267 24.074155 0.029794294
58833.738823 24.083478 0.025890879
58833.739382 24.047661 0.027907262
58833.739948 24.062141 0.027851799
58833.740522 24.008676 0.027857276
58833.741085 24.023013 0.029823988
58833.741647 24.112985 0.028907791
58833.742215 24.093462 0.025929252
58833.742788 24.112168 0.026849743
58833.743365 24.072601 0.029903896
58833.743953 24.063901 0.026896401
58833.744526 24.124866 0.027917089
58833.745093 24.113364 0.023945642
58833.745664 24.108042 0.026929995
58833.746226 24.084645 0.028939316
58833.746789 24.12257 0.024940924
58833.747358 24.158197 0.026955773
58833.747921 24.116401 0.02495173
58833.748478 24.182116 0.023958495
58833.749035 24.162673 0.023957417
58833.749599 24.155103 0.025953862
58833.750168 24.095929 0.023912359
58833.750733 24.084113 0.023920147
58833.751298 24.049276 0.022881194
58833.751854 24.092386 0.027883174
58833.752416 24.12166 0.024922724
58833.752988 24.133721 0.026926188
58833.753539 24.103555 0.02393638
58833.7541 24.077362 0.024943103
58833.754655 24.088921 0.025956002
58833.75523 24.124602 0.024970918
58833.755803 24.136855 0.02794608
58833.756377 24.143723 0.026948264
58833.756948 24.172087 0.026970537
58833.757519 24.123533 0.025974781
58833.758074 24.17398 0.024970609
58833.758639 24.13177 0.027930184
58833.759204 24.112133 0.033915684
58833.759765 24.08819 0.027962922
58833.760341 24.112615 0.026963994
58833.760921 24.131986 0.027964032
58833.761489 24.079286 0.032929673
58833.76205 24.150483 0.028965045
58833.762618 24.143201 0.029950332
58833.763196 24.151057 0.028960218
58833.763771 24.130022 0.028976728
58833.764345 24.138603 0.024971451
58833.764904 24.199893 0.028975187
58833.765469 24.133312 0.026982534
58833.766035 24.172131 0.027973341
58833.766604 24.146671 0.025956805
58833.767179 24.17838 0.028977058
58833.767754 24.211632 0.029976134
58833.768337 24.168404 0.027969441
58833.768906 24.136918 0.030971956
58833.769468 24.152529 0.030951251
58833.770037 24.157422 0.028966792
58833.770609 24.198825 0.035958278
58833.771176 24.096925 0.029909574
58833.77175 24.143076 0.034928582
58833.772312 24.167939 0.033908172
58833.772873 24.089537 0.033888664
58833.773436 24.076303 0.03485851
58833.774013 24.144867 0.036873868
58833.774581 24.111715 0.036913109
58833.775149 24.173998 0.039908763
58833.775718 24.126909 0.033913209
58833.776274 24.116038 0.03194036
58833.776849 24.116057 0.03595093
58833.777425 24.154847 0.0379471
58833.777996 24.116741 0.035925985
58833.778564 24.142326 0.029948486
58833.779126 24.151707 0.034933781
58833.779701 24.095778 0.030934024
58833.780275 24.07185 0.028945571
58833.780836 24.100341 0.035864048
58833.781394 24.133769 0.03986229
58833.781959 24.093458 0.027941259
58833.78252 24.139264 0.030951061
58833.783078 24.138785 0.03690402
58833.783656 24.117156 0.035920594
58833.784224 24.089012 0.031952674
58833.784791 24.109306 0.029956089
58833.785359 24.102004 0.028960899
58833.785923 24.158628 0.027968686
58833.786499 24.160831 0.032953434
58833.787075 24.120068 0.030959405
58833.787657 24.113198 0.032959256
58833.788243 24.191721 0.030956211
58833.788815 24.174933 0.02896652
58833.789431 24.175514 0.028972135
58833.789993 24.184417 0.029964027
58833.790558 24.174982 0.026977408
58833.791114 24.123164 0.029957096
58833.791692 24.195897 0.029972689
58833.792254 24.136581 0.023957961
58833.792819 24.096833 0.024969324
58833.793386 24.161455 0.026958363
58833.793945 24.156093 0.02796522
58833.794517 24.154386 0.025969534
58833.79508 24.140886 0.025969313
58833.795646 24.162754 0.023973313
58833.796225 24.137031 0.023968477
58833.79679 24.174476 0.025980602
58833.797352 24.182531 0.024984819
58833.797908 24.161146 0.024979419
58833.798484 24.171769 0.026980829
58833.799061 24.189372 0.022977983
58833.799624 24.130874 0.022975646
58833.800185 24.152612 0.025978386
58833.800756 24.162068 0.026964246
58833.801313 24.123553 0.021973705
58833.801876 24.139271 0.024973881
58833.802443 24.146146 0.025959296
58833.803031 24.174664 0.028980999
58833.803608 24.133334 0.022975806
58833.804175 24.152387 0.026981615
58833.804741 24.185795 0.026980848
58833.805316 24.140149 0.023980453
58833.805876 24.161965 0.025974032
58833.806445 24.164835 0.022985019
58833.807016 24.190953 0.026979535
58833.807582 24.189892 0.027965789
58833.80816 24.145959 0.028978516
58833.808724 24.15994 0.024980987
58833.809281 24.189144 0.024976065
58833.809857 24.116317 0.023981118
58833.810432 24.197755 0.030972625
58833.811002 24.136498 0.02897785
58833.81157 24.177395 0.029981464
58833.812141 24.138664 0.026981789
58833.81271 24.203707 0.021984858
58833.813283 24.191615 0.02698517
58833.81385 24.188507 0.024984676
58833.814425 24.176265 0.025983795
58833.81499 24.178429 0.024984627
58833.815567 24.172158 0.025981477
58833.816133 24.139119 0.02597995
58833.816698 24.252732 0.033959143
58833.817289 24.16323 0.024973521
58833.817864 24.130363 0.024969746
58833.818429 24.144026 0.024970249
58833.819011 24.136136 0.02696964
58833.819573 24.149566 0.024978315
58833.820146 24.161471 0.025965771
58833.82073 24.149103 0.025972852
58833.821295 24.135151 0.025972752
58833.821869 24.185015 0.030971597
58833.822431 24.15511 0.029978246
58833.822986 24.223106 0.033978928
58833.823546 24.126628 0.028964399
58833.824122 24.183359 0.032961368
58833.82469 24.120948 0.031976067
58833.82527 24.211687 0.036977782
58833.825842 24.167587 0.031974467
58833.826414 24.117518 0.030961845
58833.826987 24.137379 0.032962556
58833.827559 24.14279 0.026969318
58833.828123 24.175659 0.02997469
58833.828694 24.149104 0.025960842
58833.829263 24.164181 0.028968179
58833.829826 24.17332 0.028957898
58833.830398 24.154839 0.028968113
58833.830961 24.123293 0.023971393
58833.831526 24.134866 0.023961577
58833.832097 24.183163 0.022977306
58833.83267 24.13902 0.021972361
58833.833228 24.165546 0.029969481
58833.833798 24.174882 0.024977399
58833.834371 24.125165 0.027958506
58833.834936 24.160483 0.022977925
58833.83551 24.120528 0.022975799
58833.836083 24.168627 0.024973511
58833.836648 24.182627 0.026974414
58833.837231 24.178963 0.026974191
58833.837806 24.110311 0.030941121
58833.83839 24.127443 0.024957915
58833.838952 24.164589 0.028941355
58833.839512 24.107446 0.027968031
58833.840078 24.150227 0.032957639
58833.840638 24.183864 0.029970466
58833.841214 24.182631 0.031968977
58833.841784 24.137092 0.025977828
58833.842354 24.131781 0.026974458
58833.842932 24.178663 0.027971324
58833.8435 24.169422 0.026974514
58833.844068 24.154738 0.025976037
58833.84464 24.136457 0.026974281
58833.845192 24.213928 0.030978004
58833.845764 24.149165 0.023981535
58833.846315 24.147884 0.028980398
58833.846882 24.129146 0.024984321
58833.847447 24.16573 0.031971494
58833.848017 24.192924 0.032979083
58833.848583 24.22053 0.035972719
58833.849139 24.143923 0.03397587
58833.849713 24.136477 0.028966096
58833.850286 24.217412 0.032979459
