HJD mag magerr
58833.526351 22.634489 0.02182387
58833.526938 22.663207 0.021726291
58833.527497 22.66623 0.020896637
58833.528073 22.640472 0.019765333
58833.52864 22.63827 0.016874217
58833.529223 22.631739 0.021521253
58833.529794 22.678112 0.020576181
58833.530369 22.639505 0.015801177
58833.530936 22.631492 0.014890944
58833.531508 22.63432 0.013926399
58833.532068 22.650001 0.013939801
58833.532639 22.64011 0.014866695
58833.533201 22.658561 0.013945619
58833.533765 22.639687 0.012967208
58833.534319 22.704526 0.015830242
58833.534878 22.660777 0.01483452
58833.535457 22.635765 0.01389085
58833.536022 22.6667 0.012965367
58833.536586 22.644785 0.012969122
58833.537148 22.642221 0.011978113
58833.537706 22.662967 0.014913585
58833.538275 22.656119 0.012957014
58833.538843 22.651763 0.012971694
58833.539403 22.661663 0.012954696
58833.539961 22.643071 0.012929451
58833.540691 22.635915 0.012970919
58833.54127 22.670729 0.013966867
58833.541834 22.673952 0.01198255
58833.542384 22.667636 0.011985263
58833.542946 22.631018 0.012959975
58833.543507 22.628296 0.011985452
58833.544071 22.641947 0.012983254
58833.544644 22.636373 0.011974528
58833.545206 22.643018 0.012970598
58833.545767 22.640406 0.012981688
58833.54634 22.645886 0.012984149
58833.546924 22.654714 0.01197712
58833.547488 22.628653 0.012953217
58833.548053 22.648816 0.011972944
58833.548633 22.644527 0.013977362
58833.549203 22.634299 0.01297581
58833.549779 22.636263 0.011986054
58833.550355 22.620957 0.011983873
58833.550911 22.642122 0.012972406
58833.551466 22.67365 0.012962208
58833.552025 22.650451 0.013951735
58833.552609 22.663989 0.013952309
58833.553172 22.631259 0.013961291
58833.553736 22.670393 0.014951369
58833.554298 22.661329 0.012985725
58833.554862 22.624813 0.010993937
58833.55542 22.663912 0.016977661
58833.556007 22.63137 0.012991517
58833.556565 22.65988 0.011992573
58833.557125 22.655251 0.012984942
58833.557676 22.660954 0.013987227
58833.558245 22.644038 0.012978875
58833.558811 22.64555 0.012979398
58833.559373 22.628803 0.01394253
58833.559928 22.636602 0.012911095
58833.560497 22.620512 0.013831782
58833.561052 22.637115 0.012948692
58833.561629 22.623838 0.013927206
58833.562183 22.621727 0.013947894
58833.562742 22.647142 0.012970372
58833.563315 22.642334 0.012976687
58833.563889 22.64591 0.012931008
58833.564461 22.660725 0.013843158
58833.565019 22.622976 0.010989407
58833.565576 22.634341 0.011993491
58833.566153 22.64061 0.012965743
58833.566722 22.675842 0.014948656
58833.56729 22.634545 0.012973038
58833.56785 22.701596 0.012966734
58833.568406 22.668642 0.014980393
58833.568961 22.632348 0.011988741
58833.569533 22.628225 0.013980219
58833.570095 22.653159 0.013986119
58833.57065 22.649266 0.012993259
58833.57121 22.637179 0.012983067
58833.571768 22.656344 0.013974947
58833.572322 22.642561 0.013985018
58833.572898 22.646522 0.012977504
58833.573468 22.648771 0.013937232
58833.574037 22.674433 0.012953253
58833.574593 22.656669 0.012961896
58833.575159 22.656179 0.013761166
58833.575726 22.647274 0.012927264
58833.576286 22.664143 0.010982407
58833.576839 22.648311 0.011949711
58833.577403 22.634995 0.012961494
58833.577964 22.664519 0.013957952
58833.578544 22.626247 0.012973784
58833.579114 22.642853 0.013932036
58833.579688 22.663445 0.0139448
58833.580238 22.649017 0.012938092
58833.58081 22.642798 0.012930694
58833.581375 22.650753 0.014892485
58833.581944 22.662786 0.012964159
58833.582509 22.641307 0.011980903
58833.58308 22.659239 0.014934985
58833.583647 22.682919 0.013895331
58833.584215 22.653345 0.012914652
58833.584762 22.647395 0.010980424
58833.585316 22.700984 0.011952782
58833.585886 22.623105 0.011975604
58833.586442 22.622204 0.01294529
58833.587001 22.622054 0.013887221
58833.587566 22.648505 0.012918981
58833.58814 22.609972 0.013882989
58833.588711 22.625203 0.010997856
58833.589285 22.657488 0.011985926
58833.589857 22.663792 0.011895494
58833.590423 22.663907 0.013806551
58833.590994 22.724846 0.013896777
58833.591559 22.58554 0.012904534
58833.592112 22.63147 0.013821709
58833.592665 22.615567 0.013829631
58833.593224 22.604883 0.014774222
58833.593796 22.641478 0.014893814
58833.594369 22.707078 0.014741801
58833.59492 22.652824 0.013831122
58833.595528 22.667706 0.013876403
58833.596082 22.62426 0.012933242
58833.596665 22.651425 0.013924623
58833.597231 22.645439 0.013903608
58833.597797 22.633798 0.013935911
58833.59838 22.652062 0.0139468
58833.598947 22.66774 0.013957267
58833.599512 22.632077 0.013943219
58833.60009 22.67335 0.013963985
58833.600655 22.638945 0.013964937
58833.601221 22.653432 0.011979215
58833.601788 22.630525 0.013943395
58833.602358 22.630081 0.012959216
58833.602926 22.639828 0.01197239
58833.60349 22.67719 0.014866234
58833.604047 22.657873 0.012960935
58833.604615 22.644801 0.013928085
58833.605171 22.677245 0.014917717
58833.605736 22.643308 0.012936762
58833.606292 22.66202 0.013919729
58833.606846 22.615068 0.012923506
58833.607409 22.634683 0.013920546
58833.607972 22.628964 0.014890884
58833.608554 22.660984 0.014895943
58833.609122 22.661663 0.01392053
58833.609691 22.653217 0.013911614
58833.61027 22.6482 0.012939954
58833.610843 22.656919 0.012937326
58833.611415 22.633683 0.012866507
58833.611993 22.65869 0.012923098
58833.612577 22.659579 0.011932342
58833.613137 22.593159 0.011934474
58833.613696 22.674435 0.012873403
58833.614278 22.651595 0.012916261
58833.614853 22.678338 0.012898389
58833.615407 22.642421 0.01482671
58833.615983 22.640278 0.01292571
58833.616534 22.601843 0.012899439
58833.617093 22.65114 0.013923772
58833.617655 22.655713 0.012951419
58833.618216 22.652182 0.013940773
58833.618781 22.657567 0.013969674
58833.619336 22.677893 0.01394938
58833.619908 22.639203 0.012949751
58833.620489 22.676049 0.013949311
58833.621073 22.648546 0.012953376
58833.621643 22.656521 0.013886733
58833.622212 22.643165 0.012952154
58833.622786 22.63537 0.014853695
58833.623339 22.651404 0.013933242
58833.623898 22.632848 0.012949848
58833.624467 22.622956 0.012959482
58833.625042 22.649078 0.013945059
58833.625625 22.663607 0.013968306
58833.626195 22.659583 0.014959072
58833.626758 22.638493 0.012958064
58833.627345 22.641432 0.013969115
58833.627901 22.649015 0.011986848
58833.628481 22.66422 0.013967649
58833.629058 22.644718 0.011985243
58833.629625 22.640273 0.012974564
58833.630194 22.662416 0.013972316
58833.630754 22.63989 0.013978163
58833.631339 22.665832 0.013955288
58833.631919 22.642453 0.013896436
58833.632476 22.652099 0.013896528
58833.633035 22.622951 0.012905444
58833.633609 22.636744 0.013937051
58833.634176 22.638704 0.013960608
58833.63477 22.624684 0.013898173
58833.63533 22.638027 0.011984861
58833.635896 22.657746 0.012960586
58833.636454 22.655301 0.012970152
58833.637031 22.648272 0.013915555
58833.637603 22.663472 0.014930098
58833.638178 22.625045 0.013922118
0.0 0.0 0.0
58833.639317 22.653257 0.012974327
58833.639885 22.654047 0.011987507
58833.640451 22.643615 0.012988734
58833.641017 22.643821 0.013977384
58833.641587 22.643684 0.013978923
58833.642165 22.635383 0.011985421
58833.642733 22.626377 0.012975748
58833.643298 22.655395 0.012973375
58833.643881 22.64479 0.012976629
58833.644463 22.646396 0.012979923
58833.645038 22.638928 0.012977666
58833.645621 22.643406 0.013954602
58833.646196 22.641227 0.01494947
58833.646775 22.653448 0.012984911
58833.647352 22.659293 0.012984866
58833.647947 22.655551 0.012972407
58833.648518 22.647432 0.013985574
58833.649091 22.633707 0.013955079
58833.649661 22.633795 0.012986514
58833.650234 22.64029 0.01198984
58833.650812 22.645284 0.012980243
58833.651385 22.656941 0.013951503
58833.651942 22.645746 0.013972662
58833.652501 22.647268 0.012984077
58833.653051 22.64906 0.014958349
58833.653627 22.641177 0.011989432
58833.654196 22.651531 0.012974885
58833.654761 22.627963 0.011982638
58833.655332 22.641715 0.012977632
58833.655903 22.645565 0.01497607
58833.656459 22.641286 0.012988412
58833.657018 22.652185 0.014980244
58833.657575 22.641008 0.013984995
58833.658134 22.638085 0.012984295
58833.658729 22.665339 0.012978742
58833.659291 22.647749 0.012986893
58833.659866 22.66061 0.01398518
58833.660428 22.649882 0.011988717
58833.660996 22.644106 0.013975792
58833.661568 22.661145 0.013978763
58833.662129 22.670876 0.013974412
58833.662686 22.640208 0.013962641
58833.663254 22.640724 0.011989934
58833.663845 22.653318 0.012970115
58833.664399 22.656847 0.013972396
58833.664959 22.660707 0.013984252
58833.66553 22.647962 0.012988723
58833.666087 22.648197 0.011993931
58833.666661 22.656486 0.013987734
58833.66724 22.652945 0.013989684
58833.667808 22.645685 0.012989192
58833.668374 22.652108 0.011994252
58833.66894 22.647622 0.012989018
58833.669515 22.657223 0.013986022
58833.670105 22.663569 0.014977389
58833.670664 22.646318 0.012975517
58833.671231 22.653595 0.012981752
58833.671792 22.638074 0.012981009
58833.672357 22.62238 0.012974369
58833.672921 22.653235 0.013970676
58833.6735 22.668619 0.013988231
58833.674063 22.641716 0.013986264
58833.674632 22.641002 0.013971083
58833.675223 22.631175 0.012936709
58833.67579 22.647375 0.012970842
58833.67635 22.634587 0.01296431
58833.676916 22.652265 0.011985839
58833.677484 22.642885 0.012977491
58833.678056 22.643143 0.012972753
58833.678616 22.655396 0.014896276
58833.679182 22.6501 0.014893076
58833.679761 22.675268 0.01490137
58833.680323 22.6268 0.015668302
58833.680894 22.637118 0.013911272
58833.681455 22.66764 0.015743491
58833.68202 22.6556 0.01481894
58833.682591 22.650717 0.015765204
58833.683157 22.639169 0.013919709
58833.683728 22.649458 0.013915063
58833.68429 22.645252 0.015802041
58833.684864 22.642506 0.013947919
58833.685427 22.655353 0.013949843
58833.686006 22.648008 0.014906389
58833.68663 22.655247 0.013967332
58833.687197 22.649061 0.01396699
58833.687766 22.624449 0.013950057
58833.688335 22.660375 0.013972796
58833.6889 22.624494 0.011985362
58833.689473 22.666437 0.013962308
58833.690035 22.639567 0.012962552
58833.690606 22.640374 0.012971204
58833.691182 22.638059 0.013954595
58833.691769 22.63905 0.013951322
58833.692334 22.651958 0.014915611
58833.692912 22.660253 0.012953898
58833.693482 22.649495 0.013957622
58833.694055 22.669006 0.012976043
58833.694629 22.638799 0.013958652
58833.695214 22.643061 0.013967266
58833.695788 22.628881 0.012967543
58833.696709 22.650468 0.013968248
58833.697282 22.638038 0.015890675
58833.697854 22.662097 0.013956493
58833.698426 22.639003 0.013964104
58833.698997 22.635886 0.013972177
58833.699574 22.6295 0.013968721
58833.700162 22.655436 0.013981015
58833.700738 22.650895 0.015958008
58833.701314 22.649881 0.013978477
58833.701879 22.633223 0.015959994
58833.702433 22.636995 0.014982065
58833.702997 22.645473 0.013986089
58833.703569 22.638513 0.012979439
58833.704138 22.66097 0.014982581
58833.704693 22.641182 0.013984779
58833.705269 22.649066 0.01297658
58833.705842 22.649052 0.012982488
58833.706416 22.645727 0.01397202
58833.706995 22.637348 0.013983163
58833.70756 22.622896 0.012983869
58833.708139 22.645615 0.013983208
58833.708701 22.662068 0.013982011
58833.709269 22.646446 0.013972347
58833.709837 22.631572 0.011985792
58833.710398 22.632909 0.012975615
58833.710961 22.633344 0.013969802
58833.711531 22.644068 0.013973183
58833.712096 22.657525 0.012977672
58833.712678 22.632351 0.013965359
58833.713245 22.648641 0.013974908
58833.713811 22.64542 0.012975423
58833.71438 22.645055 0.012984059
58833.714942 22.638872 0.01198846
58833.715515 22.647099 0.012974428
58833.716099 22.64502 0.012986474
58833.716662 22.658984 0.012986942
58833.717217 22.643772 0.013954326
58833.717786 22.649746 0.013971471
58833.718352 22.657537 0.013978451
58833.718933 22.619998 0.013975087
58833.719515 22.639917 0.011983933
58833.720081 22.640292 0.013953871
58833.720652 22.646462 0.012968893
58833.721229 22.646618 0.013977014
58833.721798 22.636531 0.012970913
58833.722365 22.6269 0.012983333
58833.722938 22.634232 0.011988534
58833.723517 22.644853 0.011987188
58833.724095 22.649759 0.012985171
58833.724659 22.643104 0.01297696
58833.725228 22.632098 0.011987552
58833.725794 22.640679 0.012975802
58833.726369 22.672347 0.013938513
58833.726949 22.644205 0.013900965
58833.727521 22.638825 0.013949662
58833.728085 22.641054 0.01395928
58833.728659 22.649605 0.013963625
58833.729226 22.635222 0.012971614
58833.729803 22.627759 0.011984121
58833.730359 22.619033 0.013967261
58833.730924 22.641282 0.011988458
58833.731502 22.642943 0.012978094
58833.732059 22.657314 0.012956395
58833.732632 22.645624 0.013943414
58833.733194 22.646216 0.012955752
58833.733759 22.643176 0.014864722
58833.734321 22.643664 0.013944855
58833.734879 22.659011 0.013930007
58833.735444 22.630233 0.013911774
58833.736003 22.688718 0.015898958
58833.736571 22.638127 0.015904996
58833.737136 22.632012 0.014900812
58833.737691 22.664515 0.012963987
58833.738267 22.648026 0.014822603
58833.738823 22.642735 0.01392099
58833.739382 22.672107 0.014914976
58833.739948 22.663952 0.014901752
58833.740522 22.650088 0.014883945
58833.741085 22.642569 0.016758385
58833.741647 22.613998 0.013937022
58833.742215 22.644481 0.013947337
58833.742788 22.668814 0.013910753
58833.743365 22.666259 0.013950153
58833.743953 22.660224 0.013927215
58833.744526 22.64913 0.014899359
58833.745093 22.646777 0.012964371
58833.745664 22.6464 0.012970924
58833.746226 22.658261 0.013959241
58833.746789 22.639422 0.012976215
58833.747358 22.648929 0.012979978
58833.747921 22.643852 0.012979114
58833.748478 22.639473 0.013969601
58833.749035 22.63671 0.011985267
58833.749599 22.639785 0.011985821
58833.750168 22.6203 0.013936821
58833.750733 22.652996 0.013944724
58833.751298 22.644766 0.012936583
58833.751854 22.62967 0.015833697
58833.752416 22.635337 0.013939336
58833.752988 22.652024 0.012952269
58833.753539 22.656665 0.01395066
58833.7541 22.640353 0.011981735
58833.754655 22.653207 0.012972446
58833.75523 22.660414 0.013979086
58833.755803 22.653837 0.013974689
58833.756377 22.638152 0.012980803
58833.756948 22.631861 0.01397183
58833.757519 22.645868 0.012981447
58833.758074 22.640715 0.011986244
58833.758639 22.63316 0.012969789
58833.759204 22.647331 0.014942914
58833.759765 22.634794 0.012979589
58833.760341 22.663435 0.013978627
58833.760921 22.630431 0.014974015
58833.761489 22.622757 0.014947281
58833.76205 22.677251 0.014974475
58833.762618 22.655879 0.014957117
58833.763196 22.663568 0.012987669
58833.763771 22.652991 0.012986522
58833.764345 22.646417 0.012983781
58833.764904 22.650421 0.013981378
58833.765469 22.644943 0.013982945
58833.766035 22.676581 0.015977567
58833.766604 22.648961 0.013979574
58833.767179 22.648137 0.012985063
58833.767754 22.6536 0.013986957
58833.768337 22.652484 0.013969951
58833.768906 22.649908 0.012985564
58833.769468 22.645123 0.014972847
58833.770037 22.643469 0.013979683
58833.770609 22.668203 0.013981091
58833.771176 22.654228 0.01395814
58833.77175 22.658102 0.0139676
58833.772312 22.663739 0.014958055
58833.772873 22.634345 0.014924223
58833.773436 22.651035 0.015902698
58833.774013 22.673954 0.01782246
58833.774581 22.632785 0.01688634
58833.775149 22.64662 0.014940051
58833.775718 22.650117 0.014933753
58833.776274 22.652862 0.014931235
58833.776849 22.659301 0.01396804
58833.777425 22.648118 0.014964905
58833.777996 22.640008 0.014940994
58833.778564 22.660262 0.014965176
58833.779126 22.639923 0.01395991
58833.779701 22.665958 0.015930283
58833.780275 22.619023 0.014939661
58833.780836 22.354166 0.044859863
58833.781394 22.641058 0.014938187
58833.781959 22.67512 0.01495116
58833.78252 22.668729 0.01594969
58833.783078 22.657772 0.015934972
58833.783656 22.639248 0.012970331
58833.784224 22.654372 0.01298331
58833.784791 22.666518 0.014966422
58833.785359 22.635752 0.012981536
58833.785923 22.629362 0.012980675
58833.786499 22.637597 0.013980445
58833.787075 22.65619 0.013971426
58833.787657 22.658777 0.012983169
58833.788243 22.640105 0.014970846
58833.788815 22.645073 0.014963679
58833.789431 22.648293 0.012983599
58833.789993 22.659852 0.013977714
58833.790558 22.662132 0.011993642
58833.791114 22.629424 0.012984392
58833.791692 22.662372 0.012989362
58833.792254 22.650017 0.011987241
58833.792819 22.645686 0.011990044
58833.793386 22.656341 0.013978788
58833.793945 22.629899 0.011989347
58833.794517 22.640327 0.012981999
58833.79508 22.665725 0.012982051
58833.795646 22.635478 0.011991661
58833.796225 22.643909 0.011989737
58833.79679 22.655789 0.012989608
58833.797352 22.635803 0.011992581
58833.797908 22.62409 0.01298695
58833.798484 22.624912 0.012987587
58833.799061 22.630599 0.011992649
58833.799624 22.657527 0.012976432
58833.800185 22.63649 0.011992344
58833.800756 22.650142 0.012984923
58833.801313 22.623915 0.012974959
58833.801876 22.635604 0.011987419
58833.802443 22.644059 0.01298343
58833.803031 22.6388 0.011992299
58833.803608 22.649697 0.012985822
58833.804175 22.661097 0.01298978
58833.804741 22.661758 0.013990476
58833.805316 22.644571 0.012990785
58833.805876 22.634424 0.0139817
58833.806445 22.651155 0.011993792
58833.807016 22.644446 0.012989319
58833.807582 22.63666 0.011986204
58833.80816 22.648697 0.013984316
58833.808724 22.64784 0.012990686
58833.809281 22.648332 0.012985067
58833.809857 22.645636 0.013987479
58833.810432 22.642111 0.011992428
58833.811002 22.654276 0.01398664
58833.81157 22.63678 0.012989528
58833.812141 22.646975 0.013988195
58833.81271 22.631688 0.010995867
58833.813283 22.653998 0.012988458
58833.81385 22.64019 0.01298777
58833.814425 22.648745 0.012989979
58833.81499 22.617343 0.011993242
58833.815567 22.655536 0.013986315
58833.816133 22.65439 0.012990065
58833.816698 22.651067 0.012988035
58833.817289 22.635474 0.013971182
58833.817864 22.648977 0.01198974
58833.818429 22.657801 0.012986686
58833.819011 22.651985 0.012982732
58833.819573 22.648031 0.012982317
58833.820146 22.64438 0.01298077
58833.82073 22.648441 0.012984147
58833.821295 22.640159 0.012981401
58833.821869 22.644676 0.012988115
58833.822431 22.640163 0.012987147
58833.822986 22.638509 0.013986736
58833.823546 22.62824 0.012985682
58833.824122 22.637066 0.013978911
58833.82469 22.652703 0.016962681
58833.82527 22.676159 0.014985217
58833.825842 22.627876 0.014982831
58833.826414 22.627842 0.013979172
58833.826987 22.631421 0.012985729
58833.827559 22.630188 0.012981957
58833.828123 22.653856 0.013984652
58833.828694 22.630768 0.013969758
58833.829263 22.626709 0.012982258
58833.829826 22.622525 0.01298167
58833.830398 22.637182 0.013964497
58833.830961 22.63362 0.013968629
58833.831526 22.653279 0.012984892
58833.832097 22.641089 0.012981696
58833.83267 22.633577 0.013971161
58833.833228 22.631573 0.013981007
58833.833798 22.643272 0.012982499
58833.834371 22.665602 0.01297364
58833.834936 22.653919 0.01298248
58833.83551 22.639011 0.012980133
58833.836083 22.645741 0.012986909
58833.836648 22.649311 0.0139652
58833.837231 22.64714 0.013979611
58833.837806 22.65504 0.013962938
58833.83839 22.662058 0.011983876
58833.838952 22.636781 0.013961482
58833.839512 22.649326 0.012983416
58833.840078 22.648288 0.013980824
58833.840638 22.655843 0.013971808
58833.841214 22.642116 0.012985546
58833.841784 22.633422 0.012987582
58833.842354 22.645064 0.011989742
58833.842932 22.640393 0.011988522
58833.8435 22.665043 0.012981553
58833.844068 22.648812 0.011990373
58833.84464 22.637823 0.012987047
58833.845192 22.639332 0.013986113
58833.845764 22.63799 0.012991746
58833.846315 22.673522 0.014985216
58833.846882 22.648482 0.014986405
58833.847447 22.640705 0.013988818
58833.848017 22.640829 0.01497693
58833.848583 22.626835 0.012987494
58833.849139 22.650966 0.013983736
58833.849713 22.62958 0.012980571
58833.850286 22.641742 0.012988246
