HJD mag magerr
58833.526351 24.935482 0.12271395
58833.526938 24.905152 0.12272112
58833.527497 25.020753 0.10889641
58833.528073 25.061945 0.12773507
58833.52864 25.051761 0.088830593
58833.529223 24.98552 0.11963985
58833.529794 25.151413 0.14040427
58833.530369 24.912489 0.0678043
58833.530936 24.86736 0.060824365
58833.531508 24.948771 0.056883901
58833.532068 25.011347 0.053924864
58833.532639 24.9488 0.049844163
58833.533201 24.903315 0.046917328
58833.533765 24.92968 0.044917954
58833.534319 25.093462 0.06380772
58833.534878 24.831519 0.049838609
58833.535457 24.84953 0.049786083
58833.536022 24.911391 0.039932912
58833.536586 24.934479 0.036927079
58833.537148 24.954616 0.034929903
58833.537706 25.016762 0.044900552
58833.538275 24.906012 0.036896955
58833.538843 24.996853 0.035937109
58833.539403 24.872953 0.033931526
58833.539961 24.894026 0.030940556
58833.540691 24.949164 0.030932195
58833.54127 24.984594 0.032938555
58833.541834 24.998562 0.032951513
58833.542384 24.945036 0.032939727
58833.542946 24.863803 0.030943546
58833.543507 24.921172 0.031937001
58833.544071 24.898745 0.027940203
58833.544644 24.909721 0.027964115
58833.545206 24.900785 0.032921912
58833.545767 24.921188 0.029956378
58833.54634 24.857016 0.025969115
58833.546924 24.911673 0.027950854
58833.547488 24.921007 0.029928001
58833.548053 24.875614 0.030930729
58833.548633 24.885216 0.027954685
58833.549203 24.925317 0.029963187
58833.549779 24.922442 0.026961916
58833.550355 24.975272 0.032943354
58833.550911 24.924355 0.027962107
58833.551466 24.954789 0.027948
58833.552025 24.902692 0.029937984
58833.552609 24.96715 0.031950851
58833.553172 25.004421 0.036949033
58833.553736 24.949507 0.03194212
58833.554298 24.909776 0.027962289
58833.554862 24.912143 0.028961127
58833.55542 24.889868 0.026966595
58833.556007 24.915925 0.033953236
58833.556565 24.912214 0.030977116
58833.557125 24.90183 0.030972686
58833.557676 24.934267 0.030977913
58833.558245 24.879633 0.028967694
58833.558811 24.900464 0.030951524
58833.559373 24.975552 0.031939883
58833.559928 24.94882 0.035892303
58833.560497 24.891561 0.040636156
58833.561052 24.897406 0.032913623
58833.561629 25.04968 0.035926258
58833.562183 24.921432 0.031925262
58833.562742 24.886097 0.027943099
58833.563315 24.835975 0.030952925
58833.563889 24.826343 0.033864013
58833.564461 24.759242 0.034585439
58833.565019 24.849736 0.02693375
58833.565576 24.854639 0.019990715
58833.566153 24.972834 0.029917351
58833.566722 24.991291 0.028967516
58833.56729 24.822189 0.027946037
58833.56785 25.026098 0.029952598
58833.568406 24.929214 0.026969926
58833.568961 24.808003 0.022966443
58833.569533 24.845922 0.023974117
58833.570095 24.890058 0.02397671
58833.57065 24.89703 0.024980754
58833.57121 24.905777 0.02497389
58833.571768 24.913792 0.026952222
58833.572322 24.917104 0.022980935
58833.572898 24.862079 0.025963056
58833.573468 24.915753 0.0319328
58833.574037 24.956548 0.028916383
58833.574593 24.900159 0.028917271
58833.575159 24.994039 0.043613162
58833.575726 24.920719 0.03085115
58833.576286 24.96246 0.033852176
58833.576839 24.895477 0.030890324
58833.577403 24.859198 0.027928139
58833.577964 24.88246 0.02696074
58833.578544 24.900523 0.028948211
58833.579114 24.856895 0.025947226
58833.579688 24.939728 0.027919857
58833.580238 24.948708 0.030910369
58833.58081 24.83298 0.029870373
58833.581375 24.942298 0.030913722
58833.581944 24.974969 0.028929723
58833.582509 24.926214 0.026943319
58833.58308 24.972148 0.031925733
58833.583647 24.941335 0.032891245
58833.584215 24.991951 0.036801043
58833.584762 24.89722 0.031876408
58833.585316 24.964773 0.033832334
58833.585886 24.857209 0.025933469
58833.586442 24.926284 0.026936504
58833.587001 24.841717 0.029922147
58833.587566 24.886842 0.041853263
58833.58814 24.904891 0.037862233
58833.588711 24.923199 0.026960125
58833.589285 24.969568 0.023952378
58833.589857 24.95455 0.037767261
58833.590423 25.012673 0.034857434
58833.590994 24.897554 0.039782565
58833.591559 24.948768 0.056697402
58833.592112 24.958871 0.049730105
58833.592665 24.911008 0.052731389
58833.593224 24.990331 0.055764085
58833.593796 25.067587 0.063839683
58833.594369 25.074343 0.060720656
58833.59492 24.849006 0.052663385
58833.595528 24.899442 0.04679888
58833.596082 24.940607 0.040845304
58833.596665 24.958809 0.041865119
58833.597231 24.895876 0.035889196
58833.597797 24.892332 0.035909105
58833.59838 24.964058 0.031948462
58833.598947 24.915557 0.028951974
58833.599512 24.945983 0.032922607
58833.60009 25.037102 0.034938016
58833.600655 24.944052 0.033953099
58833.601221 24.979365 0.030944678
58833.601788 24.880224 0.034920795
58833.602358 24.859362 0.027956943
58833.602926 24.997501 0.033942287
58833.60349 24.930244 0.040820165
58833.604047 24.868792 0.028947172
58833.604615 24.920055 0.034901545
58833.605171 24.985304 0.044885243
58833.605736 24.914105 0.036903408
58833.606292 24.897347 0.036924477
58833.606846 24.903419 0.037858584
58833.607409 24.907586 0.039890588
58833.607972 24.993859 0.036875351
58833.608554 25.003688 0.040887751
58833.609122 24.957855 0.040893472
58833.609691 24.942214 0.038863798
58833.61027 24.932543 0.03289784
58833.610843 24.930212 0.029909602
58833.611415 24.986001 0.033867628
58833.611993 24.861213 0.030844011
58833.612577 24.956869 0.030859572
58833.613137 24.788832 0.031812418
58833.613696 24.865273 0.034781534
58833.614278 24.982978 0.03784138
58833.614853 24.970123 0.037820891
58833.615407 25.016399 0.034848031
58833.615983 24.910961 0.035876737
58833.616534 24.876476 0.033861037
58833.617093 24.942448 0.040886357
58833.617655 24.949089 0.03592692
58833.618216 24.90263 0.03392075
58833.618781 24.878999 0.036913386
58833.619336 24.937329 0.032909617
58833.619908 24.957351 0.03391984
58833.620489 24.963072 0.031934938
58833.621073 24.913694 0.028945537
58833.621643 24.9123 0.034862922
58833.622212 24.852494 0.031918636
58833.622786 25.005448 0.042894022
58833.623339 24.985466 0.037904191
58833.623898 24.886377 0.033938083
58833.624467 24.907175 0.033941441
58833.625042 24.870561 0.030928359
58833.625625 24.906978 0.030938861
58833.626195 24.895946 0.030940466
58833.626758 24.948209 0.032941478
58833.627345 24.916838 0.028953208
58833.627901 24.997381 0.030963883
58833.628481 24.89902 0.027960021
58833.629058 24.875795 0.030931696
58833.629625 24.948955 0.028966067
58833.630194 24.943535 0.029965
58833.630754 24.926878 0.031960851
58833.631339 24.853979 0.030916701
58833.631919 24.880972 0.035890839
58833.632476 24.986493 0.040889944
58833.633035 24.887541 0.036863241
58833.633609 24.768824 0.032801034
58833.634176 24.948615 0.044932209
58833.63477 24.954747 0.035902202
58833.63533 24.898307 0.031934629
58833.635896 24.908492 0.034898897
58833.636454 24.896275 0.027963917
58833.637031 24.94675 0.030939289
58833.637603 24.903202 0.03392339
58833.638178 24.920727 0.030911631
58833.638751 24.908802 0.030942644
58833.639317 24.938 0.032939733
58833.639885 24.903527 0.032946172
58833.640451 24.890121 0.031960667
58833.641017 24.946391 0.02995599
58833.641587 24.929042 0.029968446
58833.642165 24.929479 0.02996093
58833.642733 24.882155 0.030943325
58833.643298 24.886531 0.030961938
58833.643881 24.879827 0.03096814
58833.644463 24.90457 0.027968072
58833.645038 24.947679 0.030951326
58833.645621 24.905536 0.030947443
58833.646196 24.961441 0.032948391
58833.646775 24.96745 0.033968085
58833.647352 24.969351 0.033950677
58833.647947 24.9401 0.037945379
58833.648518 24.953019 0.03497477
58833.649091 24.9081 0.029970566
58833.649661 24.901808 0.031968363
58833.650234 24.926115 0.029971729
58833.650812 24.902754 0.032955539
58833.651385 24.922411 0.034948258
58833.651942 24.914243 0.031943764
58833.652501 24.916744 0.02796623
58833.653051 24.975336 0.03097808
58833.653627 24.884141 0.028978027
58833.654196 24.937807 0.03594588
58833.654761 24.898945 0.031970444
58833.655332 24.931178 0.032949755
58833.655903 24.877496 0.029974591
58833.656459 24.901568 0.028974475
58833.657018 24.958985 0.03097567
58833.657575 24.896493 0.032960645
58833.658134 24.908647 0.033967469
58833.658729 24.867299 0.033948429
58833.659291 24.946117 0.032971954
58833.659866 24.894331 0.033972262
58833.660428 24.907677 0.035947079
58833.660996 24.883533 0.033953667
58833.661568 24.916217 0.036948453
58833.662129 24.888069 0.032950994
58833.662686 24.892451 0.037920665
58833.663254 24.888642 0.031954016
58833.663845 24.958197 0.039952772
58833.664399 24.927046 0.036946007
58833.664959 24.968655 0.035969024
58833.66553 24.952566 0.035974777
58833.666087 24.902384 0.032973921
58833.666661 24.928067 0.033977411
58833.66724 24.889417 0.028979957
58833.667808 24.869694 0.032975599
58833.668374 24.874036 0.03298226
58833.66894 24.903019 0.034975147
58833.669515 24.886995 0.03797082
58833.670105 24.946148 0.034967954
58833.670664 24.920858 0.035964608
58833.671231 24.975406 0.042958384
58833.671792 24.911062 0.036963123
58833.672357 24.942952 0.036959261
58833.672921 24.926629 0.033975235
58833.6735 24.93945 0.035954343
58833.674063 24.889692 0.037971316
58833.674632 24.85343 0.03993642
58833.675223 24.907908 0.040902486
58833.67579 24.923851 0.043926769
58833.67635 24.912284 0.043933698
58833.676916 24.887019 0.042953711
58833.677484 24.839952 0.04395169
58833.678056 24.917768 0.042892287
58833.678616 24.948761 0.051861075
58833.679182 24.99299 0.052868685
58833.679761 24.947925 0.054814167
58833.680323 24.937241 0.07370681
58833.680894 24.983701 0.058784806
58833.681455 25.037224 0.070781123
58833.68202 24.898019 0.054850689
58833.682591 24.983684 0.057717242
58833.683157 25.024397 0.057886072
58833.683728 24.86641 0.045827997
58833.68429 24.890556 0.052783152
58833.684864 24.832389 0.043922349
58833.685427 24.959319 0.0519168
58833.686006 24.936557 0.04889313
58833.68663 24.867709 0.044921778
58833.687197 24.898821 0.048950946
58833.687766 24.923563 0.04695752
58833.688335 24.868828 0.040924948
58833.6889 24.952278 0.048920571
58833.689473 24.812073 0.039945672
58833.690035 25.00036 0.044916285
58833.690606 24.943677 0.044925811
58833.691182 24.868381 0.042938492
58833.691769 24.921209 0.041895907
58833.692334 24.927625 0.049886298
58833.692912 24.950017 0.046869131
58833.693482 24.890903 0.04093615
58833.694055 24.893169 0.040901571
58833.694629 24.90628 0.044950298
58833.695214 24.901788 0.043924535
58833.695788 24.916108 0.042950142
58833.696709 24.89314 0.049947014
58833.697282 24.862353 0.045900953
58833.697854 24.895174 0.046900242
58833.698426 24.911315 0.046941476
58833.698997 24.83528 0.047923801
58833.699574 24.966951 0.044950313
58833.700162 24.839796 0.041939771
58833.700738 24.965225 0.049924499
58833.701314 24.992101 0.048952861
58833.701879 24.890338 0.061959871
58833.702433 24.859859 0.051961744
58833.702997 24.8891 0.036968839
58833.703569 24.911917 0.039966622
58833.704138 24.916273 0.041977357
58833.704693 24.958168 0.046967621
58833.705269 24.91801 0.042962081
58833.705842 24.881019 0.047932628
58833.706416 24.865623 0.048953239
58833.706995 24.91656 0.036975493
58833.70756 24.871693 0.044959967
58833.708139 24.936973 0.041966158
58833.708701 24.988317 0.041940732
58833.709269 24.90054 0.042958403
58833.709837 24.890075 0.038931207
58833.710398 24.910858 0.040937012
58833.710961 24.946854 0.047938522
58833.711531 24.931288 0.044942235
58833.712096 24.910657 0.043956734
58833.712678 24.918778 0.044953292
58833.713245 24.882026 0.045948793
58833.713811 24.924073 0.039941332
58833.71438 24.907419 0.040952463
58833.714942 24.885359 0.038959563
58833.715515 24.969218 0.039960355
58833.716099 24.859317 0.037969839
58833.716662 24.886135 0.041966169
58833.717217 24.863527 0.037964169
58833.717786 24.877206 0.042941062
58833.718352 24.859362 0.037953307
58833.718933 24.961395 0.043956723
58833.719515 24.851052 0.042945298
58833.720081 24.896379 0.042894725
58833.720652 24.964415 0.041961611
58833.721229 24.952157 0.0399533
58833.721798 24.904055 0.044952378
58833.722365 24.952577 0.038960806
58833.722938 24.809235 0.034961314
58833.723517 24.907971 0.037938173
58833.724095 24.963132 0.037967241
58833.724659 24.869048 0.038958516
58833.725228 24.879668 0.035959039
58833.725794 24.965198 0.044909747
58833.726369 24.890371 0.043899741
58833.726949 24.969156 0.04591871
58833.727521 24.877929 0.043896266
58833.728085 24.94944 0.04390877
58833.728659 24.959782 0.045946442
58833.729226 24.874212 0.041926343
58833.729803 24.873422 0.037923005
58833.730359 24.886657 0.041955049
58833.730924 24.935069 0.037961736
58833.731502 24.926751 0.042945363
58833.732059 24.969255 0.049897578
58833.732632 24.847996 0.040915484
58833.733194 24.969769 0.048912883
58833.733759 24.885868 0.046900361
58833.734321 24.923115 0.050873948
58833.734879 24.941998 0.049904501
58833.735444 24.924904 0.053857072
58833.736003 24.917491 0.05687721
58833.736571 25.021347 0.065848082
58833.737136 24.973525 0.054820346
58833.737691 24.969973 0.053905033
58833.738267 25.009242 0.061773725
58833.738823 24.950632 0.046890008
58833.739382 24.898215 0.047880013
58833.739948 24.986976 0.054852263
58833.740522 24.929242 0.052840669
58833.741085 24.96206 0.068639046
58833.741647 24.853766 0.045906307
58833.742215 24.888965 0.047904187
58833.742788 24.872464 0.048864926
58833.743365 24.897886 0.05189569
58833.743953 24.887267 0.050899522
58833.744526 24.832726 0.041921407
58833.745093 24.867269 0.042903835
58833.745664 24.902895 0.044924562
58833.746226 24.966582 0.053938776
58833.746789 24.895631 0.039938105
58833.747358 24.986054 0.045952924
58833.747921 24.889621 0.039950341
58833.748478 24.871924 0.038956858
58833.749035 25.014301 0.040956585
58833.749599 24.922866 0.035957279
58833.750168 24.994594 0.048907344
58833.750733 24.925003 0.042903674
58833.751298 24.980945 0.052792504
58833.751854 24.946895 0.05787997
58833.752416 24.979723 0.047916586
58833.752988 24.939122 0.045919117
58833.753539 24.951849 0.047897124
58833.7541 24.900841 0.038904645
58833.754655 24.97172 0.040935403
58833.75523 24.982655 0.042957472
58833.755803 24.965142 0.046945522
58833.756377 24.977178 0.050946595
58833.756948 24.87926 0.038971898
58833.757519 24.859777 0.042966704
58833.758074 24.953478 0.04696976
58833.758639 24.923602 0.050926659
58833.759204 25.025517 0.062932529
58833.759765 24.942006 0.052936157
58833.760341 24.930767 0.052952418
58833.760921 24.965013 0.048962384
58833.761489 24.947602 0.064919064
58833.76205 24.865165 0.043946545
58833.762618 24.930462 0.044945337
58833.763196 24.915341 0.04793826
58833.763771 24.872503 0.043968483
58833.764345 24.941099 0.04595744
58833.764904 24.942736 0.048941212
58833.765469 24.867348 0.037973002
58833.766035 24.888573 0.042968997
58833.766604 24.938222 0.046963008
58833.767179 24.930678 0.045959865
58833.767754 24.969592 0.048968466
0.0 0.0 0.0
58833.768906 24.909685 0.045965931
58833.769468 24.889533 0.044961395
58833.770037 24.963735 0.049955524
58833.770609 24.881782 0.046964875
58833.771176 24.893143 0.053903257
58833.77175 24.872449 0.055932783
58833.772312 24.944107 0.065909777
58833.772873 24.990366 0.062877996
58833.773436 24.903692 0.07386001
58833.774013 24.918113 0.067871981
58833.774581 24.978567 0.066910031
58833.775149 24.935987 0.063866696
58833.775718 24.877033 0.063901921
58833.776274 24.970428 0.065894876
58833.776849 24.984831 0.061948652
58833.777425 25.02965 0.067948571
58833.777996 24.925622 0.061916589
58833.778564 24.89635 0.057927673
58833.779126 24.93524 0.059905286
58833.779701 24.84176 0.053898083
58833.780275 24.884562 0.05190466
58833.780836 24.940989 0.05887986
58833.781394 25.028402 0.07387135
58833.781959 24.903069 0.053934027
58833.78252 24.950058 0.05293338
58833.783078 24.94529 0.060913179
58833.783656 24.946031 0.059922105
58833.784224 24.916952 0.060931661
58833.784791 24.939988 0.053953771
58833.785359 24.905212 0.042954644
58833.785923 24.806698 0.040963326
58833.786499 24.941015 0.054949892
58833.787075 24.90474 0.052910586
58833.787657 24.953367 0.050962794
58833.788243 24.904632 0.047952282
58833.788815 24.911161 0.048951532
58833.789431 24.855086 0.037968951
58833.789993 24.921909 0.049966727
58833.790558 24.935875 0.047973348
58833.791114 24.95366 0.050956182
58833.791692 24.940391 0.04896746
58833.792254 24.95992 0.045964658
58833.792819 24.864458 0.0439532
58833.793386 24.898672 0.04095196
58833.793945 24.948311 0.043961597
58833.794517 25.001519 0.042963418
58833.79508 24.920669 0.039958321
58833.795646 24.911767 0.038956398
58833.796225 24.896982 0.035967282
58833.79679 24.86397 0.037973884
58833.797352 24.886845 0.03697583
58833.797908 24.910271 0.034975396
58833.798484 24.850811 0.034975973
58833.799061 24.843853 0.033962006
58833.799624 24.912838 0.03596967
58833.800185 24.91059 0.039965926
58833.800756 24.915117 0.03897095
58833.801313 24.875041 0.032971919
58833.801876 24.93227 0.041960118
58833.802443 24.967148 0.041956185
58833.803031 24.853326 0.040975669
58833.803608 24.948708 0.037972855
58833.804175 24.950669 0.041977603
58833.804741 24.970864 0.044972069
58833.805316 24.892458 0.037981561
58833.805876 24.890019 0.038968262
58833.806445 24.847213 0.037980298
58833.807016 24.923239 0.039969011
58833.807582 24.946153 0.045964734
58833.80816 24.916208 0.042973739
58833.808724 24.832774 0.038973894
58833.809281 24.86204 0.036968791
58833.809857 24.944976 0.038972416
58833.810432 24.913055 0.041974415
58833.811002 24.926584 0.039976733
58833.81157 24.926547 0.041978038
58833.812141 24.910781 0.0399796
58833.81271 24.906178 0.034982292
58833.813283 24.899081 0.041976035
58833.81385 24.892564 0.033977354
58833.814425 24.912887 0.040980421
58833.81499 24.918683 0.037975168
58833.815567 24.90795 0.037977942
58833.816133 24.911066 0.038969514
58833.816698 24.912336 0.038975912
58833.817289 24.879299 0.041967042
58833.817864 24.967806 0.049961742
58833.818429 24.93078 0.043969643
58833.819011 24.879164 0.041965464
58833.819573 24.917431 0.039967441
58833.820146 24.874362 0.03794928
58833.82073 24.933618 0.037960321
58833.821295 24.939277 0.040968541
58833.821869 24.924362 0.047968942
58833.822431 24.917102 0.045968556
58833.822986 24.940775 0.04496979
58833.823546 24.911271 0.052966081
58833.824122 24.900107 0.04996176
58833.82469 24.987222 0.060970822
58833.82527 24.941515 0.060966789
58833.825842 24.883388 0.050963629
58833.826414 24.878459 0.050962738
58833.826987 24.934196 0.042967393
58833.827559 24.93313 0.046962259
58833.828123 24.949641 0.045973141
58833.828694 24.916932 0.039969171
58833.829263 24.939177 0.044964179
58833.829826 24.886238 0.038965985
58833.830398 24.890779 0.04796001
58833.830961 24.923658 0.043955999
58833.831526 24.928663 0.037971917
58833.832097 24.968062 0.03997151
58833.83267 24.930912 0.039972066
58833.833228 24.953185 0.040957372
58833.833798 24.882492 0.037966793
58833.834371 24.905107 0.043964003
58833.834936 24.975287 0.039968319
58833.83551 24.815777 0.034972255
58833.836083 24.935355 0.043970769
58833.836648 24.945041 0.04794928
58833.837231 24.917039 0.044950995
58833.837806 24.926092 0.046912747
58833.83839 24.898468 0.042951408
58833.838952 24.968178 0.052934891
58833.839512 24.964281 0.050961399
58833.840078 24.92527 0.05195626
58833.840638 24.827916 0.041967738
58833.841214 24.903045 0.04796661
58833.841784 24.915735 0.044964796
58833.842354 24.86512 0.040971267
58833.842932 24.910486 0.044968856
58833.8435 25.001227 0.046963589
58833.844068 24.941937 0.047965103
58833.84464 24.927747 0.042965215
58833.845192 24.942445 0.0479593
58833.845764 24.931216 0.046976421
58833.846315 24.897848 0.045977465
58833.846882 24.886932 0.044977688
58833.847447 24.911973 0.053976169
58833.848017 24.826927 0.051967343
58833.848583 24.956016 0.061971719
58833.849139 24.887651 0.056958682
58833.849713 24.897882 0.053964968
58833.850286 24.929964 0.051972005
