HJD mag magerr
58833.526351 23.995579 0.060835391
58833.526938 23.884672 0.050622356
58833.527497 23.950366 0.045824584
58833.528073 23.804065 0.044677253
58833.52864 23.935489 0.033833534
58833.529223 23.914727 0.042676463
58833.529794 23.870053 0.045387316
58833.530369 23.951653 0.032820956
58833.530936 23.890726 0.029841406
58833.531508 23.928385 0.025901474
58833.532068 23.957783 0.024910459
58833.532639 23.904107 0.024906477
58833.533201 23.957004 0.024918853
58833.533765 23.896932 0.022922541
58833.534319 23.853681 0.026798112
58833.534878 23.880493 0.023837798
58833.535457 23.897341 0.023843765
58833.536022 23.960687 0.020917267
58833.536586 23.948326 0.02093239
58833.537148 23.950954 0.018960533
58833.537706 23.914741 0.021891485
58833.538275 23.919477 0.020938282
58833.538843 23.939391 0.01894182
58833.539403 23.909962 0.019931669
58833.539961 23.921642 0.017950399
58833.540691 23.951892 0.019958477
58833.54127 23.955827 0.018939373
58833.541834 23.952881 0.018951065
58833.542384 23.983203 0.01895184
58833.542946 23.930022 0.018938928
58833.543507 23.96965 0.016972961
58833.544071 23.940209 0.01796239
58833.544644 23.928383 0.017931643
58833.545206 23.918984 0.019888133
58833.545767 23.945529 0.018958222
58833.54634 23.903574 0.016970571
58833.546924 23.963352 0.017960079
58833.547488 23.996745 0.019925572
58833.548053 23.907147 0.016952478
58833.548633 23.970465 0.017960635
58833.549203 23.946345 0.017966956
58833.549779 23.964188 0.017963921
58833.550355 23.976883 0.018954831
58833.550911 23.989293 0.016966179
58833.551466 23.954236 0.016952705
58833.552025 23.981787 0.018943015
58833.552609 23.997581 0.019949509
58833.553172 24.032459 0.020943625
58833.553736 23.933689 0.018943323
58833.554298 23.973563 0.016971014
58833.554862 23.973875 0.016972232
58833.55542 23.957647 0.020947288
58833.556007 24.024211 0.01997886
58833.556565 24.002512 0.018984444
58833.557125 23.915067 0.01897022
58833.557676 24.024527 0.020967618
58833.558245 24.005656 0.018959293
58833.558811 23.969855 0.018954685
58833.559373 23.986197 0.017951557
58833.559928 24.045417 0.019915888
58833.560497 24.064803 0.023826347
58833.561052 23.984737 0.016952125
58833.561629 24.083304 0.020899043
58833.562183 23.999393 0.018936326
58833.562742 24.010163 0.016957614
58833.563315 23.972212 0.017961691
58833.563889 24.040822 0.020906762
58833.564461 24.049791 0.01980629
58833.565019 23.970993 0.016911674
58833.565576 24.016688 0.01399354
58833.566153 24.002929 0.016953511
58833.566722 24.053056 0.018959622
58833.56729 24.034473 0.016958717
58833.56785 24.123405 0.020935991
58833.568406 24.009299 0.015973099
58833.568961 24.007194 0.015978868
58833.569533 24.023646 0.015988802
58833.570095 24.028774 0.016978992
58833.57065 24.038981 0.016982912
58833.57121 23.998703 0.015979427
58833.571768 24.033769 0.016972944
58833.572322 24.033759 0.016976146
58833.572898 24.063586 0.016963732
58833.573468 24.066952 0.018917578
58833.574037 24.074027 0.019927475
58833.574593 24.065511 0.017919991
58833.575159 24.053105 0.022743188
58833.575726 24.087922 0.018887308
58833.576286 24.048139 0.019841945
58833.576839 24.066008 0.017907906
58833.577403 24.091562 0.018938997
58833.577964 24.048522 0.016951193
58833.578544 24.093463 0.019947507
58833.579114 24.071127 0.018881835
58833.579688 24.060237 0.018932185
58833.580238 24.033803 0.019916185
58833.58081 24.0874 0.01989533
58833.581375 24.157763 0.018903122
58833.581944 24.116895 0.01992227
58833.582509 24.066985 0.016950651
58833.58308 24.121169 0.020917088
58833.583647 24.087889 0.017923173
58833.584215 24.19794 0.022847603
58833.584762 24.087916 0.016938105
58833.585316 24.044397 0.019838294
58833.585886 24.078304 0.016957717
58833.586442 24.087466 0.018919358
58833.587001 24.06938 0.017946216
58833.587566 24.062849 0.023802882
58833.58814 24.045627 0.020868546
58833.588711 24.099335 0.015980725
58833.589285 24.091571 0.013980698
58833.589857 24.019813 0.018871118
58833.590423 24.203198 0.021861698
58833.590994 24.116843 0.021862712
58833.591559 24.103919 0.026773068
58833.592112 24.119931 0.025752831
58833.592665 24.078813 0.02574633
58833.593224 24.083634 0.027654901
58833.593796 24.135511 0.029768316
58833.594369 24.271931 0.031639415
58833.59492 24.130419 0.029742221
58833.595528 24.113519 0.023811081
58833.596082 24.136668 0.02385998
58833.596665 24.13527 0.024881493
58833.597231 24.142517 0.024856907
58833.597797 24.147366 0.02090882
58833.59838 24.108566 0.01893948
58833.598947 24.148174 0.018961095
58833.599512 24.128186 0.020928409
58833.60009 24.152451 0.020940328
58833.600655 24.118997 0.019956387
58833.601221 24.122732 0.017945023
58833.601788 24.144804 0.01994644
58833.602358 24.128144 0.01994332
58833.602926 24.135698 0.020944846
58833.60349 24.175195 0.023836417
58833.604047 24.157066 0.02094223
58833.604615 24.153938 0.020908624
58833.605171 24.233529 0.025894278
58833.605736 24.135767 0.022908273
58833.606292 24.163438 0.023903727
58833.606846 24.128152 0.021880804
58833.607409 24.131152 0.024835307
58833.607972 24.114275 0.024877439
58833.608554 24.192297 0.023901395
58833.609122 24.143922 0.0238939
58833.609691 24.178174 0.024860754
58833.61027 24.171568 0.022896462
58833.610843 24.214641 0.019866117
58833.611415 24.186296 0.02088196
58833.611993 24.152694 0.020875128
58833.612577 24.212849 0.01987002
58833.613137 24.12924 0.021862464
58833.613696 24.226366 0.021862699
58833.614278 24.211638 0.020872098
58833.614853 24.203251 0.022838745
58833.615407 24.193886 0.020901444
58833.615983 24.158848 0.022887808
58833.616534 24.111819 0.019913297
58833.617093 24.203194 0.024893528
58833.617655 24.161878 0.020934054
58833.618216 24.212449 0.02291948
58833.618781 24.186264 0.021941483
58833.619336 24.212995 0.021937851
58833.619908 24.23906 0.022920983
58833.620489 24.241802 0.020930464
58833.621073 24.182187 0.018954056
58833.621643 24.198633 0.021863571
58833.622212 24.185991 0.020921363
58833.622786 24.216239 0.024886925
58833.623339 24.199262 0.022861123
58833.623898 24.213017 0.023855779
58833.624467 24.199907 0.022936188
58833.625042 24.222613 0.020925922
58833.625625 24.202754 0.019942737
58833.626195 24.261791 0.019957234
58833.626758 24.187027 0.020955281
58833.627345 24.232068 0.020951642
58833.627901 24.225504 0.01996249
58833.628481 24.224438 0.021936103
58833.629058 24.208449 0.019956679
58833.629625 24.223613 0.020935677
58833.630194 24.269906 0.018963271
58833.630754 24.240958 0.019967243
58833.631339 24.293342 0.023892209
58833.631919 24.219157 0.025840695
58833.632476 24.23447 0.025830775
58833.633035 24.187645 0.022859929
58833.633609 24.191935 0.02184987
58833.634176 24.272793 0.028936925
58833.63477 24.225838 0.024912133
58833.63533 24.24333 0.023912422
58833.635896 24.227913 0.022927798
58833.636454 24.219987 0.019967256
58833.637031 24.246354 0.020937653
58833.637603 24.239548 0.023913104
58833.638178 24.23865 0.021912427
58833.638751 24.261179 0.02393596
58833.639317 24.251558 0.020958744
58833.639885 24.23246 0.021942156
58833.640451 24.263925 0.021959435
58833.641017 24.23834 0.016980535
58833.641587 24.265242 0.018973785
58833.642165 24.240247 0.020968032
58833.642733 24.214882 0.019965538
58833.643298 24.255876 0.024933516
58833.643881 24.221762 0.021949389
58833.644463 24.237011 0.020969738
58833.645038 24.212342 0.019966589
58833.645621 24.226062 0.021941915
58833.646196 24.25086 0.02394313
58833.646775 24.267917 0.021942837
58833.647352 24.250427 0.022946359
58833.647947 24.276171 0.021961908
58833.648518 24.234045 0.019972877
58833.649091 24.227404 0.020952665
58833.649661 24.280806 0.022946751
58833.650234 24.275398 0.020970924
58833.650812 24.260618 0.022953587
58833.651385 24.249763 0.021944203
58833.651942 24.224825 0.021943322
58833.652501 24.263898 0.021965662
58833.653051 24.2512 0.0229697
58833.653627 24.267723 0.020967497
58833.654196 24.221702 0.021941965
58833.654761 24.273974 0.021969727
58833.655332 24.264566 0.02296647
58833.655903 24.255564 0.022971802
58833.656459 24.248118 0.020973795
58833.657018 24.283499 0.020976945
58833.657575 24.207315 0.022955118
58833.658134 24.226814 0.020948698
58833.658729 24.246307 0.0219457
58833.659291 24.276894 0.021971825
58833.659866 24.235167 0.019974641
58833.660428 24.230144 0.021943676
58833.660996 24.246435 0.021970064
58833.661568 24.303486 0.023961873
58833.662129 24.253684 0.020951225
58833.662686 24.271263 0.026907376
58833.663254 24.255546 0.022952235
58833.663845 24.287781 0.022959824
58833.664399 24.252424 0.023962198
58833.664959 24.30274 0.021977629
58833.66553 24.230305 0.022974919
58833.666087 24.243501 0.022974811
58833.666661 24.225802 0.020978501
58833.66724 24.231063 0.022970899
58833.667808 24.27377 0.025975522
58833.668374 24.266917 0.024976242
58833.66894 24.2385 0.021976101
58833.669515 24.218583 0.022971561
58833.670105 24.270815 0.023964471
58833.670664 24.244607 0.023962728
58833.671231 24.28924 0.02595142
58833.671792 24.261074 0.023949782
58833.672357 24.239815 0.023960377
58833.672921 24.251484 0.024957855
58833.6735 24.238174 0.024967241
58833.674063 24.233476 0.022958365
58833.674632 24.265372 0.025932754
58833.675223 24.206837 0.026903015
58833.67579 24.199447 0.02695116
58833.67635 24.211978 0.024935198
58833.676916 24.242343 0.026933176
58833.677484 24.273001 0.024948049
58833.678056 24.236082 0.027935512
58833.678616 24.23254 0.03085636
58833.679182 24.247472 0.03084133
58833.679761 24.31374 0.038799849
58833.680323 24.237349 0.038700847
0.0 0.0 0.0
58833.681455 24.23617 0.037786906
58833.68202 24.273498 0.033853506
58833.682591 24.214166 0.034712709
58833.683157 24.174554 0.031868526
58833.683728 24.269425 0.029803231
58833.68429 24.277216 0.035797656
58833.684864 24.210821 0.027916301
58833.685427 24.221771 0.028874506
58833.686006 24.236515 0.029897327
58833.68663 24.2449 0.025944573
58833.687197 24.197211 0.027953455
58833.687766 24.258005 0.026954922
58833.688335 24.215384 0.028930462
58833.6889 24.243606 0.024950902
58833.689473 24.18717 0.028910518
58833.690035 24.25612 0.027912154
58833.690606 24.246072 0.026918862
58833.691182 24.248008 0.025949877
58833.691769 24.230526 0.02690015
58833.692334 24.220754 0.029825403
58833.692912 24.245723 0.027868335
58833.693482 24.229051 0.02493282
58833.694055 24.237427 0.025905766
58833.694629 24.233453 0.02695042
58833.695214 24.20462 0.026945302
58833.695788 24.244516 0.024944129
58833.696709 24.202676 0.030875184
58833.697282 24.209371 0.031852686
58833.697854 24.208779 0.030882802
58833.698426 24.248161 0.02795259
58833.698997 24.237492 0.032913656
58833.699574 24.217358 0.026946613
58833.700162 24.204011 0.026957613
58833.700738 24.175013 0.026912941
58833.701314 24.218434 0.025957017
58833.701879 24.257888 0.037947065
58833.702433 24.183525 0.031945532
58833.702997 24.223761 0.023974087
58833.703569 24.241311 0.024968193
58833.704138 24.241994 0.027974466
58833.704693 24.199829 0.025967624
58833.705269 24.197554 0.026947175
58833.705842 24.203707 0.026953782
58833.706416 24.173771 0.029933022
58833.706995 24.209537 0.02496701
58833.70756 24.242553 0.025968747
58833.708139 24.204281 0.023964943
58833.708701 24.194253 0.028936101
58833.709269 24.214262 0.025956971
58833.709837 24.168132 0.023967485
58833.710398 24.194189 0.023958487
58833.710961 24.210583 0.02695474
58833.711531 24.148549 0.025937418
58833.712096 24.198797 0.026952404
58833.712678 24.173537 0.024919712
58833.713245 24.200183 0.027912355
58833.713811 24.159931 0.025933962
58833.71438 24.108728 0.02593043
58833.714942 24.127759 0.023937653
58833.715515 24.14901 0.024961247
58833.716099 24.14977 0.023969139
58833.716662 24.145719 0.02297491
58833.717217 24.133535 0.023944949
58833.717786 24.165176 0.023971501
58833.718352 24.163353 0.023965673
58833.718933 24.094696 0.023952135
58833.719515 24.082032 0.02593952
58833.720081 24.083309 0.026881349
58833.720652 24.13706 0.022962419
58833.721229 24.130078 0.022948749
58833.721798 24.146218 0.024930682
58833.722365 24.123882 0.023938701
58833.722938 24.087736 0.021961926
58833.723517 24.104312 0.022954008
58833.724095 24.086355 0.02194875
58833.724659 24.082157 0.023952792
58833.725228 24.026261 0.022935332
58833.725794 24.06935 0.022937308
58833.726369 24.05754 0.025906687
58833.726949 24.049949 0.023921491
58833.727521 24.060323 0.02389395
58833.728085 24.032068 0.023909935
58833.728659 24.044253 0.023943442
58833.729226 24.086156 0.021952693
58833.729803 24.051932 0.024916673
58833.730359 24.00861 0.021956421
58833.730924 23.988051 0.020964995
58833.731502 24.000903 0.022948663
58833.732059 24.034137 0.025891991
58833.732632 24.013074 0.024921128
58833.733194 24.007334 0.023918725
58833.733759 24.025351 0.026830419
58833.734321 23.991555 0.025858632
58833.734879 23.925985 0.024881884
58833.735444 23.988745 0.027850806
58833.736003 23.987297 0.028872107
58833.736571 23.989654 0.031774007
58833.737136 23.973872 0.029793245
58833.737691 23.94992 0.024897929
58833.738267 23.982638 0.028766749
58833.738823 23.963735 0.02488135
58833.739382 23.948631 0.02386967
58833.739948 23.921361 0.02684897
58833.740522 23.995019 0.025878692
58833.741085 23.97806 0.028761809
58833.741647 23.917159 0.024882719
58833.742215 23.904037 0.024856365
58833.742788 23.8985 0.025814864
58833.743365 23.889797 0.025889322
58833.743953 23.863881 0.024892755
58833.744526 23.872663 0.023905281
58833.745093 23.877646 0.022903166
58833.745664 23.902823 0.023919643
58833.746226 23.892051 0.023928143
58833.746789 23.884611 0.020942885
58833.747358 23.867453 0.020924506
58833.747921 23.871473 0.021910713
58833.748478 23.862037 0.020954616
58833.749035 23.868361 0.020963377
58833.749599 23.87044 0.018959353
58833.750168 23.856827 0.021867105
58833.750733 23.887472 0.023853867
58833.751298 23.806484 0.023838332
58833.751854 23.890215 0.026824426
58833.752416 23.842044 0.023873947
58833.752988 23.854543 0.023882274
58833.753539 23.837184 0.020926425
58833.7541 23.847004 0.022900844
58833.754655 23.860009 0.021927529
58833.75523 23.893626 0.018971461
58833.755803 23.847412 0.021946742
58833.756377 23.859649 0.02291248
58833.756948 23.878318 0.019972448
58833.757519 23.882236 0.021973632
58833.758074 23.837908 0.019972357
58833.758639 23.883674 0.024923245
58833.759204 23.91283 0.023927104
58833.759765 23.868159 0.02495813
58833.760341 23.822335 0.021960537
58833.760921 23.885147 0.024960422
58833.761489 23.835785 0.027914115
58833.76205 23.861966 0.024948747
58833.762618 23.850982 0.022945269
58833.763196 23.857504 0.024932232
58833.763771 23.818141 0.023940474
58833.764345 23.868002 0.021971067
58833.764904 23.866136 0.020964279
58833.765469 23.865372 0.022944312
58833.766035 23.88238 0.024961223
58833.766604 23.895428 0.022954433
58833.767179 23.858094 0.02197041
58833.767754 23.877771 0.022970199
58833.768337 23.876407 0.022959993
58833.768906 23.881544 0.02096931
58833.769468 23.859124 0.022959565
58833.770037 23.847141 0.023918038
58833.770609 23.83805 0.024947511
58833.771176 23.840315 0.025895994
58833.77175 23.831845 0.02789654
58833.772312 23.850593 0.027886827
58833.772873 23.804485 0.029853998
58833.773436 23.855507 0.032873311
58833.774013 23.838628 0.032780775
58833.774581 23.772008 0.028849206
58833.775149 23.806826 0.027841528
58833.775718 23.831498 0.028895169
58833.776274 23.841866 0.028891902
58833.776849 23.828962 0.026926036
58833.777425 23.841626 0.025919125
58833.777996 23.781352 0.026899407
58833.778564 23.858145 0.026921029
58833.779126 23.82782 0.029891863
58833.779701 23.795008 0.026812181
58833.780275 23.844103 0.024905676
58833.780836 23.862611 0.027864927
58833.781394 23.844975 0.027874438
58833.781959 23.854889 0.025926342
58833.78252 23.833356 0.027801941
58833.783078 23.790935 0.027890409
58833.783656 23.802233 0.024909374
58833.784224 23.869138 0.024928227
58833.784791 23.82576 0.023946817
58833.785359 23.87373 0.025923086
58833.785923 23.786173 0.022917407
58833.786499 23.83416 0.022945697
58833.787075 23.852539 0.030941985
58833.787657 23.833813 0.02494747
58833.788243 23.828486 0.023944601
58833.788815 23.790974 0.022965034
58833.789431 23.82375 0.020968885
58833.789993 23.813939 0.02396007
58833.790558 23.803843 0.022966748
58833.791114 23.846698 0.022959967
58833.791692 23.828561 0.021974167
58833.792254 23.817557 0.020970837
58833.792819 23.83094 0.020957263
58833.793386 23.80382 0.019969535
58833.793945 23.809309 0.021945667
58833.794517 23.814712 0.019970525
58833.79508 23.833776 0.020955491
58833.795646 23.827118 0.019971725
58833.796225 23.827592 0.017980208
58833.79679 23.881118 0.019982126
58833.797352 23.822751 0.021954513
58833.797908 23.795995 0.019979396
58833.798484 23.84255 0.019978774
58833.799061 23.822854 0.017976955
58833.799624 23.825061 0.019964335
58833.800185 23.807456 0.020942236
58833.800756 23.829255 0.018975624
58833.801313 23.83262 0.017977588
58833.801876 23.860212 0.020970022
58833.802443 23.800116 0.018970381
58833.803031 23.836087 0.018975636
58833.803608 23.852057 0.01897233
58833.804175 23.841641 0.019982962
58833.804741 23.878188 0.020981136
58833.805316 23.822689 0.019978665
58833.805876 23.86975 0.021973058
58833.806445 23.822466 0.01998446
58833.807016 23.83427 0.021972884
58833.807582 23.82124 0.020971607
58833.80816 23.838749 0.02395234
58833.808724 23.822854 0.019975201
58833.809281 23.839588 0.018974574
58833.809857 23.840182 0.018974075
58833.810432 23.86585 0.022969947
58833.811002 23.847919 0.021973616
58833.81157 23.879467 0.019981541
58833.812141 23.853088 0.019983623
58833.81271 23.870735 0.019983293
58833.813283 23.865408 0.019976246
58833.81385 23.846676 0.017985182
58833.814425 23.85696 0.018984373
58833.81499 23.879718 0.018984608
58833.815567 23.892567 0.019985276
58833.816133 23.863808 0.020960344
58833.816698 23.910161 0.021971105
58833.817289 23.837692 0.021962717
58833.817864 23.861435 0.021960804
58833.818429 23.866905 0.021951638
58833.819011 23.885519 0.021965605
58833.819573 23.866092 0.022949705
58833.820146 23.8834 0.019970797
58833.82073 23.870774 0.018973994
58833.821295 23.881952 0.021968437
58833.821869 23.872908 0.023960523
58833.822431 23.908426 0.023965225
58833.822986 23.930454 0.021977505
58833.823546 23.908612 0.026957107
58833.824122 23.865029 0.020968447
58833.82469 23.907045 0.024956323
58833.82527 23.949337 0.026967584
58833.825842 23.887096 0.025970252
58833.826414 23.864313 0.023948852
58833.826987 23.916058 0.021968881
58833.827559 23.880674 0.023964091
58833.828123 23.896159 0.025972777
58833.828694 23.872611 0.021955683
58833.829263 23.927389 0.022919613
58833.829826 23.871698 0.020975952
58833.830398 23.927589 0.022958411
58833.830961 23.908766 0.02395261
58833.831526 23.892015 0.020973771
58833.832097 23.951331 0.019977102
58833.83267 23.904144 0.021960189
58833.833228 23.902624 0.021973716
58833.833798 23.905896 0.023924538
58833.834371 23.88021 0.022952637
58833.834936 23.952459 0.020967966
58833.83551 23.91834 0.021965052
58833.836083 23.937922 0.020963755
58833.836648 23.930337 0.020965226
58833.837231 23.916542 0.02294941
58833.837806 23.93123 0.024933392
58833.83839 23.903738 0.022934183
58833.838952 23.897402 0.025919061
58833.839512 23.933885 0.024963399
58833.840078 23.926156 0.023936231
58833.840638 23.900627 0.022966282
58833.841214 23.937514 0.023970511
58833.841784 23.904501 0.020967448
58833.842354 23.943209 0.023964274
58833.842932 23.930149 0.021968256
58833.8435 23.916671 0.022967088
58833.844068 23.981358 0.022975064
58833.84464 23.964234 0.022966264
58833.845192 23.938758 0.02297244
58833.845764 23.965457 0.020979332
58833.846315 23.931109 0.024972317
58833.846882 23.949857 0.022977095
58833.847447 23.932765 0.024974319
58833.848017 23.948379 0.027973757
58833.848583 23.962072 0.027971916
58833.849139 23.907292 0.026962909
58833.849713 23.957114 0.025970196
58833.850286 23.939757 0.024975126
