HJD mag magerr
58833.526351 23.737413 0.049795826
0.0 0.0 0.0
58833.527497 23.78357 0.044813125
58833.528073 23.682866 0.035787826
58833.52864 23.676131 0.029823888
58833.529223 23.702588 0.036659873
58833.529794 23.639849 0.036514049
58833.530369 23.707189 0.030756787
58833.530936 23.680434 0.026847176
0.0 0.0 0.0
58833.532068 23.723007 0.020925771
58833.532639 23.666214 0.021876135
58833.533201 23.724594 0.0229264
58833.533765 23.700447 0.021929245
58833.534319 23.706428 0.023814777
0.0 0.0 0.0
0.0 0.0 0.0
0.0 0.0 0.0
58833.536586 23.716396 0.019933254
58833.537148 23.756347 0.017939416
58833.537706 23.678032 0.018891214
58833.538275 23.728748 0.018945595
58833.538843 23.727214 0.017945814
58833.539403 23.711522 0.017937071
0.0 0.0 0.0
58833.540691 23.749466 0.018959461
58833.54127 23.688376 0.016930895
58833.541834 23.74385 0.017959505
58833.542384 23.739256 0.019910717
58833.542946 23.704622 0.016943057
58833.543507 23.726517 0.016972266
58833.544071 23.782368 0.018967004
0.0 0.0 0.0
58833.545206 23.699049 0.016950943
58833.545767 23.739516 0.018952823
0.0 0.0 0.0
58833.546924 23.724141 0.016937432
58833.547488 23.79248 0.016942907
58833.548053 23.791624 0.017939193
58833.548633 23.765584 0.017946686
58833.549203 23.779786 0.016971416
58833.549779 23.732533 0.017957174
58833.550355 23.758271 0.018959527
58833.550911 23.741409 0.01696921
58833.551466 23.771434 0.018937234
0.0 0.0 0.0
0.0 0.0 0.0
58833.553172 23.770836 0.019924563
58833.553736 23.752704 0.016949708
58833.554298 23.78979 0.017966879
58833.554862 23.791714 0.018957466
58833.55542 23.789644 0.018973695
58833.556007 23.785244 0.019971377
58833.556565 23.793813 0.019976638
58833.557125 23.794296 0.019971147
58833.557676 23.819606 0.017974934
58833.558245 23.791257 0.018962536
0.0 0.0 0.0
58833.559373 23.788779 0.017937287
58833.559928 23.822187 0.017914332
0.0 0.0 0.0
58833.561052 23.821242 0.017939291
58833.561629 23.81838 0.020913171
58833.562183 23.836697 0.017941149
58833.562742 23.809572 0.01695637
58833.563315 23.880973 0.016944085
58833.563889 23.768025 0.01790581
0.0 0.0 0.0
58833.565019 23.781987 0.013975816
58833.565576 23.817688 0.016989165
58833.566153 23.739975 0.014969564
0.0 0.0 0.0
0.0 0.0 0.0
58833.56785 23.75572 0.016923641
0.0 0.0 0.0
58833.568961 23.901492 0.016975157
58833.569533 23.782391 0.015982887
58833.570095 23.816319 0.016974389
58833.57065 23.859255 0.013986678
58833.57121 23.827374 0.014985258
0.0 0.0 0.0
0.0 0.0 0.0
58833.572898 23.849512 0.016951075
0.0 0.0 0.0
58833.574037 23.827169 0.017933553
0.0 0.0 0.0
58833.575159 23.864832 0.019780027
58833.575726 23.904073 0.017861893
58833.576286 23.755496 0.01586883
0.0 0.0 0.0
58833.577403 23.793275 0.016931218
58833.577964 23.875128 0.017953263
0.0 0.0 0.0
58833.579114 23.849202 0.017933114
58833.579688 23.809533 0.017915367
0.0 0.0 0.0
0.0 0.0 0.0
58833.581375 23.765309 0.017893027
58833.581944 23.805335 0.016910036
58833.582509 23.847676 0.016951654
58833.58308 23.842399 0.018920108
0.0 0.0 0.0
58833.584215 23.832407 0.01880568
0.0 0.0 0.0
58833.585316 23.805081 0.014928703
0.0 0.0 0.0
58833.586442 23.843635 0.017915954
58833.587001 23.864495 0.015949669
0.0 0.0 0.0
0.0 0.0 0.0
58833.588711 23.845225 0.016953589
58833.589285 23.9173 0.013975096
58833.589857 23.817776 0.015939832
0.0 0.0 0.0
58833.590994 23.880898 0.017906657
0.0 0.0 0.0
0.0 0.0 0.0
58833.592665 23.847613 0.023803461
58833.593224 23.913924 0.023847902
58833.593796 23.933269 0.027805435
0.0 0.0 0.0
58833.59492 23.961421 0.026584119
58833.595528 23.880873 0.019872218
58833.596082 23.925048 0.022830682
0.0 0.0 0.0
58833.597231 23.906616 0.019876078
58833.597797 23.909698 0.019908835
58833.59838 23.925167 0.019932953
58833.598947 23.889146 0.016937494
58833.599512 23.915322 0.019920524
0.0 0.0 0.0
0.0 0.0 0.0
58833.601221 23.907153 0.018916493
58833.601788 23.938622 0.018940619
58833.602358 24.059246 0.017936844
0.0 0.0 0.0
0.0 0.0 0.0
58833.604047 23.89755 0.017928858
58833.604615 23.935177 0.021870502
58833.605171 23.904067 0.020894497
58833.605736 23.914439 0.021875936
58833.606292 23.910837 0.020891819
0.0 0.0 0.0
58833.607409 23.927755 0.019888878
58833.607972 23.943629 0.02387817
58833.608554 23.958316 0.02286064
58833.609122 23.931265 0.020927654
0.0 0.0 0.0
58833.61027 23.896722 0.018888049
58833.610843 23.976689 0.019898488
58833.611415 23.953209 0.018872493
58833.611993 23.955495 0.01885681
0.0 0.0 0.0
0.0 0.0 0.0
0.0 0.0 0.0
0.0 0.0 0.0
58833.614853 23.956479 0.020823587
58833.615407 23.923542 0.019833095
0.0 0.0 0.0
58833.616534 23.943973 0.018906623
58833.617093 23.893453 0.019890944
58833.617655 23.970151 0.019924117
0.0 0.0 0.0
58833.618781 23.954721 0.020950647
58833.619336 23.920076 0.019924879
58833.619908 23.991399 0.022897384
58833.620489 23.95698 0.018919928
58833.621073 23.956748 0.017949118
58833.621643 23.966223 0.019905947
58833.622212 23.949733 0.020914261
58833.622786 23.962695 0.022879185
58833.623339 23.995199 0.021896784
58833.623898 23.966894 0.020911045
58833.624467 23.954332 0.01893479
58833.625042 23.948523 0.017928273
58833.625625 24.035359 0.020923942
58833.626195 24.028655 0.019952189
58833.626758 23.972648 0.019929059
58833.627345 23.953658 0.018952345
0.0 0.0 0.0
58833.628481 23.989433 0.01895478
0.0 0.0 0.0
0.0 0.0 0.0
58833.630194 24.008022 0.017969878
0.0 0.0 0.0
58833.631339 23.953166 0.020847185
0.0 0.0 0.0
58833.632476 23.999917 0.022865091
58833.633035 23.99481 0.021876857
58833.633609 24.061254 0.023889304
58833.634176 24.053526 0.027901617
58833.63477 23.985078 0.020913052
58833.63533 24.004738 0.020956136
58833.635896 24.001621 0.020921295
58833.636454 23.978252 0.016964913
58833.637031 23.996913 0.019923572
58833.637603 24.085825 0.020939781
58833.638178 23.997131 0.018939683
58833.638751 23.97811 0.018956532
58833.639317 24.01346 0.0209471
0.0 0.0 0.0
58833.640451 24.039695 0.018980688
58833.641017 24.062301 0.019972139
58833.641587 24.009955 0.018957807
58833.642165 23.989137 0.018958982
58833.642733 23.995194 0.019958387
58833.643298 24.019374 0.018969566
0.0 0.0 0.0
58833.644463 24.015079 0.017977384
58833.645038 24.005726 0.017962693
58833.645621 24.049893 0.018957349
58833.646196 24.033711 0.021927635
58833.646775 24.037866 0.020958355
58833.647352 24.042678 0.019959649
58833.647947 23.976105 0.022925722
58833.648518 24.032148 0.018976419
58833.649091 24.018846 0.020960967
58833.649661 24.038843 0.021956773
58833.650234 24.036837 0.01996711
58833.650812 24.033924 0.017975263
0.0 0.0 0.0
58833.651942 24.046908 0.020954726
58833.652501 24.035518 0.021954911
58833.653051 24.039675 0.019976087
58833.653627 24.032886 0.017963827
0.0 0.0 0.0
58833.654761 24.057654 0.019962447
58833.655332 24.052154 0.018974452
58833.655903 24.061449 0.018981146
58833.656459 24.05063 0.018980247
58833.657018 24.066707 0.020977498
0.0 0.0 0.0
0.0 0.0 0.0
58833.658729 24.06193 0.019971
0.0 0.0 0.0
0.0 0.0 0.0
0.0 0.0 0.0
58833.660996 24.057839 0.019970911
0.0 0.0 0.0
0.0 0.0 0.0
58833.662686 24.043109 0.020931322
58833.663254 24.079362 0.019974252
58833.663845 24.057235 0.020939631
58833.664399 24.102591 0.020958731
58833.664959 24.064526 0.02195967
0.0 0.0 0.0
58833.666087 24.098956 0.018982334
58833.666661 24.090842 0.018983779
58833.66724 24.090308 0.019981408
58833.667808 24.093775 0.022974293
58833.668374 24.108521 0.020980442
58833.66894 24.073991 0.021976254
58833.669515 24.094546 0.02197929
58833.670105 24.082165 0.021969731
58833.670664 24.072635 0.021950732
58833.671231 24.109869 0.020956652
58833.671792 24.077844 0.022952089
0.0 0.0 0.0
58833.672921 24.066203 0.02196028
58833.6735 24.143312 0.022969585
58833.674063 24.086546 0.019972999
58833.674632 24.083169 0.024945134
58833.675223 24.046542 0.023917914
58833.67579 24.124215 0.024936968
0.0 0.0 0.0
58833.676916 24.107738 0.021954569
58833.677484 24.066169 0.023938097
58833.678056 24.089281 0.024934374
58833.678616 24.093548 0.02882676
58833.679182 24.07265 0.026884661
0.0 0.0 0.0
0.0 0.0 0.0
58833.680894 24.129445 0.030753111
58833.681455 24.067141 0.028844942
58833.68202 24.056332 0.031758284
0.0 0.0 0.0
58833.683157 24.047865 0.029851607
0.0 0.0 0.0
0.0 0.0 0.0
58833.684864 24.086147 0.027894873
58833.685427 24.131331 0.026895284
0.0 0.0 0.0
58833.68663 24.089941 0.025934859
58833.687197 24.115916 0.026931911
58833.687766 24.071791 0.026938072
58833.688335 24.155854 0.027944389
58833.6889 24.106378 0.024930051
58833.689473 24.117881 0.027920297
58833.690035 24.151314 0.02492729
0.0 0.0 0.0
58833.691182 24.147303 0.02494746
58833.691769 24.118678 0.024919098
58833.692334 24.135291 0.027906854
58833.692912 24.119324 0.032886016
58833.693482 24.112449 0.023914541
58833.694055 24.156263 0.024922264
58833.694629 24.146445 0.025953686
58833.695214 24.126296 0.024930829
58833.695788 24.144451 0.025926056
58833.696709 24.134622 0.027904317
58833.697282 24.152082 0.030870966
58833.697854 24.108122 0.027909244
0.0 0.0 0.0
58833.698997 24.14016 0.032905095
58833.699574 24.133208 0.024949536
58833.700162 24.195694 0.025955206
58833.700738 24.155367 0.026944897
58833.701314 24.10401 0.025952644
58833.701879 24.213078 0.037940213
58833.702433 24.181745 0.028965151
58833.702997 24.143949 0.02496921
58833.703569 24.169926 0.022971786
58833.704138 24.162742 0.021975675
58833.704693 24.136966 0.026964642
58833.705269 24.148203 0.022961373
58833.705842 24.148942 0.024952758
58833.706416 24.173821 0.025942449
0.0 0.0 0.0
58833.70756 24.19362 0.0299563
58833.708139 24.149816 0.023962106
58833.708701 24.127114 0.022962482
58833.709269 24.188894 0.027961524
58833.709837 24.143755 0.025934339
58833.710398 24.1204 0.02395804
0.0 0.0 0.0
58833.711531 24.146005 0.024941059
58833.712096 24.196269 0.027924009
0.0 0.0 0.0
58833.713245 24.1633 0.025923137
58833.713811 24.16723 0.023953365
58833.71438 24.13447 0.023957458
58833.714942 24.174467 0.025947702
58833.715515 24.205338 0.024956071
0.0 0.0 0.0
58833.716662 24.15188 0.024966581
58833.717217 24.196326 0.025966306
58833.717786 24.17941 0.024943063
58833.718352 24.146127 0.025936423
58833.718933 24.181238 0.025932426
58833.719515 24.168197 0.025956266
58833.720081 24.207267 0.026925357
58833.720652 24.203775 0.024946258
0.0 0.0 0.0
58833.721798 24.158562 0.025938374
58833.722365 24.204008 0.023960421
58833.722938 24.201082 0.022962109
58833.723517 24.177897 0.022959173
58833.724095 24.180339 0.021965817
58833.724659 24.188744 0.025930336
58833.725228 24.209456 0.024944905
58833.725794 24.23266 0.024957795
58833.726369 24.185805 0.025904615
58833.726949 24.212579 0.027899865
58833.727521 24.166252 0.024875765
58833.728085 24.166619 0.024926554
0.0 0.0 0.0
58833.729226 24.179915 0.026932253
0.0 0.0 0.0
58833.730359 24.190449 0.023957153
58833.730924 24.198559 0.02196594
58833.731502 24.223493 0.025945945
58833.732059 24.214073 0.026916897
58833.732632 24.24052 0.026927543
58833.733194 24.240565 0.028934345
58833.733759 24.178023 0.031854226
58833.734321 24.216173 0.030884703
58833.734879 24.249348 0.030865398
58833.735444 24.228029 0.031823457
58833.736003 24.239754 0.031889086
58833.736571 24.161059 0.035809924
58833.737136 24.247872 0.032869562
0.0 0.0 0.0
58833.738267 24.216132 0.035732273
0.0 0.0 0.0
58833.739382 24.173681 0.029849827
58833.739948 24.239753 0.030832632
58833.740522 24.249917 0.034795949
58833.741085 24.199518 0.034765515
58833.741647 24.163213 0.029875011
58833.742215 24.175954 0.028895747
58833.742788 24.206124 0.028807941
0.0 0.0 0.0
58833.743953 24.241948 0.03286853
58833.744526 24.226177 0.028886199
58833.745093 24.222568 0.026919181
58833.745664 24.228588 0.026905926
58833.746226 24.205699 0.0259136
58833.746789 24.205247 0.026917181
58833.747358 24.211341 0.027935962
58833.747921 24.210081 0.02493411
58833.748478 24.200461 0.024954496
58833.749035 24.280869 0.025956342
58833.749599 24.257297 0.026956493
58833.750168 24.216538 0.027881522
58833.750733 24.178356 0.026887049
58833.751298 24.183754 0.029796997
0.0 0.0 0.0
58833.752416 24.260665 0.028894389
0.0 0.0 0.0
58833.753539 24.262543 0.027907009
58833.7541 24.238311 0.025925215
58833.754655 24.24209 0.024953929
58833.75523 24.232039 0.025956287
58833.755803 24.270683 0.029947632
58833.756377 24.263925 0.026947022
0.0 0.0 0.0
58833.757519 24.221981 0.026959115
58833.758074 24.257562 0.028940982
0.0 0.0 0.0
58833.759204 24.237837 0.033912177
58833.759765 24.251252 0.032936516
58833.760341 24.258167 0.030953222
58833.760921 24.225906 0.031944461
58833.761489 24.246661 0.034879837
58833.76205 24.27264 0.026945326
58833.762618 24.241978 0.032922754
58833.763196 24.270655 0.026955717
58833.763771 24.243694 0.026959824
0.0 0.0 0.0
58833.764904 24.263378 0.027970251
58833.765469 24.232476 0.027962665
58833.766035 24.251232 0.028958331
58833.766604 24.280201 0.030939179
58833.767179 24.262261 0.030954757
58833.767754 24.290059 0.03196436
58833.768337 24.255754 0.025958037
58833.768906 24.288957 0.031956335
58833.769468 24.250041 0.027949572
58833.770037 24.292786 0.02895268
58833.770609 24.25496 0.032950699
58833.771176 24.279103 0.03589682
58833.77175 24.286626 0.034899645
58833.772312 24.250931 0.037850968
58833.772873 24.224019 0.035833549
58833.773436 24.232799 0.041815524
58833.774013 24.287723 0.044848063
58833.774581 24.228305 0.037877696
58833.775149 24.262299 0.039871316
58833.775718 24.309311 0.039872169
58833.776274 24.2309 0.035902996
58833.776849 24.320306 0.035927414
58833.777425 24.285516 0.037916678
58833.777996 24.29069 0.037878564
58833.778564 24.265248 0.031932536
0.0 0.0 0.0
58833.779701 24.220292 0.03387691
58833.780275 24.291461 0.031906306
58833.780836 24.314502 0.037838373
58833.781394 24.350593 0.040874447
58833.781959 24.322262 0.032915547
58833.78252 24.236136 0.034927809
58833.783078 24.281584 0.036871044
58833.783656 24.345483 0.035898803
58833.784224 24.287347 0.032937778
58833.784791 24.278146 0.033904641
58833.785359 24.286372 0.031929124
58833.785923 24.315347 0.028951158
58833.786499 24.325731 0.032934553
58833.787075 24.29367 0.032933704
58833.787657 24.302218 0.034932418
0.0 0.0 0.0
58833.788815 24.303263 0.029947076
58833.789431 24.252093 0.0249378
58833.789993 24.34675 0.028944212
58833.790558 24.266826 0.031953989
58833.791114 24.266988 0.027954991
58833.791692 24.30211 0.031972573
58833.792254 24.294774 0.024958364
58833.792819 24.298482 0.026964498
58833.793386 24.325627 0.024955367
58833.793945 24.284945 0.02694672
58833.794517 24.312897 0.026932736
58833.79508 24.290463 0.02596788
58833.795646 24.274228 0.025957885
58833.796225 24.27943 0.022969023
58833.79679 24.282802 0.024972655
58833.797352 24.295652 0.022969256
58833.797908 24.278814 0.024974633
58833.798484 24.314991 0.024975324
58833.799061 24.300286 0.024962569
58833.799624 24.307858 0.024962348
58833.800185 24.298535 0.023973566
58833.800756 24.29136 0.025972927
58833.801313 24.284771 0.024948814
58833.801876 24.29676 0.026958803
58833.802443 24.299383 0.024959306
58833.803031 24.315346 0.027968569
58833.803608 24.286948 0.024960691
58833.804175 24.266772 0.02397397
58833.804741 24.358972 0.025971251
58833.805316 24.279854 0.025965578
58833.805876 24.269923 0.031956281
58833.806445 24.273078 0.026975197
58833.807016 24.252948 0.025969323
58833.807582 24.330713 0.030941332
58833.80816 24.254424 0.02596273
58833.808724 24.255931 0.025960097
58833.809281 24.277185 0.026958456
58833.809857 24.282573 0.023971268
58833.810432 24.324519 0.027968218
58833.811002 24.282848 0.02896859
58833.81157 24.338137 0.025970094
58833.812141 24.291219 0.026968202
58833.81271 24.280093 0.02497318
58833.813283 24.319106 0.023977099
58833.81385 24.289011 0.024974691
58833.814425 24.26757 0.023973181
58833.81499 24.301004 0.024977396
58833.815567 24.279875 0.025970465
58833.816133 24.284927 0.024973789
58833.816698 24.320512 0.028971022
58833.817289 24.33056 0.02397131
58833.817864 24.27413 0.026961703
58833.818429 24.296979 0.027953914
58833.819011 24.322242 0.02795141
58833.819573 24.291917 0.027960501
58833.820146 24.262924 0.025955216
58833.82073 24.283026 0.025959656
58833.821295 24.301197 0.026964555
58833.821869 24.247547 0.029967163
58833.822431 24.303798 0.029959653
58833.822986 24.319094 0.030964202
58833.823546 24.298478 0.031939623
58833.824122 24.309867 0.031961225
58833.82469 24.272553 0.03395858
58833.82527 24.319914 0.032951011
58833.825842 24.28559 0.031956074
58833.826414 24.300266 0.03294375
58833.826987 24.252272 0.029925618
58833.827559 24.266601 0.028947912
58833.828123 24.247986 0.028972878
58833.828694 24.299096 0.02795452
0.0 0.0 0.0
58833.829826 24.287156 0.026966794
58833.830398 24.272109 0.029933494
58833.830961 24.312797 0.025958564
58833.831526 24.292932 0.024962537
58833.832097 24.307011 0.027962267
58833.83267 24.32841 0.024963383
58833.833228 24.273434 0.024961302
58833.833798 24.305835 0.023964362
58833.834371 24.331412 0.028941407
58833.834936 24.336959 0.025964129
58833.83551 24.312596 0.025966878
58833.836083 24.299392 0.024957772
58833.836648 24.278843 0.024936851
58833.837231 24.270534 0.029950122
58833.837806 24.269363 0.027939522
58833.83839 24.26704 0.026939644
58833.838952 24.321831 0.032907662
58833.839512 24.261928 0.028946605
58833.840078 24.29382 0.032947975
58833.840638 24.246128 0.030926588
58833.841214 24.325867 0.032946746
58833.841784 24.28351 0.028960687
58833.842354 24.351072 0.026962342
58833.842932 24.305282 0.027951671
58833.8435 24.314364 0.029962093
58833.844068 24.292753 0.026951558
58833.84464 24.281958 0.0299257
58833.845192 24.289599 0.028955717
58833.845764 24.297793 0.023968238
58833.846315 24.321938 0.026973829
58833.846882 24.318167 0.026965493
58833.847447 24.251537 0.032967502
58833.848017 24.307232 0.032966459
58833.848583 24.310616 0.033956267
58833.849139 24.252814 0.038953091
58833.849713 24.335678 0.033954707
58833.850286 24.32113 0.029968729
