HJD mag magerr
58833.526351 23.72253 0.054783242
58833.526938 23.755369 0.047647039
58833.527497 23.791691 0.045835866
58833.528073 23.606487 0.036707404
58833.52864 23.645482 0.029845514
58833.529223 23.684811 0.039633664
58833.529794 23.663158 0.036644547
58833.530369 23.758823 0.032776871
58833.530936 23.725031 0.025912758
58833.531508 23.741471 0.025901836
58833.532068 23.724108 0.022919383
58833.532639 23.701549 0.022909944
58833.533201 23.772663 0.022943268
58833.533765 23.716383 0.020949798
58833.534319 23.687642 0.023764686
58833.534878 23.674599 0.020841466
58833.535457 23.683559 0.020860214
58833.536022 23.712126 0.019941176
58833.536586 23.734358 0.018955102
58833.537148 23.824252 0.018950788
58833.537706 23.702356 0.019905038
58833.538275 23.70561 0.018940938
58833.538843 23.75018 0.018944011
58833.539403 23.710106 0.017946005
58833.539961 23.718315 0.016956945
58833.540691 23.738745 0.016972727
58833.54127 23.709259 0.017943717
58833.541834 23.724391 0.016958042
58833.542384 23.748006 0.017954832
58833.542946 23.702841 0.018946725
58833.543507 23.695959 0.016963333
58833.544071 23.743739 0.019975676
58833.544644 23.759962 0.016973476
58833.545206 23.67949 0.015957917
58833.545767 23.738124 0.018960879
58833.54634 23.754443 0.017971153
58833.546924 23.828703 0.016959914
58833.547488 23.738297 0.016955558
58833.548053 23.813412 0.017957471
58833.548633 23.719975 0.01697281
58833.549203 23.743682 0.017966917
58833.549779 23.731018 0.017965455
58833.550355 23.698411 0.017954581
58833.550911 23.70981 0.018943507
58833.551466 23.752793 0.016955302
58833.552025 23.76348 0.018931791
58833.552609 23.717588 0.018931454
58833.553172 23.749958 0.017960168
58833.553736 23.727925 0.016965529
58833.554298 23.733185 0.016974706
58833.554862 23.727157 0.017972401
58833.55542 23.844631 0.018982004
58833.556007 23.755579 0.017985726
58833.556565 23.774006 0.018983529
58833.557125 23.763076 0.017979956
58833.557676 23.778059 0.018984543
58833.558245 23.727408 0.017972291
58833.558811 23.722491 0.018956333
58833.559373 23.822237 0.017951968
58833.559928 23.709963 0.017899861
58833.560497 23.711557 0.020841475
58833.561052 23.705311 0.017930012
58833.561629 23.695233 0.019925189
58833.562183 23.752503 0.017957579
58833.562742 23.702149 0.015964451
58833.563315 23.744017 0.016963612
58833.563889 23.662797 0.016885608
58833.564461 23.848277 0.020804156
58833.565019 23.691862 0.013983082
58833.565576 23.743639 0.015991726
58833.566153 23.644409 0.015960665
58833.566722 23.736002 0.017956972
58833.56729 23.804705 0.018953477
58833.56785 23.633882 0.015941467
58833.568406 23.65775 0.013986823
58833.568961 23.73112 0.016981188
58833.569533 23.725144 0.01698566
58833.570095 23.717323 0.015979378
58833.57065 23.765482 0.014989348
58833.57121 23.735783 0.016979351
58833.571768 23.712466 0.015982168
58833.572322 23.747543 0.017974903
58833.572898 23.768464 0.017968536
58833.573468 23.724253 0.017883635
58833.574037 23.674161 0.017924026
58833.574593 23.817075 0.017927694
0.0 0.0 0.0
58833.575726 23.819156 0.017848242
58833.576286 23.652468 0.016897479
58833.576839 23.826331 0.016910088
58833.577403 23.711476 0.014969728
58833.577964 23.767116 0.01796774
58833.578544 23.767771 0.019946374
58833.579114 23.93974 0.020963486
58833.579688 23.69522 0.016938025
58833.580238 23.76079 0.018924927
58833.58081 23.72725 0.015946913
58833.581375 23.771214 0.019844756
58833.581944 23.676095 0.016931292
58833.582509 23.928521 0.015963244
58833.58308 23.751605 0.018926377
58833.583647 23.716991 0.019893541
58833.584215 23.661536 0.017852299
58833.584762 23.806412 0.01593646
58833.585316 23.667013 0.015918688
58833.585886 23.768191 0.015946568
58833.586442 23.730513 0.015953842
58833.587001 23.72495 0.017936649
58833.587566 23.705813 0.0179074
58833.58814 23.71133 0.017920697
58833.588711 23.772299 0.01398389
58833.589285 23.821694 0.013978539
58833.589857 23.670737 0.01585069
58833.590423 23.712982 0.018826265
58833.590994 23.672091 0.016872539
58833.591559 23.86976 0.024781748
58833.592112 23.806018 0.021805651
58833.592665 23.701098 0.021783326
58833.593224 23.74808 0.023847134
58833.593796 23.706419 0.022870566
58833.594369 23.806698 0.026618812
58833.59492 23.825219 0.024799267
58833.595528 23.709224 0.019842007
58833.596082 23.720575 0.019893357
58833.596665 23.742704 0.01989355
58833.597231 23.74138 0.020862942
58833.597797 23.723239 0.018927775
58833.59838 23.70078 0.015965167
58833.598947 23.734714 0.014957652
58833.599512 23.730178 0.019932548
58833.60009 23.696975 0.0189532
58833.600655 23.926684 0.021954039
58833.601221 23.761339 0.017939249
58833.601788 23.756407 0.017959981
58833.602358 23.921453 0.019945277
58833.602926 23.804916 0.020913693
58833.60349 23.849357 0.022840962
58833.604047 23.714782 0.016944129
58833.604615 23.737309 0.018910084
58833.605171 23.709501 0.020860982
58833.605736 23.768664 0.020907282
58833.606292 23.72007 0.01990991
58833.606846 23.806861 0.019890337
58833.607409 23.684398 0.01890603
58833.607972 23.726683 0.019929352
58833.608554 23.779251 0.021874174
58833.609122 23.737471 0.019917867
58833.609691 23.808722 0.020866481
58833.61027 23.716504 0.018915556
58833.610843 23.771318 0.017914927
58833.611415 23.784823 0.017901936
58833.611993 23.756245 0.018884618
58833.612577 23.771765 0.017884295
58833.613137 23.71227 0.016897702
58833.613696 23.798876 0.018872207
0.0 0.0 0.0
58833.614853 23.74118 0.017851144
58833.615407 23.747039 0.018875621
58833.615983 23.730102 0.018897407
58833.616534 23.710609 0.015935062
58833.617093 23.704776 0.019914095
58833.617655 23.725365 0.017942655
58833.618216 23.808158 0.01794937
58833.618781 23.715051 0.019950127
58833.619336 23.685107 0.017944244
58833.619908 23.710643 0.019931703
58833.620489 23.722676 0.017940654
58833.621073 23.700969 0.016950599
58833.621643 23.730754 0.017926314
58833.622212 23.732297 0.017934801
58833.622786 23.74756 0.018904645
58833.623339 23.748186 0.017945934
58833.623898 23.734107 0.01793123
58833.624467 23.745081 0.019945419
58833.625042 23.699671 0.015944688
0.0 0.0 0.0
58833.626195 23.74423 0.016955768
58833.626758 23.738993 0.019908531
58833.627345 23.750094 0.017965943
58833.627901 23.750396 0.018964685
58833.628481 23.721126 0.016967993
58833.629058 23.751234 0.018962595
58833.629625 23.733466 0.01796695
58833.630194 23.74445 0.017967642
58833.630754 23.762832 0.018971953
58833.631339 23.719284 0.017927966
58833.631919 23.73874 0.019841773
58833.632476 23.722231 0.019864945
58833.633035 23.718575 0.017914461
58833.633609 23.754341 0.020894436
58833.634176 23.777541 0.021937079
58833.63477 23.721264 0.01892392
58833.63533 23.771054 0.017958974
58833.635896 23.747396 0.018935635
58833.636454 23.729415 0.016972986
58833.637031 23.69556 0.017909166
58833.637603 23.785952 0.018950717
58833.638178 23.700964 0.018916857
58833.638751 23.741869 0.01796701
58833.639317 23.738339 0.018963879
58833.639885 23.725243 0.017968097
58833.640451 23.748156 0.018982559
58833.641017 23.766963 0.016981936
58833.641587 23.745745 0.018966491
58833.642165 23.732389 0.01597521
58833.642733 23.730535 0.017970396
58833.643298 23.719726 0.017966207
58833.643881 23.703198 0.018953829
58833.644463 23.730944 0.015984417
58833.645038 23.742646 0.0189712
58833.645621 23.734913 0.01895093
58833.646196 23.720449 0.01895254
58833.646775 23.771225 0.018969011
58833.647352 23.734081 0.018972187
58833.647947 23.720575 0.017948181
58833.648518 23.747991 0.017984228
58833.649091 23.73076 0.017974274
58833.649661 23.742211 0.016982436
58833.650234 23.740044 0.018980826
58833.650812 23.74817 0.017975503
58833.651385 23.742476 0.018969039
58833.651942 23.741682 0.018969546
58833.652501 23.745075 0.017980006
58833.653051 23.725797 0.018983566
58833.653627 23.736309 0.01698191
58833.654196 23.739232 0.018966633
58833.654761 23.734452 0.018972702
58833.655332 23.718961 0.017980644
58833.655903 23.729097 0.018982682
58833.656459 23.745215 0.017983526
58833.657018 23.743974 0.018985378
58833.657575 23.783597 0.017986854
58833.658134 23.748494 0.018979762
58833.658729 23.757839 0.017971028
58833.659291 23.730365 0.017974872
58833.659866 23.766443 0.01798583
58833.660428 23.717716 0.017971368
58833.660996 23.745136 0.017972973
58833.661568 23.766383 0.017973378
58833.662129 23.72632 0.018955101
58833.662686 23.719034 0.020950368
58833.663254 23.758282 0.018982184
58833.663845 23.714097 0.021928885
58833.664399 23.737428 0.019967543
58833.664959 23.729006 0.018982349
58833.66553 23.740909 0.01897753
58833.666087 23.770154 0.01698546
58833.666661 23.740857 0.017985461
58833.66724 23.756531 0.018987889
58833.667808 23.754138 0.018985938
58833.668374 23.735282 0.017984247
58833.66894 23.731607 0.020977441
58833.669515 23.748946 0.020974905
58833.670105 23.720817 0.020968466
58833.670664 23.704058 0.016970486
58833.671231 23.737626 0.018973261
58833.671792 23.75135 0.019968436
58833.672357 23.737731 0.018968884
58833.672921 23.741806 0.020965191
58833.6735 23.74379 0.019979762
58833.674063 23.738885 0.018982961
58833.674632 23.740181 0.018967234
58833.675223 23.672853 0.020919123
58833.67579 23.726046 0.019958611
58833.67635 23.751708 0.021949597
58833.676916 23.736602 0.018971379
58833.677484 23.701078 0.019964338
58833.678056 23.737326 0.020959051
58833.678616 23.740313 0.023872143
58833.679182 23.760866 0.024882735
58833.679761 23.747068 0.024819437
58833.680323 23.622778 0.027628895
58833.680894 23.759127 0.02482254
58833.681455 23.708421 0.02770244
58833.68202 23.659062 0.02480578
58833.682591 23.688783 0.023810941
58833.683157 23.696614 0.023895532
58833.683728 23.705361 0.021887905
0.0 0.0 0.0
58833.684864 23.72957 0.022933148
58833.685427 23.70443 0.022926842
58833.686006 23.689672 0.021901416
58833.68663 23.730072 0.021956318
58833.687197 23.754917 0.019971653
58833.687766 23.655865 0.020961654
58833.688335 23.74383 0.021967639
58833.6889 23.732052 0.021956253
58833.689473 23.727705 0.020952579
58833.690035 23.75434 0.02095178
58833.690606 23.733335 0.021930936
58833.691182 23.700973 0.019962472
58833.691769 23.724629 0.019944827
58833.692334 23.710904 0.020908837
58833.692912 23.709743 0.02193057
58833.693482 23.727104 0.020944703
58833.694055 23.761574 0.019947761
58833.694629 23.706396 0.019967706
58833.695214 23.753842 0.021959046
58833.695788 23.768517 0.022952909
58833.696709 23.702645 0.02095673
58833.697282 23.732398 0.025918085
58833.697854 23.699369 0.022937219
58833.698426 23.752278 0.0229533
58833.698997 23.67982 0.024939982
58833.699574 23.697425 0.018972772
58833.700162 23.740895 0.020974676
58833.700738 23.784507 0.02196429
58833.701314 23.719078 0.021963164
58833.701879 23.736265 0.027965326
58833.702433 23.73389 0.022978023
58833.702997 23.74144 0.020980944
58833.703569 23.756664 0.022968616
58833.704138 23.761686 0.019984619
58833.704693 23.734688 0.019980003
58833.705269 23.719417 0.019970961
58833.705842 23.747254 0.021959854
58833.706416 23.740428 0.022949739
58833.706995 23.778402 0.023977108
58833.70756 23.720938 0.023963436
58833.708139 23.738491 0.020967347
58833.708701 23.752495 0.020974657
58833.709269 23.704633 0.01897649
58833.709837 23.736789 0.019973659
58833.710398 23.71038 0.018977242
58833.710961 23.721016 0.02194536
58833.711531 23.715672 0.020964322
58833.712096 23.698712 0.018963736
58833.712678 23.722018 0.021956767
58833.713245 23.747455 0.020966423
58833.713811 23.736722 0.018968203
58833.71438 23.722767 0.019974405
58833.714942 23.699823 0.019968615
58833.715515 23.723451 0.02096636
58833.716099 23.772938 0.020978148
58833.716662 23.75026 0.01998
58833.717217 23.737437 0.018978358
58833.717786 23.75214 0.019966571
58833.718352 23.709428 0.018961875
58833.718933 23.759253 0.020966461
58833.719515 23.717934 0.019965221
58833.720081 23.758775 0.020955563
58833.720652 23.727531 0.018968639
58833.721229 23.737106 0.020955638
58833.721798 23.728663 0.020957402
58833.722365 23.741522 0.018963929
58833.722938 23.734862 0.01797937
58833.723517 23.724107 0.019964125
58833.724095 23.758346 0.018970198
58833.724659 23.707969 0.019967442
58833.725228 23.728046 0.018968024
58833.725794 23.716592 0.018970917
58833.726369 23.686539 0.01995335
58833.726949 23.694816 0.020935512
58833.727521 23.700465 0.020901799
58833.728085 23.740294 0.021918697
58833.728659 23.750422 0.019954074
58833.729226 23.715184 0.01995582
58833.729803 23.766707 0.020968412
58833.730359 23.723827 0.019958614
58833.730924 23.748376 0.018969418
58833.731502 23.737765 0.020966615
58833.732059 23.727195 0.021914237
58833.732632 23.724078 0.018953664
58833.733194 23.758294 0.021927847
58833.733759 23.729312 0.022890568
58833.734321 23.74738 0.021923483
58833.734879 23.730405 0.022906542
58833.735444 23.741002 0.023863447
58833.736003 23.731905 0.025876656
58833.736571 23.726995 0.027869144
58833.737136 23.743331 0.025873579
58833.737691 23.728215 0.022914082
58833.738267 23.719155 0.027796476
58833.738823 23.739478 0.021896464
58833.739382 23.752661 0.023911912
58833.739948 23.691141 0.024856045
58833.740522 23.713676 0.023863043
58833.741085 23.722013 0.027826595
58833.741647 23.677985 0.022913356
58833.742215 23.707462 0.020934062
58833.742788 23.712168 0.022854671
58833.743365 23.725601 0.023909085
58833.743953 23.690901 0.023899699
58833.744526 23.805866 0.024919432
58833.745093 23.730364 0.020948168
58833.745664 23.698042 0.020935367
58833.746226 23.741645 0.021943844
58833.746789 23.71857 0.020944343
58833.747358 23.752197 0.021958399
58833.747921 23.693401 0.019955481
58833.748478 23.706116 0.018962234
58833.749035 23.731673 0.018961254
58833.749599 23.730103 0.019957894
58833.750168 23.696929 0.020916462
58833.750733 23.702113 0.021922469
58833.751298 23.664276 0.01988769
58833.751854 23.724386 0.023887869
58833.752416 23.74066 0.020927214
58833.752988 23.704721 0.020931858
58833.753539 23.768555 0.021938224
58833.7541 23.724362 0.019947534
58833.754655 23.712921 0.018960858
58833.75523 23.729602 0.019973701
58833.755803 23.711855 0.02294892
58833.756377 23.726723 0.02095222
58833.756948 23.766087 0.01997402
58833.757519 23.740533 0.018978735
58833.758074 23.69298 0.018974244
58833.758639 23.70277 0.021934907
58833.759204 23.719133 0.024921043
58833.759765 23.72819 0.021966031
58833.760341 23.758615 0.021966658
58833.760921 23.749986 0.023965819
58833.761489 23.711286 0.026933206
58833.76205 23.720483 0.019969802
58833.762618 23.697201 0.021954346
58833.763196 23.705057 0.021963174
58833.763771 23.741022 0.021978879
58833.764345 23.723603 0.020973491
58833.764904 23.779893 0.021977482
58833.765469 23.721312 0.019984937
58833.766035 23.736131 0.022975091
58833.766604 23.744671 0.022958338
58833.767179 23.75238 0.019980691
58833.767754 23.756632 0.023978024
58833.768337 23.705404 0.01997334
58833.768906 23.724918 0.018977699
58833.769468 23.751529 0.02195547
58833.770037 23.749422 0.021969867
58833.770609 23.721825 0.022962221
58833.771176 23.733925 0.024913413
58833.77175 23.718076 0.02493341
58833.772312 23.703939 0.025913094
58833.772873 23.662537 0.02789273
58833.773436 23.686303 0.028863273
58833.774013 23.696867 0.030877459
58833.774581 23.739715 0.028916681
58833.775149 23.718998 0.026914798
58833.775718 23.692909 0.027916363
58833.776274 23.716038 0.026942967
58833.776849 23.688057 0.023956
58833.777425 23.686847 0.026951091
58833.777996 23.765741 0.027929287
58833.778564 23.715326 0.02495122
58833.779126 23.687707 0.024939415
58833.779701 23.716778 0.023938962
58833.780275 23.70985 0.024948005
58833.780836 23.730341 0.026871298
58833.781394 23.733769 0.029868438
58833.781959 23.726458 0.023944189
58833.78252 23.728264 0.026952851
58833.783078 23.725785 0.024911264
58833.783656 23.721156 0.024926281
58833.784224 23.712012 0.025955767
58833.784791 23.705306 0.024958417
58833.785359 23.773004 0.021965159
58833.785923 23.697628 0.018973527
58833.786499 23.734831 0.023957513
58833.787075 23.704068 0.022963068
58833.787657 23.727198 0.024962259
58833.788243 23.729721 0.023959477
58833.788815 23.748933 0.02196962
58833.789431 23.715514 0.019975923
58833.789993 23.742417 0.021967645
58833.790558 23.695982 0.019980518
58833.791114 23.711164 0.020962279
58833.791692 23.730897 0.021975432
58833.792254 23.704581 0.019960759
58833.792819 23.708833 0.018973118
58833.793386 23.724455 0.021960834
58833.793945 23.738093 0.020968847
58833.794517 23.690386 0.020972086
58833.79508 23.766886 0.017974453
58833.795646 23.734754 0.017977142
58833.796225 23.721031 0.018971311
58833.79679 23.732476 0.017984342
58833.797352 23.726531 0.017987549
58833.797908 23.760146 0.019981386
58833.798484 23.713769 0.017984222
58833.799061 23.732372 0.017980816
58833.799624 23.724874 0.017978781
58833.800185 23.714612 0.01998071
58833.800756 23.712068 0.019967669
58833.801313 23.722553 0.018975738
58833.801876 23.697271 0.019976379
58833.802443 23.721146 0.019962849
58833.803031 23.741664 0.019984007
58833.803608 23.716334 0.017978921
58833.804175 23.727387 0.018984713
58833.804741 23.733795 0.017984757
58833.805316 23.708149 0.019982054
58833.805876 23.726965 0.021975662
58833.806445 23.719835 0.018986867
58833.807016 23.738953 0.020981798
58833.807582 23.746892 0.019970157
58833.80816 23.729959 0.018982565
58833.808724 23.75394 0.018983711
58833.809281 23.740144 0.018979022
58833.809857 23.719317 0.019982922
58833.810432 23.698755 0.02297509
58833.811002 23.724498 0.020980773
58833.81157 23.744395 0.020984077
58833.812141 23.746664 0.017985506
58833.81271 23.740707 0.017986804
58833.813283 23.777615 0.018987967
58833.81385 23.694507 0.017987432
58833.814425 23.698265 0.016987601
58833.81499 23.731429 0.018986828
58833.815567 23.718158 0.017985048
58833.816133 23.703119 0.020981626
58833.816698 23.754732 0.022962683
58833.817289 23.69023 0.018976794
58833.817864 23.713363 0.020972278
58833.818429 23.725026 0.018973929
58833.819011 23.719136 0.020972511
58833.819573 23.767566 0.019980732
58833.820146 23.725471 0.02096864
58833.82073 23.715103 0.019975774
58833.821295 23.721151 0.020975033
58833.821869 23.702015 0.020975839
58833.822431 23.74111 0.020981709
58833.822986 23.729106 0.021982035
58833.823546 23.750628 0.02296706
58833.824122 23.727359 0.023964748
58833.82469 23.722948 0.022978795
58833.82527 23.731687 0.026980187
58833.825842 23.741587 0.021977892
58833.826414 23.701518 0.022965903
58833.826987 23.722379 0.023965831
58833.827559 23.70979 0.02097222
58833.828123 23.683659 0.021977677
58833.828694 23.698104 0.021962816
58833.829263 23.737181 0.02097177
58833.829826 23.70632 0.01996254
58833.830398 23.718839 0.01997245
58833.830961 23.718293 0.020973036
58833.831526 23.706866 0.018965036
58833.832097 23.760163 0.018979808
58833.83267 23.67902 0.017975447
58833.833228 23.670546 0.021972548
58833.833798 23.700882 0.016982436
58833.834371 23.708165 0.018964931
58833.834936 23.711483 0.018980358
58833.83551 23.718528 0.017979391
58833.836083 23.696627 0.018977309
58833.836648 23.711627 0.018978729
58833.837231 23.722963 0.018978544
58833.837806 23.785311 0.021947488
58833.83839 23.735443 0.020960929
58833.838952 23.726589 0.021946808
58833.839512 23.698446 0.020971933
58833.840078 23.709227 0.022962001
58833.840638 23.679864 0.019974704
58833.841214 23.727631 0.021973141
58833.841784 23.726092 0.02098
58833.842354 23.739781 0.019977976
58833.842932 23.706663 0.019975589
58833.8435 23.738422 0.018978812
58833.844068 23.719738 0.01798066
58833.84464 23.735457 0.019977823
58833.845192 23.727928 0.020981287
58833.845764 23.733165 0.019983298
58833.846315 23.723884 0.018984091
58833.846882 23.715146 0.019986285
58833.847447 23.67673 0.019976695
58833.848017 23.696924 0.020982944
58833.848583 23.74653 0.025975226
58833.849139 23.670923 0.021979429
58833.849713 23.740477 0.022968629
58833.850286 23.698412 0.021982741
