HJD mag magerr
58833.526351 24.620579 0.096830162
58833.526938 24.443672 0.078614334
58833.527497 24.506366 0.075818012
58833.528073 24.585065 0.076663807
58833.52864 24.520489 0.053824373
58833.529223 24.486727 0.069663052
58833.529794 24.473053 0.075362444
58833.530369 24.592653 0.05280731
58833.530936 24.551726 0.047830605
58833.531508 24.510385 0.038893802
58833.532068 24.533783 0.037902795
58833.532639 24.483107 0.033900109
58833.533201 24.565004 0.03791192
58833.533765 24.537932 0.034914739
58833.534319 24.414681 0.038784149
58833.534878 24.456493 0.032821876
58833.535457 24.497341 0.034830131
58833.536022 24.552687 0.031907133
58833.536586 24.564326 0.030924577
58833.537148 24.577954 0.02595434
58833.537706 24.496741 0.0298818
58833.538275 24.516477 0.026933155
58833.538843 24.550391 0.027933379
58833.539403 24.489962 0.027923723
58833.539961 24.513642 0.024943067
58833.540691 24.548892 0.026954071
58833.54127 24.498827 0.025931808
58833.541834 24.532881 0.024945557
58833.542384 24.578203 0.02794299
58833.542946 24.558022 0.025931307
58833.543507 24.55265 0.024966413
58833.544071 24.547209 0.024956848
58833.544644 24.499383 0.022925805
58833.545206 24.510984 0.0248813
58833.545767 24.531529 0.023954081
58833.54634 24.493574 0.022964594
58833.546924 24.524352 0.023953365
58833.547488 24.592745 0.025918387
58833.548053 24.481147 0.021943895
58833.548633 24.578465 0.024954832
58833.549203 24.556345 0.022963048
58833.549779 24.515188 0.024958607
58833.550355 24.535883 0.025949218
58833.550911 24.592293 0.02296069
58833.551466 24.535236 0.023944244
58833.552025 24.556787 0.024936588
58833.552609 24.571581 0.027942087
58833.553172 24.617459 0.028936413
58833.553736 24.525689 0.025936258
58833.554298 24.548563 0.023964527
58833.554862 24.562875 0.025965043
58833.55542 24.542647 0.027943874
58833.556007 24.578211 0.025976312
58833.556565 24.598512 0.027981053
58833.557125 24.509067 0.02396652
58833.557676 24.612527 0.031963701
58833.558245 24.568656 0.02595424
58833.558811 24.538855 0.024949589
58833.559373 24.478197 0.022944355
58833.559928 24.543417 0.026904475
58833.560497 24.553803 0.03181058
58833.561052 24.503737 0.022942359
58833.561629 24.619304 0.031877061
58833.562183 24.528393 0.026927693
58833.562742 24.514163 0.022948978
58833.563315 24.532212 0.026953409
58833.563889 24.536822 0.026895015
58833.564461 24.539791 0.026784933
58833.565019 24.505993 0.021895567
58833.565576 24.574688 0.018990651
58833.566153 24.523929 0.023935192
58833.566722 24.595056 0.023954594
58833.56729 24.591473 0.026947369
0.0 0.0 0.0
58833.568406 24.561299 0.021966327
58833.568961 24.551194 0.022973035
58833.569533 24.607646 0.018986798
58833.570095 24.563774 0.020976405
58833.57065 24.615981 0.023979881
58833.57121 24.518703 0.021975286
58833.571768 24.543769 0.023968132
58833.572322 24.597759 0.021972715
58833.572898 24.529586 0.022956353
58833.573468 24.545952 0.02490822
58833.574037 24.546027 0.023920932
58833.574593 24.495511 0.02291041
58833.575159 24.499105 0.028717447
58833.575726 24.534922 0.022875238
58833.576286 24.523139 0.025822347
58833.576839 24.511008 0.024894133
58833.577403 24.547562 0.023932921
58833.577964 24.490522 0.022943238
58833.578544 24.570463 0.024943074
58833.579114 24.554127 0.022874541
58833.579688 24.537237 0.024924515
58833.580238 24.471803 0.024909052
58833.58081 24.5364 0.023887745
58833.581375 24.612763 0.024892082
58833.581944 24.595895 0.023916675
58833.582509 24.542985 0.021943501
58833.58308 24.553169 0.026910165
58833.583647 24.515889 0.02490877
58833.584215 24.61794 0.028832583
58833.584762 24.529916 0.020921125
58833.585316 24.483397 0.025814515
58833.585886 24.489304 0.018953367
58833.586442 24.504466 0.021913869
58833.587001 24.50338 0.023937142
58833.587566 24.419849 0.029791358
58833.58814 24.505627 0.028851471
58833.588711 24.532335 0.019975415
58833.589285 24.520571 0.016970422
58833.589857 24.374813 0.0218565
58833.590423 24.604198 0.026850424
58833.590994 24.517843 0.029843978
58833.591559 24.495919 0.03575302
58833.592112 24.521931 0.032739657
58833.592665 24.453813 0.033727374
58833.593224 24.463634 0.03663633
58833.593796 24.605511 0.040750021
58833.594369 24.669931 0.043612904
58833.59492 24.530419 0.036727599
58833.595528 24.482519 0.031790479
58833.596082 24.537668 0.031847346
58833.596665 24.54227 0.029874767
58833.597231 24.508517 0.029850483
58833.597797 24.504366 0.027900343
58833.59838 24.528566 0.023933452
58833.598947 24.544174 0.021957826
58833.599512 24.537186 0.026922448
58833.60009 24.519451 0.023937414
58833.600655 24.514997 0.026951757
58833.601221 24.545732 0.024936884
58833.601788 24.550804 0.025939941
58833.602358 24.484144 0.024938529
58833.602926 24.525698 0.025939777
58833.60349 24.549195 0.03282382
58833.604047 24.552066 0.025938025
58833.604615 24.514938 0.025901919
58833.605171 24.622529 0.033886582
58833.605736 24.548767 0.029901691
58833.606292 24.535438 0.028898934
58833.606846 24.482152 0.027872044
58833.607409 24.535152 0.030829282
58833.607972 24.473275 0.03087114
58833.608554 24.543297 0.03089336
58833.609122 24.500922 0.028888606
58833.609691 24.553174 0.02785665
58833.61027 24.531568 0.024893743
58833.610843 24.594641 0.026855796
58833.611415 24.537296 0.024874598
58833.611993 24.497694 0.02586589
58833.612577 24.492849 0.023860543
58833.613137 24.47424 0.024853672
58833.613696 24.558366 0.02485528
58833.614278 24.512638 0.024864103
58833.614853 24.528251 0.025832647
58833.615407 24.517886 0.025892307
58833.615983 24.490848 0.025883613
58833.616534 24.460819 0.022907068
58833.617093 24.533194 0.030888076
58833.617655 24.523878 0.025929244
58833.618216 24.561449 0.027914972
58833.618781 24.604264 0.029936323
58833.619336 24.568995 0.026933909
58833.619908 24.52706 0.025918051
58833.620489 24.602802 0.02392706
58833.621073 24.541187 0.024947544
58833.621643 24.527633 0.025858292
58833.622212 24.489991 0.024916505
58833.622786 24.522239 0.028882708
58833.623339 24.529262 0.027855542
58833.623898 24.560017 0.028850649
58833.624467 24.516907 0.026933199
58833.625042 24.535613 0.025920508
58833.625625 24.497754 0.023938636
58833.626195 24.572791 0.024953631
58833.626758 24.525027 0.024951827
58833.627345 24.547068 0.024948676
58833.627901 24.582504 0.023959817
58833.628481 24.545438 0.023934744
58833.629058 24.529449 0.023953587
58833.629625 24.534613 0.025932359
58833.630194 24.558906 0.023959635
58833.630754 24.565958 0.023964312
58833.631339 24.636342 0.025889718
58833.631919 24.481157 0.027837749
58833.632476 24.53947 0.03182287
58833.633035 24.510645 0.026851502
58833.633609 24.478935 0.027835818
58833.634176 24.536793 0.035933794
58833.63477 24.569838 0.028908874
58833.63533 24.55233 0.027909851
58833.635896 24.548913 0.027923763
58833.636454 24.526987 0.021965608
58833.637031 24.531354 0.027931898
58833.637603 24.563548 0.027910553
58833.638178 24.54565 0.027907922
58833.638751 24.543179 0.026934487
58833.639317 24.541558 0.023956738
58833.639885 24.54246 0.024940423
58833.640451 24.589925 0.026957632
58833.641017 24.55634 0.021977042
58833.641587 24.599242 0.024970085
58833.642165 24.578247 0.026964689
58833.642733 24.547882 0.025962244
58833.643298 24.542876 0.026932564
58833.643881 24.521762 0.026947132
58833.644463 24.547011 0.02596755
58833.645038 24.555342 0.025963397
58833.645621 24.527062 0.025939723
58833.646196 24.58586 0.026941824
58833.646775 24.619917 0.028939602
58833.647352 24.551427 0.026944591
58833.647947 24.531171 0.025959885
58833.648518 24.563045 0.027969756
58833.649091 24.558404 0.027949605
58833.649661 24.567806 0.026944997
58833.650234 24.585398 0.025968823
58833.650812 24.556618 0.028951516
58833.651385 24.546763 0.026941711
58833.651942 24.541825 0.027940435
58833.652501 24.541898 0.023964644
58833.653051 24.5792 0.026968292
58833.653627 24.553723 0.024965511
58833.654196 24.546702 0.027939008
58833.654761 24.563974 0.025968122
58833.655332 24.574566 0.025965239
58833.655903 24.589564 0.026970492
58833.656459 24.577118 0.025971902
58833.657018 24.607499 0.027974838
58833.657575 24.578315 0.028953117
58833.658134 24.521814 0.028945083
58833.658729 24.536307 0.026943276
58833.659291 24.575894 0.026970052
58833.659866 24.562167 0.024972514
58833.660428 24.520144 0.027940808
58833.660996 24.560435 0.02696818
58833.661568 24.576486 0.024961415
58833.662129 24.532684 0.02794807
58833.662686 24.555263 0.031905041
58833.663254 24.516546 0.028950103
58833.663845 24.563781 0.028956575
58833.664399 24.555424 0.029960067
58833.664959 24.60174 0.02897535
58833.66553 24.564305 0.028973331
58833.666087 24.553501 0.027973418
58833.666661 24.563802 0.029976194
58833.66724 24.582063 0.026969948
58833.667808 24.60077 0.03097456
58833.668374 24.587917 0.027975559
58833.66894 24.5975 0.027974385
58833.669515 24.584583 0.026970239
58833.670105 24.603815 0.032961813
58833.670664 24.570607 0.02696152
58833.671231 24.55224 0.03194921
58833.671792 24.543074 0.030946607
58833.672357 24.537815 0.027958745
58833.672921 24.538484 0.029956005
58833.6735 24.561174 0.027966298
58833.674063 24.542476 0.029956299
58833.674632 24.523372 0.029931194
58833.675223 24.536837 0.030900972
58833.67579 24.561447 0.032949149
58833.67635 24.464978 0.03093191
58833.676916 24.522343 0.031930782
58833.677484 24.539001 0.033943554
58833.678056 24.573082 0.034932788
58833.678616 24.51154 0.039850593
58833.679182 24.553472 0.038837247
58833.679761 24.50974 0.040798965
58833.680323 24.484349 0.046694286
58833.680894 24.502608 0.040768939
58833.681455 24.48317 0.042783599
58833.68202 24.560498 0.039850077
58833.682591 24.592166 0.042707016
58833.683157 24.506554 0.04086365
58833.683728 24.510425 0.036798202
58833.68429 24.487216 0.04079516
58833.684864 24.467821 0.037911719
58833.685427 24.539771 0.038870083
58833.686006 24.520515 0.036894773
58833.68663 24.5089 0.033941456
58833.687197 24.589211 0.036951104
58833.687766 24.573005 0.037951246
58833.688335 24.550384 0.034928802
58833.6889 24.529606 0.032947847
58833.689473 24.53917 0.036907849
58833.690035 24.61212 0.035909291
58833.690606 24.482072 0.030916433
58833.691182 24.504008 0.032946599
58833.691769 24.554526 0.032897245
58833.692334 24.503754 0.036820969
58833.692912 24.546723 0.034864391
58833.693482 24.524051 0.032928622
58833.694055 24.509427 0.029903562
58833.694629 24.589453 0.033948127
58833.695214 24.50262 0.031943349
58833.695788 24.552516 0.034940088
58833.696709 24.573676 0.034873357
58833.697282 24.436371 0.039849192
58833.697854 24.517779 0.032881879
58833.698426 24.536161 0.033950314
58833.698997 24.505492 0.036912127
58833.699574 24.540358 0.03494389
58833.700162 24.536011 0.033955656
58833.700738 24.541013 0.03391011
58833.701314 24.496434 0.032954827
58833.701879 24.524888 0.04094656
58833.702433 24.618525 0.04094416
58833.702997 24.514761 0.029972629
58833.703569 24.599311 0.035965763
58833.704138 24.576994 0.031973589
58833.704693 24.620829 0.031966156
58833.705269 24.579554 0.036944998
58833.705842 24.558707 0.033951645
58833.706416 24.513771 0.039929934
58833.706995 24.574537 0.034964636
58833.70756 24.539553 0.031966934
58833.708139 24.542281 0.03196252
58833.708701 24.584253 0.035934387
58833.709269 24.537262 0.030955274
58833.709837 24.588132 0.034963939
58833.710398 24.539189 0.032955379
58833.710961 24.526583 0.033952056
58833.711531 24.483549 0.034933593
58833.712096 24.538797 0.030950597
58833.712678 24.527537 0.0329162
58833.713245 24.509183 0.032910356
58833.713811 24.534931 0.030932131
58833.71438 24.501728 0.030928499
58833.714942 24.556759 0.033934159
58833.715515 24.55101 0.029959547
58833.716099 24.56977 0.031967008
58833.716662 24.572719 0.030972427
58833.717217 24.555535 0.034941689
58833.717786 24.567176 0.029969455
58833.718352 24.526353 0.030962909
58833.718933 24.480696 0.031948817
58833.719515 24.488032 0.031936762
58833.720081 24.492309 0.033877454
58833.720652 24.52406 0.033957843
58833.721229 24.554078 0.03194444
58833.721798 24.517218 0.034925653
58833.722365 24.584882 0.031935725
58833.722938 24.528736 0.028958869
58833.723517 24.593312 0.031950145
58833.724095 24.513355 0.030945351
58833.724659 24.507157 0.02994939
58833.725228 24.501261 0.029932101
58833.725794 24.54935 0.030932414
58833.726369 24.51554 0.032901879
58833.726949 24.533949 0.032915561
58833.727521 24.521323 0.030889183
58833.728085 24.533068 0.03290517
58833.728659 24.501253 0.029940239
58833.729226 24.588156 0.034947139
58833.729803 24.521932 0.031913348
58833.730359 24.53761 0.030952292
58833.730924 24.511051 0.027961785
58833.731502 24.576903 0.034943524
58833.732059 24.557137 0.034883447
58833.732632 24.516074 0.033915775
58833.733194 24.471334 0.032912582
58833.733759 24.543351 0.037822721
58833.734321 24.528555 0.037851252
58833.734879 24.483985 0.038871268
58833.735444 24.499745 0.038841978
58833.736003 24.455297 0.036866574
58833.736571 24.477654 0.044766305
58833.737136 24.533872 0.039786383
58833.737691 24.54592 0.037889167
58833.738267 24.485638 0.040757189
58833.738823 24.483735 0.034872645
58833.739382 24.577631 0.038856178
58833.739948 24.522361 0.040837626
58833.740522 24.590019 0.039865928
58833.741085 24.51906 0.043745769
58833.741647 24.507159 0.03887218
58833.742215 24.462037 0.035848501
58833.742788 24.5455 0.036805579
58833.743365 24.478797 0.041879598
58833.743953 24.526881 0.037883539
58833.744526 24.520663 0.035896697
58833.745093 24.547646 0.03289702
58833.745664 24.527823 0.035912384
58833.746226 24.546051 0.035921665
58833.746789 24.515611 0.031935933
58833.747358 24.528453 0.031918055
58833.747921 24.584473 0.034903337
58833.748478 24.551037 0.0309494
58833.749035 24.522361 0.028958711
58833.749599 24.54444 0.028953127
58833.750168 24.509827 0.03285693
58833.750733 24.531472 0.034844964
58833.751298 24.471484 0.033825016
58833.751854 24.546215 0.03981558
58833.752416 24.526044 0.036865549
58833.752988 24.541543 0.032875992
58833.753539 24.542184 0.032916993
58833.7541 24.565004 0.031894939
58833.754655 24.520009 0.032922087
58833.75523 24.563626 0.030965334
58833.755803 24.567412 0.03594023
58833.756377 24.520649 0.032906941
58833.756948 24.580318 0.033966905
58833.757519 24.521236 0.035968648
58833.758074 24.569908 0.032967001
58833.758639 24.597674 0.033918038
58833.759204 24.60683 0.038917505
58833.759765 24.560159 0.040952987
58833.760341 24.554335 0.034954594
58833.760921 24.549147 0.037956103
58833.761489 24.524785 0.042906261
58833.76205 24.561966 0.040943867
58833.762618 24.556982 0.037939078
58833.763196 24.552504 0.034928814
58833.763771 24.524141 0.03693659
58833.764345 24.586002 0.034966719
58833.764904 24.561136 0.036959037
58833.765469 24.568372 0.038939811
58833.766035 24.54738 0.0389578
58833.766604 24.601428 0.036949473
58833.767179 24.542094 0.034965962
58833.767754 24.538771 0.034966382
58833.768337 24.525407 0.033956196
58833.768906 24.590544 0.034962764
58833.769468 24.535124 0.035954131
58833.770037 24.584141 0.037912431
58833.770609 24.55805 0.037943055
58833.771176 24.477315 0.042886568
58833.77175 24.518845 0.042889192
58833.772312 24.507593 0.040879436
58833.772873 24.524485 0.047844081
58833.773436 24.459507 0.045866001
58833.774013 24.466628 0.049772561
58833.774581 24.509008 0.047841322
58833.775149 24.505826 0.044833046
58833.775718 24.577498 0.050886704
58833.776274 24.494866 0.044884547
58833.776849 24.565962 0.04991894
58833.777425 24.486626 0.044911404
58833.777996 24.477352 0.043891068
58833.778564 24.545145 0.043914513
58833.779126 24.51982 0.041886173
58833.779701 24.481008 0.039802683
58833.780275 24.551103 0.042896038
58833.780836 24.533611 0.044854556
58833.781394 24.659975 0.046864222
58833.781959 24.505889 0.038918991
58833.78252 24.516356 0.043787043
58833.783078 24.512935 0.043882321
58833.783656 24.534233 0.044899635
58833.784224 24.618138 0.045918044
58833.784791 24.53876 0.03893984
58833.785359 24.58873 0.038917126
58833.785923 24.609173 0.036911108
58833.786499 24.59016 0.042936569
58833.787075 24.529539 0.03893928
58833.787657 24.674813 0.040941003
58833.788243 24.540486 0.03893733
58833.788815 24.500974 0.034960552
58833.789431 24.55475 0.032963824
58833.789993 24.522939 0.031956533
58833.790558 24.531843 0.034962487
58833.791114 24.556698 0.034954831
58833.791692 24.618561 0.034970287
0.0 0.0 0.0
58833.792819 24.52794 0.032951826
58833.793386 24.56382 0.031963874
58833.793945 24.552309 0.03393955
58833.794517 24.554712 0.032964812
58833.79508 24.530776 0.030950377
58833.795646 24.543118 0.029966984
58833.796225 24.520592 0.028975453
58833.79679 24.547118 0.026979274
58833.797352 24.544751 0.032951127
58833.797908 24.517995 0.029975946
58833.798484 24.57055 0.027975673
58833.799061 24.573854 0.029971162
58833.799624 24.530061 0.029959641
58833.800185 24.553456 0.0359365
58833.800756 24.583255 0.028970888
58833.801313 24.59862 0.027972467
58833.801876 24.541212 0.029965909
58833.802443 24.522116 0.031963755
58833.803031 24.561087 0.032969991
58833.803608 24.532057 0.028966951
58833.804175 24.569641 0.031979164
58833.804741 24.623188 0.031977631
58833.805316 24.561689 0.028975311
58833.805876 24.55475 0.033969188
58833.806445 24.537466 0.030980652
58833.807016 24.58627 0.032969182
58833.807582 24.53324 0.030967453
58833.80816 24.560749 0.037947676
58833.808724 24.566854 0.0329704
58833.809281 24.511588 0.028969633
58833.809857 24.603182 0.035967508
58833.810432 24.56885 0.036965747
58833.811002 24.549919 0.031970216
58833.81157 24.605467 0.03397707
58833.812141 24.655088 0.033979658
58833.81271 24.552735 0.0259809
58833.813283 24.541408 0.030972044
58833.81385 24.528676 0.027981143
58833.814425 24.56196 0.029980542
58833.81499 24.570718 0.029980834
58833.815567 24.594567 0.02998187
58833.816133 24.573808 0.031954193
58833.816698 24.598161 0.034966762
58833.817289 24.564692 0.031958955
58833.817864 24.530435 0.03295544
58833.818429 24.533905 0.032946463
58833.819011 24.557519 0.03496043
58833.819573 24.566092 0.038943832
58833.820146 24.5784 0.032965137
58833.82073 24.566774 0.027969239
58833.821295 24.563952 0.031964365
58833.821869 24.510908 0.034956213
58833.822431 24.488426 0.033961653
58833.822986 24.577454 0.042972305
58833.823546 24.524612 0.039953219
58833.824122 24.593029 0.038962147
58833.82469 24.549045 0.043951793
58833.82527 24.562337 0.041963048
58833.825842 24.593096 0.037966856
58833.826414 24.595313 0.039941908
58833.826987 24.533058 0.033963487
58833.827559 24.566674 0.035959959
58833.828123 24.581159 0.03696984
58833.828694 24.517611 0.032950945
58833.829263 24.497389 0.035913722
58833.829826 24.568698 0.03097173
58833.830398 24.537589 0.032953633
58833.830961 24.520766 0.032949056
58833.831526 24.586015 0.029970176
58833.832097 24.595331 0.029972503
58833.83267 24.527144 0.028956992
58833.833228 24.588624 0.032970128
58833.833798 24.546896 0.031920858
58833.834371 24.52521 0.03294719
58833.834936 24.545459 0.029963569
58833.83551 24.48634 0.029961142
58833.836083 24.612922 0.031958137
58833.836648 24.529337 0.029960451
58833.837231 24.503542 0.032944865
58833.837806 24.53323 0.033927613
58833.83839 24.508738 0.03292825
58833.838952 24.488402 0.036911775
58833.839512 24.530885 0.035959045
58833.840078 24.509156 0.03892973
58833.840638 24.568627 0.03396218
58833.841214 24.577514 0.035966415
58833.841784 24.539501 0.031962407
58833.842354 24.489209 0.029961706
58833.842932 24.573149 0.037961808
58833.8435 24.532671 0.033963084
58833.844068 24.572358 0.032971625
58833.84464 24.566234 0.03496194
58833.845192 24.526758 0.035968745
58833.845764 24.563457 0.032975291
58833.846315 24.550109 0.036969445
58833.846882 24.586857 0.035973387
58833.847447 24.563765 0.03897078
58833.848017 24.651379 0.041970988
58833.848583 24.569072 0.043968702
58833.849139 24.547292 0.044958855
58833.849713 24.577114 0.036966979
58833.850286 24.601757 0.038971699
