HJD mag magerr
58833.526351 24.84153 0.13177397
58833.526938 24.779369 0.11463426
58833.527497 24.724691 0.090828304
58833.528073 24.654487 0.080686915
58833.52864 24.732482 0.06383123
58833.529223 24.531811 0.073619765
58833.529794 24.739158 0.085618262
58833.530369 24.877823 0.070758778
58833.530936 24.788031 0.057899119
58833.531508 24.737471 0.045892187
58833.532068 24.661108 0.036910534
58833.532639 24.677549 0.038899329
58833.533201 24.677663 0.041933952
58833.533765 24.714383 0.037939998
58833.534319 24.663642 0.043735906
58833.534878 24.604599 0.038816163
58833.535457 24.584559 0.035839796
58833.536022 24.751126 0.035928468
58833.536586 24.654358 0.029945864
58833.537148 24.715252 0.030940174
58833.537706 24.616356 0.031891026
58833.538275 24.70861 0.029931373
58833.538843 24.71418 0.028935401
58833.539403 24.664106 0.028935728
58833.539961 24.694315 0.027947156
58833.540691 24.708745 0.025965667
58833.54127 24.690259 0.028932997
58833.541834 24.713391 0.028948112
58833.542384 24.733006 0.026945052
58833.542946 24.632841 0.026939521
58833.543507 24.649959 0.024956274
58833.544071 24.721739 0.024973103
58833.544644 24.692962 0.023967544
58833.545206 24.63149 0.024944479
58833.545767 24.654124 0.026955608
58833.54634 24.779443 0.02696493
58833.546924 24.699703 0.027948346
58833.547488 24.731297 0.025944005
58833.548053 24.774412 0.025948881
58833.548633 24.755975 0.024966225
58833.549203 24.726682 0.023962499
58833.549779 24.711018 0.024960369
58833.550355 24.698411 0.025947319
58833.550911 24.70981 0.025938527
58833.551466 24.660793 0.023947311
58833.552025 24.69848 0.027921869
58833.552609 24.688588 0.028920878
58833.553172 24.728958 0.030947618
58833.553736 24.686925 0.025956589
58833.554298 24.689185 0.022969573
58833.554862 24.707157 0.026966449
58833.55542 24.697631 0.024978995
58833.556007 24.679579 0.024982595
58833.556565 24.705006 0.027979937
58833.557125 24.661076 0.026975641
58833.557676 24.736059 0.032980236
58833.558245 24.709408 0.028965623
58833.558811 24.671491 0.026950443
58833.559373 24.729237 0.02794093
58833.559928 24.671963 0.029874233
58833.560497 24.782557 0.036810733
58833.561052 24.642311 0.02791727
58833.561629 24.685233 0.031911156
58833.562183 24.691503 0.027947843
58833.562742 24.648149 0.024953119
58833.563315 24.689017 0.027953122
58833.563889 24.600797 0.029849173
58833.564461 24.830277 0.037773402
58833.565019 24.611862 0.020969711
58833.565576 24.671639 0.019989884
58833.566153 24.542409 0.022943061
58833.566722 24.697002 0.024948967
58833.56729 24.759705 0.025946166
58833.56785 24.601882 0.025917916
58833.568406 24.61075 0.020978656
58833.568961 24.69412 0.021977813
58833.569533 24.696144 0.020983468
58833.570095 24.673323 0.021975227
58833.57065 24.676482 0.019986296
58833.57121 24.672783 0.021976384
58833.571768 24.695466 0.021977689
58833.572322 24.712543 0.020972873
58833.572898 24.719464 0.023963254
58833.573468 24.720253 0.027868463
58833.574037 24.660161 0.025908564
58833.574593 24.717075 0.026915246
58833.575159 24.720527 0.033742846
58833.575726 24.739156 0.028818564
58833.576286 24.654468 0.026863442
58833.576839 24.792331 0.02788382
58833.577403 24.675476 0.022958231
58833.577964 24.687116 0.025961241
58833.578544 24.783771 0.024941844
58833.579114 24.70874 0.022961913
58833.579688 24.69422 0.025925214
58833.580238 24.68479 0.027913987
58833.58081 24.65425 0.025928965
58833.581375 24.682214 0.027821429
58833.581944 24.669095 0.024917941
58833.582509 24.746521 0.023952247
58833.58308 24.692605 0.026916369
58833.583647 24.681991 0.028880117
58833.584215 24.620536 0.029806621
58833.584762 24.853412 0.02889891
58833.585316 24.681013 0.025876771
58833.585886 24.745191 0.023930513
58833.586442 24.698513 0.025938266
58833.587001 24.70195 0.02592647
58833.587566 24.733813 0.033874844
58833.58814 24.72233 0.0299005
58833.588711 24.758299 0.020972883
58833.589285 24.725694 0.021956133
58833.589857 24.672737 0.0257989
58833.590423 24.779982 0.035780766
58833.590994 24.714091 0.031820496
58833.591559 24.77576 0.042746069
58833.592112 24.795018 0.038770957
58833.592665 24.674098 0.035755775
58833.593224 24.67208 0.0388267
58833.593796 24.742419 0.049829796
58833.594369 24.741698 0.053542293
58833.59492 24.847219 0.049760877
58833.595528 24.782224 0.038796523
58833.596082 24.661575 0.033871536
58833.596665 24.707704 0.035870316
58833.597231 24.75038 0.034843604
58833.597797 24.679239 0.029916038
58833.59838 24.66578 0.022955518
58833.598947 24.694714 0.024943329
58833.599512 24.691178 0.028924126
58833.60009 24.686975 0.027944603
58833.600655 24.695684 0.026951135
58833.601221 24.729339 0.027928216
58833.601788 24.708407 0.028950322
58833.602358 24.770453 0.026937897
58833.602926 24.768916 0.031903112
58833.60349 24.746357 0.037822524
58833.604047 24.706782 0.026931959
58833.604615 24.716309 0.029895403
58833.605171 24.630501 0.033842086
58833.605736 24.739664 0.033894823
58833.606292 24.65307 0.03289608
58833.606846 24.788861 0.030874829
58833.607409 24.625398 0.030889972
58833.607972 24.723683 0.032915539
58833.608554 24.644251 0.035858519
58833.609122 24.703471 0.032905284
58833.609691 24.735722 0.034847659
58833.61027 24.680504 0.028902472
58833.610843 24.711318 0.028898594
58833.611415 24.763823 0.030881464
58833.611993 24.783245 0.030864788
58833.612577 24.763765 0.029860915
58833.613137 24.68527 0.030864115
58833.613696 24.731876 0.029845429
58833.614278 24.767413 0.029883507
58833.614853 24.82518 0.032817568
58833.615407 24.697039 0.028856145
58833.615983 24.730102 0.030879835
58833.616534 24.684609 0.026911987
58833.617093 24.751776 0.035899558
58833.617655 24.673365 0.02893173
58833.618216 24.719158 0.027937727
58833.618781 24.721051 0.028943928
58833.619336 24.640107 0.028933627
58833.619908 24.682643 0.029922637
58833.620489 24.714676 0.026930474
58833.621073 24.688969 0.026939859
58833.621643 24.706754 0.030911035
58833.622212 24.688297 0.026923598
58833.622786 24.69856 0.032887088
58833.623339 24.694186 0.029932245
58833.623898 24.697107 0.03091699
58833.624467 24.679081 0.030937808
58833.625042 24.679671 0.027928606
58833.625625 24.707512 0.0269366
58833.626195 24.73923 0.026946166
58833.626758 24.682993 0.029899953
58833.627345 24.671094 0.026960142
58833.627901 24.695396 0.024960724
58833.628481 24.694126 0.02696107
58833.629058 24.655234 0.025957956
58833.629625 24.706466 0.023962536
58833.630194 24.68445 0.025962488
58833.630754 24.709832 0.026967175
58833.631339 24.834284 0.032907613
58833.631919 24.76974 0.036813754
58833.632476 24.713231 0.0358418
58833.633035 24.738575 0.031890963
58833.633609 24.746341 0.030882123
58833.634176 24.744541 0.039925834
58833.63477 24.671264 0.03091098
58833.63533 24.665054 0.027951564
58833.635896 24.718396 0.026926906
58833.636454 24.701415 0.024966444
58833.637031 24.68556 0.028896872
58833.637603 24.671952 0.027943584
58833.638178 24.645964 0.028907798
58833.638751 24.683869 0.025961754
58833.639317 24.724339 0.027958669
58833.639885 24.668243 0.023963838
58833.640451 24.733156 0.026979595
58833.641017 24.712963 0.024977571
58833.641587 24.673745 0.025962339
58833.642165 24.713389 0.026966496
58833.642733 24.701535 0.027965066
58833.643298 24.672726 0.028959811
58833.643881 24.672198 0.026949438
58833.644463 24.671944 0.025979201
58833.645038 24.666646 0.027967055
58833.645621 24.667913 0.028945647
58833.646196 24.666449 0.027947714
58833.646775 24.707225 0.027964548
58833.647352 24.658081 0.027968185
58833.647947 24.710575 0.028941265
58833.648518 24.689991 0.027980631
58833.649091 24.66876 0.025970183
58833.649661 24.737211 0.023978517
58833.650234 24.663044 0.025977831
58833.650812 24.70117 0.026971341
58833.651385 24.701476 0.026964878
58833.651942 24.718682 0.026965453
58833.652501 24.682075 0.025975989
58833.653051 24.614797 0.022981842
58833.653627 24.669309 0.026976966
58833.654196 24.691232 0.027961824
58833.654761 24.665452 0.028968535
58833.655332 24.673961 0.025976756
58833.655903 24.719097 0.028979323
58833.656459 24.689215 0.027979768
58833.657018 24.673974 0.026982895
58833.657575 24.718597 0.026983484
58833.658134 24.647494 0.02697632
58833.658729 24.723839 0.026966099
58833.659291 24.663365 0.026970602
58833.659866 24.715443 0.026982197
58833.660428 24.631716 0.025966812
58833.660996 24.708136 0.030967442
58833.661568 24.720383 0.02996668
58833.662129 24.67932 0.029950033
58833.662686 24.664034 0.029945006
58833.663254 24.701282 0.028978728
58833.663845 24.677097 0.033923286
58833.664399 24.719428 0.029963274
58833.664959 24.693006 0.030978568
58833.66553 24.687909 0.030973763
58833.666087 24.684154 0.025981708
58833.666661 24.692857 0.024982773
58833.66724 24.704531 0.02398639
58833.667808 24.674138 0.031982804
58833.668374 24.718282 0.030980137
58833.66894 24.666607 0.028975192
58833.669515 24.658946 0.029972211
58833.670105 24.657817 0.036963843
58833.670664 24.681058 0.03196283
58833.671231 24.737626 0.034966665
58833.671792 24.64935 0.030962844
58833.672357 24.647731 0.032963253
58833.672921 24.702806 0.033960581
58833.6735 24.72679 0.033975697
58833.674063 24.673885 0.030979313
58833.674632 24.656181 0.031961505
58833.675223 24.636853 0.03491129
58833.67579 24.656046 0.033952104
58833.67635 24.694708 0.036943218
58833.676916 24.674602 0.036962385
58833.677484 24.639078 0.039955882
58833.678056 24.717326 0.036951301
58833.678616 24.675313 0.041857628
58833.679182 24.666866 0.040874873
58833.679761 24.738068 0.04580537
58833.680323 24.789778 0.063599335
58833.680894 24.653127 0.043809348
58833.681455 24.722421 0.05168275
0.0 0.0 0.0
58833.682591 24.683783 0.049785345
58833.683157 24.737614 0.045882593
58833.683728 24.714361 0.045870181
58833.68429 24.629165 0.044780229
58833.684864 24.69257 0.041924638
58833.685427 24.72843 0.041917516
58833.686006 24.612672 0.042891234
58833.68663 24.665072 0.032951649
58833.687197 24.711917 0.032966161
58833.687766 24.756865 0.040953623
58833.688335 24.66483 0.034962772
58833.6889 24.729052 0.037950547
58833.689473 24.771705 0.038945217
58833.690035 24.66434 0.036944681
58833.690606 24.679335 0.037921873
58833.691182 24.741973 0.040953392
58833.691769 24.655629 0.036935313
58833.692334 24.695904 0.042893291
58833.692912 24.653743 0.038921192
58833.693482 24.693104 0.036936548
58833.694055 24.655574 0.03693876
58833.694629 24.758396 0.038960216
58833.695214 24.684842 0.043952897
58833.695788 24.766517 0.041946944
58833.696709 24.694645 0.040947658
58833.697282 24.752398 0.044910263
58833.697854 24.671369 0.041929236
58833.698426 24.637278 0.038947852
58833.698997 24.68782 0.044933577
58833.699574 24.687425 0.036965702
58833.700162 24.726895 0.033970379
58833.700738 24.722507 0.040957781
58833.701314 24.668078 0.037958368
58833.701879 24.718265 0.056960917
58833.702433 24.64389 0.041974439
58833.702997 24.66544 0.031978001
58833.703569 24.677664 0.034965489
58833.704138 24.638686 0.032981038
58833.704693 24.715688 0.036975597
58833.705269 24.662417 0.030966939
58833.705842 24.693254 0.036954786
58833.706416 24.713428 0.042943217
58833.706995 24.680402 0.036974353
58833.70756 24.692938 0.037959867
58833.708139 24.671491 0.034962858
58833.708701 24.690495 0.035970025
58833.709269 24.707633 0.035970538
58833.709837 24.724789 0.036967848
58833.710398 24.70738 0.03297197
58833.710961 24.674016 0.039937809
58833.711531 24.711672 0.039957018
58833.712096 24.655712 0.036954301
58833.712678 24.773018 0.040950663
58833.713245 24.732455 0.034960487
58833.713811 24.708722 0.031962644
58833.71438 24.669767 0.032969448
58833.714942 24.721823 0.031964059
58833.715515 24.684451 0.035961574
58833.716099 24.752938 0.035974157
58833.716662 24.67526 0.034975844
58833.717217 24.702437 0.031973525
58833.717786 24.64614 0.030961935
58833.718352 24.679428 0.033954742
58833.718933 24.629253 0.031961265
58833.719515 24.734934 0.035957745
58833.720081 24.691775 0.03494769
58833.720652 24.726531 0.034960895
58833.721229 24.698106 0.035949311
58833.721798 24.704663 0.034949858
58833.722365 24.701522 0.033957184
58833.722938 24.656862 0.03097398
58833.723517 24.683107 0.032958693
58833.724095 24.665346 0.02996541
58833.724659 24.652969 0.030961672
58833.725228 24.732046 0.030962649
58833.725794 24.694592 0.029963768
58833.726369 24.715539 0.036943014
58833.726949 24.686816 0.036925979
58833.727521 24.648465 0.035891915
58833.728085 24.691294 0.035911739
58833.728659 24.671422 0.035946381
58833.729226 24.712184 0.035948423
58833.729803 24.669707 0.033963044
58833.730359 24.715827 0.03595169
58833.730924 24.649376 0.030964279
58833.731502 24.732765 0.033960939
58833.732059 24.703195 0.040898449
58833.732632 24.737078 0.03994081
58833.733194 24.692294 0.036918669
58833.733759 24.769312 0.045875282
58833.734321 24.65138 0.041912346
58833.734879 24.625405 0.042894291
58833.735444 24.737002 0.042847506
58833.736003 24.684905 0.051862918
58833.736571 24.693995 0.05385673
58833.737136 24.700331 0.050859723
58833.737691 24.743215 0.044902366
58833.738267 24.724155 0.05578246
58833.738823 24.776478 0.045880127
58833.739382 24.648661 0.041899116
58833.739948 24.630141 0.041841596
58833.740522 24.754676 0.05284394
58833.741085 24.772013 0.053809993
58833.741647 24.761985 0.042902016
58833.742215 24.733462 0.040923307
58833.742788 24.663168 0.040841896
58833.743365 24.740601 0.044898088
58833.743953 24.710901 0.042888088
58833.744526 24.762866 0.042911226
58833.745093 24.710364 0.035940761
58833.745664 24.689042 0.037925543
58833.746226 24.670645 0.037936498
58833.746789 24.68957 0.034936647
58833.747358 24.721197 0.034953521
58833.747921 24.668401 0.037947637
58833.748478 24.686116 0.03395517
58833.749035 24.738673 0.034953797
58833.749599 24.652103 0.030952041
58833.750168 24.668929 0.035904429
58833.750733 24.716113 0.036912594
58833.751298 24.681276 0.038867095
58833.751854 24.654386 0.041875185
58833.752416 24.70966 0.041915084
58833.752988 24.623721 0.036921776
58833.753539 24.692555 0.036930385
58833.7541 24.633362 0.032939557
58833.754655 24.650921 0.032953759
58833.75523 24.730602 0.035968059
58833.755803 24.673855 0.036943352
58833.756377 24.677723 0.036945186
58833.756948 24.719087 0.036968289
58833.757519 24.687533 0.039971616
58833.758074 24.66098 0.037967407
58833.758639 24.65177 0.038926123
58833.759204 24.717133 0.047912022
58833.759765 24.65119 0.040959842
58833.760341 24.671615 0.040960584
58833.760921 24.650986 0.038961351
58833.761489 24.749286 0.055923981
58833.76205 24.637483 0.040962507
58833.762618 24.649201 0.038948215
58833.763196 24.693057 0.034958861
58833.763771 24.728022 0.037975344
58833.764345 24.736603 0.039968074
58833.764904 24.673893 0.037973712
58833.765469 24.627312 0.039980621
58833.766035 24.655131 0.037971481
58833.766604 24.604671 0.037953639
58833.767179 24.70438 0.036975543
58833.767754 24.738632 0.045973798
58833.768337 24.760404 0.038967165
58833.768906 24.693918 0.040970094
58833.769468 24.740529 0.044948658
58833.770037 24.734422 0.036964978
58833.770609 24.636825 0.038957823
58833.771176 24.623925 0.043904343
58833.77175 24.620076 0.048925683
58833.772312 24.712939 0.05590292
58833.772873 24.714537 0.052882783
58833.773436 24.636303 0.05785063
58833.774013 24.642867 0.062867194
58833.774581 24.661715 0.048910303
58833.775149 24.695998 0.048906772
58833.775718 24.727909 0.051908792
58833.776274 24.626038 0.04993588
58833.776849 24.732057 0.050948393
58833.777425 24.663847 0.051944781
58833.777996 24.642741 0.048923302
58833.778564 24.658326 0.044944489
58833.779126 24.679707 0.048930295
58833.779701 24.652778 0.049928536
58833.780275 24.76185 0.047940338
58833.780836 24.730341 0.05285809
58833.781394 24.655769 0.054857869
58833.781959 24.655458 0.050934518
58833.78252 24.707264 0.044947687
58833.783078 24.714785 0.052900239
58833.783656 24.714156 0.047917869
58833.784224 24.683012 0.048948491
58833.784791 24.693306 0.04595255
58833.785359 24.691004 0.04495676
58833.785923 24.649628 0.0379665
58833.786499 24.746831 0.04795052
58833.787075 24.610068 0.040957181
58833.787657 24.689198 0.042957328
58833.788243 24.722721 0.043953336
58833.788815 24.690933 0.042963838
58833.789431 24.670514 0.03597076
58833.789993 24.691417 0.039961898
58833.790558 24.648982 0.035975472
58833.791114 24.625164 0.038954739
58833.791692 24.677897 0.033971905
58833.792254 24.695581 0.034954388
58833.792819 24.671833 0.033966679
58833.793386 24.690455 0.03395644
58833.793945 24.695093 0.033963554
58833.794517 24.679386 0.033967346
58833.79508 24.771886 0.033967109
58833.795646 24.692754 0.029971397
58833.796225 24.659031 0.030966492
58833.79679 24.742476 0.033978925
58833.797352 24.653531 0.031983504
58833.797908 24.681146 0.031977936
58833.798484 24.639769 0.033979697
58833.799061 24.695372 0.031975628
58833.799624 24.710874 0.033972688
58833.800185 24.672612 0.030977301
58833.800756 24.636068 0.033962598
58833.801313 24.694553 0.030970534
58833.801876 24.706271 0.033971631
58833.802443 24.716146 0.03595664
58833.803031 24.666664 0.033980135
58833.803608 24.724334 0.030973413
58833.804175 24.677387 0.034980169
58833.804741 24.663795 0.032979638
58833.805316 24.625149 0.031978728
58833.805876 24.662965 0.036971718
58833.806445 24.654835 0.033982479
58833.807016 24.688953 0.032978241
58833.807582 24.654892 0.034963943
58833.80816 24.685959 0.035977235
58833.808724 24.71994 0.036978604
58833.809281 24.643144 0.029974729
58833.809857 24.662317 0.034978638
58833.810432 24.669755 0.036971611
58833.811002 24.690498 0.03597653
58833.81157 24.716395 0.037980338
58833.812141 24.705664 0.034980356
58833.81271 24.656707 0.030982669
58833.813283 24.686615 0.033983947
58833.81385 24.708507 0.031983348
58833.814425 24.623265 0.029982983
58833.81499 24.715429 0.03298316
58833.815567 24.677158 0.031980187
58833.816133 24.735119 0.030978944
58833.816698 24.700732 0.037958479
58833.817289 24.66523 0.03397124
58833.817864 24.658363 0.038965574
58833.818429 24.694026 0.034967498
58833.819011 24.629136 0.034967658
58833.819573 24.679566 0.036975595
58833.820146 24.688471 0.031963784
58833.82073 24.643103 0.030971488
58833.821295 24.613151 0.034970628
58833.821869 24.616015 0.03897
58833.822431 24.67711 0.040976301
58833.822986 24.703106 0.042977885
58833.823546 24.636628 0.041961676
58833.824122 24.686359 0.043959411
58833.82469 24.606948 0.039974819
58833.82527 24.677687 0.045976573
58833.825842 24.647587 0.042972781
58833.826414 24.665518 0.046958365
58833.826987 24.564379 0.03696171
58833.827559 24.69179 0.037966823
58833.828123 24.609659 0.036973301
58833.828694 24.642104 0.033958647
58833.829263 24.668181 0.036966441
58833.829826 24.65532 0.03695611
58833.830398 24.662839 0.039965929
58833.830961 24.657293 0.035968106
58833.831526 24.661866 0.034958313
58833.832097 24.678163 0.031974385
58833.83267 24.64902 0.031968798
58833.833228 24.602546 0.0329688
58833.833798 24.645882 0.026976711
58833.834371 24.636165 0.032956786
58833.834936 24.665483 0.029975539
58833.83551 24.681528 0.032972461
58833.836083 24.711627 0.037970018
58833.836648 24.662627 0.031973015
58833.837231 24.701963 0.034972159
58833.837806 24.727311 0.043937247
58833.83839 24.658443 0.03795332
58833.838952 24.693589 0.044936238
58833.839512 24.718446 0.035965729
58833.840078 24.643227 0.038956291
58833.840638 24.654864 0.037968982
58833.841214 24.664631 0.038967519
58833.841784 24.698092 0.035975586
58833.842354 24.673781 0.036972102
58833.842932 24.692663 0.03596926
58833.8435 24.665422 0.037972006
58833.844068 24.689738 0.037973304
58833.84464 24.703457 0.036971908
58833.845192 24.634928 0.036977019
58833.845764 24.624165 0.036978848
58833.846315 24.671884 0.036979104
58833.846882 24.701146 0.036982036
58833.847447 24.66573 0.048968981
58833.848017 24.709924 0.047977218
58833.848583 24.64753 0.044971534
58833.849139 24.650923 0.04197478
58833.849713 24.652477 0.045963045
58833.850286 24.703412 0.044977887
