HJD mag magerr
58833.526351 24.476413 0.090785676
58833.526938 24.598023 0.089623337
58833.527497 24.83957 0.1087963
58833.528073 24.545866 0.073773336
58833.52864 24.518131 0.054809606
58833.529223 24.729588 0.075637023
58833.529794 24.345849 0.061495028
58833.530369 24.616189 0.060736476
0.0 0.0 0.0
0.0 0.0 0.0
58833.532068 24.596007 0.037911209
58833.532639 24.572214 0.035860731
58833.533201 24.567594 0.035916447
58833.533765 24.551447 0.035918083
58833.534319 24.512428 0.036796828
58833.534878 24.559632 0.033880348
58833.535457 24.547851 0.031871391
58833.536022 24.579935 0.03287178
58833.536586 24.581396 0.029921971
58833.537148 24.630347 0.029924054
58833.537706 24.565032 0.03087255
58833.538275 24.588748 0.027935585
58833.538843 24.563214 0.027933343
58833.539403 24.594522 0.027925636
58833.539961 24.574412 0.025927277
58833.540691 24.604466 0.028951557
58833.54127 24.603376 0.025916581
58833.541834 24.57885 0.025951331
58833.542384 24.617256 0.026901128
58833.542946 24.647622 0.029929029
58833.543507 24.643517 0.022966635
58833.544071 24.649368 0.025961834
58833.544644 24.634423 0.022962251
58833.545206 24.587049 0.023939911
58833.545767 24.665516 0.024947516
58833.54634 24.715889 0.02692518
58833.546924 24.555141 0.023926189
58833.547488 24.62048 0.027926362
58833.548053 24.839624 0.029923774
58833.548633 24.630584 0.024936745
58833.549203 24.670786 0.023965019
58833.549779 24.592533 0.025950332
58833.550355 24.606271 0.025953176
58833.550911 24.657409 0.026960768
58833.551466 24.656434 0.025929398
58833.552025 24.599303 0.027871896
58833.552609 24.636994 0.02692968
58833.553172 24.615836 0.027913416
58833.553736 24.663704 0.025939347
58833.554298 24.63079 0.023961317
58833.554862 24.687714 0.026950198
58833.55542 24.679644 0.027967948
58833.556007 24.697244 0.026967538
58833.556565 24.631813 0.026972905
58833.557125 24.702296 0.028966603
58833.557676 24.646606 0.028967717
58833.558245 24.686257 0.027955668
58833.558811 24.586921 0.025951453
58833.559373 24.645779 0.026923652
58833.559928 24.548187 0.025893581
58833.560497 24.515081 0.031776054
58833.561052 24.541242 0.024927951
58833.561629 24.67038 0.032898886
58833.562183 24.611697 0.026928366
58833.562742 24.573572 0.023946572
58833.563315 24.736973 0.03092594
58833.563889 24.500025 0.025882956
58833.564461 24.570629 0.029731516
58833.565019 24.588987 0.018962517
58833.565576 24.688688 0.021986884
58833.566153 24.647975 0.022950899
58833.566722 24.708613 0.027935396
58833.56729 24.778615 0.02992858
58833.56785 24.57672 0.023903219
58833.568406 24.54892 0.021954911
58833.568961 24.649492 0.020970698
58833.569533 24.635391 0.020979068
58833.570095 24.643319 0.02097123
58833.57065 24.679255 0.020980434
58833.57121 24.627374 0.019981028
58833.571768 24.622676 0.021962525
58833.572322 24.629559 0.020973916
58833.572898 24.766512 0.024939162
58833.573468 24.708398 0.024922593
58833.574037 24.712169 0.026919094
58833.574593 24.647821 0.0249309
58833.575159 24.514832 0.028743971
58833.575726 24.505073 0.023838145
58833.576286 24.465496 0.022825023
58833.576839 24.566735 0.026844565
58833.577403 24.605275 0.022919944
58833.577964 24.622128 0.025943815
58833.578544 24.626468 0.02494705
58833.579114 24.779202 0.027920947
58833.579688 24.778533 0.02889912
58833.580238 24.564083 0.023916286
58833.58081 24.623673 0.023894972
58833.581375 24.536309 0.024872835
58833.581944 24.532335 0.023893743
58833.582509 24.629676 0.024939884
58833.58308 24.626399 0.025910088
58833.583647 24.613275 0.026889687
58833.584215 24.480407 0.025768352
58833.584762 24.548939 0.022880776
58833.585316 24.551081 0.023885251
58833.585886 24.586113 0.020941709
58833.586442 24.579635 0.023904572
58833.587001 24.579495 0.02293567
58833.587566 24.585282 0.032838432
58833.58814 24.515481 0.027883135
58833.588711 24.589225 0.023943158
58833.589285 24.6223 0.019953894
58833.589857 24.524776 0.020921921
58833.590423 24.570026 0.029770179
58833.590994 24.585898 0.025884012
58833.591559 24.589846 0.038607998
58833.592112 24.582255 0.035716902
58833.592665 24.596613 0.035780156
58833.593224 24.501924 0.03482749
58833.593796 24.545269 0.040782061
58833.594369 24.478141 0.047235597
58833.59492 24.659421 0.045534096
58833.595528 24.567873 0.032837107
58833.596082 24.558048 0.031812056
58833.596665 24.560283 0.033815936
58833.597231 24.596616 0.031852589
58833.597797 24.624698 0.028897384
58833.59838 24.605167 0.022929118
58833.598947 24.631146 0.025924571
58833.599512 24.661322 0.029909944
58833.60009 24.750638 0.030915688
58833.600655 24.702846 0.026940337
58833.601221 24.588153 0.02590601
58833.601788 24.606622 0.026930433
58833.602358 24.638246 0.025921615
58833.602926 24.612336 0.02891318
58833.60349 24.589081 0.034748637
58833.604047 24.61755 0.025917403
58833.604615 24.596177 0.030857978
58833.605171 24.591067 0.031877912
58833.605736 24.560439 0.030863953
58833.606292 24.554837 0.029879962
58833.606846 24.613868 0.033841581
58833.607409 24.567755 0.028874849
58833.607972 24.544629 0.032868877
58833.608554 24.482316 0.03284786
58833.609122 24.591265 0.029917643
58833.609691 24.572434 0.032757179
58833.61027 24.580722 0.028870576
58833.610843 24.535689 0.025888622
58833.611415 24.536209 0.024857847
58833.611993 24.547495 0.027835567
58833.612577 24.541919 0.025822598
58833.613137 24.496336 0.025855711
58833.613696 24.534912 0.026790689
58833.614278 24.582749 0.026856217
58833.614853 24.522479 0.026808519
58833.615407 24.554542 0.028811724
58833.615983 24.574712 0.027855984
58833.616534 24.553973 0.025894871
58833.617093 24.552453 0.029876317
58833.617655 24.638151 0.027915276
58833.618216 24.712189 0.030869389
58833.618781 24.657721 0.032942589
58833.619336 24.621076 0.028915481
58833.619908 24.586399 0.027891609
58833.620489 24.68098 0.026909024
58833.621073 24.631748 0.025938822
58833.621643 24.627223 0.029893381
58833.622212 24.688733 0.028905576
58833.622786 24.600695 0.031868859
58833.623339 24.608199 0.029887584
58833.623898 24.559894 0.061892548
58833.624467 24.663332 0.029924212
58833.625042 24.589523 0.025916722
58833.625625 24.655359 0.025918381
58833.626195 24.750655 0.024947107
58833.626758 24.625648 0.027920804
58833.627345 24.662658 0.024946984
58833.627901 24.67156 0.026947849
58833.628481 24.657433 0.02594916
58833.629058 24.617792 0.025945048
58833.629625 24.629997 0.024965511
58833.630194 24.663022 0.024964291
58833.630754 24.6703 0.028955846
58833.631339 24.676166 0.029830252
58833.631919 24.520773 0.031745082
58833.632476 24.548917 0.030851462
58833.633035 24.51281 0.027865391
58833.633609 24.616254 0.030880265
58833.634176 24.639526 0.03689516
58833.63477 24.609078 0.029903572
58833.63533 24.639738 0.026951539
58833.635896 24.541621 0.027914
58833.636454 24.623252 0.02395705
58833.637031 24.541913 0.028914008
58833.637603 24.628825 0.025934241
58833.638178 24.586131 0.026931512
58833.638751 24.59011 0.02695067
58833.639317 24.61546 0.025943254
58833.639885 24.677591 0.028948583
58833.640451 24.718695 0.024977457
58833.641017 24.723301 0.02496919
58833.641587 24.669955 0.026952118
58833.642165 24.581137 0.027951457
58833.642733 24.611194 0.024954882
58833.643298 24.658374 0.026964378
58833.643881 24.638632 0.025961782
58833.644463 24.633079 0.022974041
58833.645038 24.648726 0.026956332
58833.645621 24.672893 0.027951187
58833.646196 24.595711 0.026924386
58833.646775 24.653866 0.025955335
58833.647352 24.608678 0.02795499
58833.647947 24.642105 0.028922379
58833.648518 24.639148 0.025972732
58833.649091 24.648846 0.025958139
58833.649661 24.699843 0.026954043
58833.650234 24.679837 0.026963628
58833.650812 24.656924 0.025970287
58833.651385 24.677243 0.027953231
58833.651942 24.676908 0.02994984
58833.652501 24.625518 0.026952062
58833.653051 24.687675 0.029972081
58833.653627 24.655886 0.026957661
58833.654196 24.735464 0.028963527
58833.654761 24.658654 0.027958114
58833.655332 24.647154 0.023971281
58833.655903 24.615449 0.026977324
58833.656459 24.72863 0.027975937
58833.657018 24.642707 0.027974882
58833.657575 24.64781 0.028977252
58833.658134 24.620983 0.028955989
58833.658729 24.72793 0.027966756
58833.659291 24.683441 0.026969969
58833.659866 24.706451 0.026975788
58833.660428 24.694471 0.02995242
58833.660996 24.636839 0.025967399
58833.661568 24.692395 0.028961679
58833.662129 24.632622 0.027939059
58833.662686 24.624109 0.035921466
58833.663254 24.654362 0.0289702
58833.663845 24.606235 0.031932278
58833.664399 24.618591 0.029954282
58833.664959 24.619526 0.030955853
58833.66553 24.676945 0.02996631
58833.666087 24.663956 0.028978231
58833.666661 24.680842 0.026980492
58833.66724 24.689308 0.02697892
58833.667808 24.663775 0.027972486
58833.668374 24.682521 0.02697801
58833.66894 24.660991 0.027974085
58833.669515 24.682546 0.027977031
58833.670105 24.655165 0.032965596
58833.670664 24.659635 0.029946397
58833.671231 24.603869 0.030950291
58833.671792 24.609844 0.032946579
58833.672357 24.640401 0.031943966
58833.672921 24.686203 0.032954844
58833.6735 24.628312 0.025968173
58833.674063 24.676546 0.029968473
58833.674632 24.587169 0.031942023
58833.675223 24.555542 0.033911274
58833.67579 24.659215 0.037931605
58833.67635 24.625389 0.030918977
58833.676916 24.595738 0.034946302
58833.677484 24.590169 0.036930593
58833.678056 24.634281 0.033928681
58833.678616 24.593548 0.039817299
58833.679182 24.54165 0.038876832
58833.679761 24.533567 0.042839141
58833.680323 24.576766 0.049636085
58833.680894 24.573445 0.045743144
58833.681455 24.521141 0.041832836
58833.68202 24.492332 0.041751358
58833.682591 24.494354 0.043736901
58833.683157 24.524865 0.041843733
58833.683728 24.538757 0.038854162
58833.68429 24.531046 0.040816066
58833.684864 24.551147 0.037889091
58833.685427 24.588331 0.036888981
58833.686006 24.559352 0.035869716
58833.68663 24.635941 0.037930061
58833.687197 24.551916 0.037927583
58833.687766 24.598791 0.034934009
58833.688335 24.631854 0.037940489
58833.6889 24.594378 0.034924975
58833.689473 24.671881 0.040915129
58833.690035 24.605314 0.033922362
58833.690606 24.536104 0.032936681
58833.691182 24.620303 0.036941984
58833.691769 24.675678 0.036912506
58833.692334 24.539291 0.035901245
58833.692912 24.644324 0.037883561
58833.693482 24.546449 0.031908564
58833.694055 24.607263 0.032917396
58833.694629 24.657445 0.036949543
58833.695214 24.638296 0.037924936
58833.695788 24.686451 0.036920888
58833.696709 24.555622 0.036899433
58833.697282 24.654082 0.047863114
58833.697854 24.576122 0.035904988
58833.698426 24.624803 0.036921635
58833.698997 24.56716 0.043901342
58833.699574 24.559208 0.034944853
58833.700162 24.635694 0.037950972
58833.700738 24.616367 0.037940397
58833.701314 24.63401 0.038947939
58833.701879 24.662078 0.055937109
58833.702433 24.647745 0.040962078
58833.702997 24.615949 0.033966556
58833.703569 24.638926 0.034967425
58833.704138 24.608742 0.031971905
58833.704693 24.719966 0.039961441
58833.705269 24.654203 0.034956418
58833.705842 24.654942 0.038947366
58833.706416 24.623821 0.036937291
58833.706995 24.644502 0.03097329
58833.70756 24.68962 0.036954311
58833.708139 24.618816 0.033958211
58833.708701 24.689114 0.034957671
58833.709269 24.626894 0.037958835
58833.709837 24.669755 0.035930031
58833.710398 24.5624 0.033953724
58833.710961 24.616957 0.036944589
58833.711531 24.659005 0.037934604
58833.712096 24.619269 0.037919856
58833.712678 24.652072 0.035955544
58833.713245 24.5763 0.034918425
58833.713811 24.59123 0.028951069
58833.71438 24.64847 0.032953374
58833.714942 24.609467 0.029945976
58833.715515 24.695338 0.031953587
58833.716099 24.621813 0.033974134
58833.716662 24.67688 0.033963699
58833.717217 24.608326 0.031964351
58833.717786 24.67041 0.034938943
58833.718352 24.577127 0.033932841
58833.718933 24.624238 0.034928292
58833.719515 24.563197 0.034952846
58833.720081 24.622267 0.036919616
58833.720652 24.633775 0.034941267
58833.721229 24.614636 0.034937478
58833.721798 24.616562 0.037932532
58833.722365 24.686008 0.031956916
58833.722938 24.730082 0.031958044
58833.723517 24.641897 0.032954484
58833.724095 24.659339 0.030961687
58833.724659 24.608744 0.028928528
58833.725228 24.621456 0.030942116
58833.725794 24.67166 0.035952769
58833.726369 24.588805 0.034898744
58833.726949 24.589579 0.036894749
58833.727521 24.554252 0.033869807
58833.728085 24.652619 0.033921576
58833.728659 24.616985 0.034946536
58833.729226 24.659915 0.037927947
58833.729803 24.60757 0.032953719
58833.730359 24.603449 0.03295304
58833.730924 24.797559 0.033961041
58833.731502 24.704493 0.035941397
58833.732059 24.616073 0.037908647
58833.732632 24.57652 0.033923226
58833.733194 24.601565 0.036930738
58833.733759 24.543023 0.036850811
58833.734321 24.573173 0.038880485
58833.734879 24.620348 0.039860004
58833.735444 24.599029 0.040816848
58833.736003 24.551754 0.039884254
58833.736571 24.551059 0.046803659
58833.737136 24.625872 0.041865069
58833.737691 24.591829 0.038861966
58833.738267 24.577132 0.043727342
58833.738823 24.572402 0.039860411
58833.739382 24.559681 0.038843288
58833.739948 24.493753 0.038826443
58833.740522 24.570917 0.041790847
58833.741085 24.485518 0.041759617
58833.741647 24.594213 0.039869178
58833.742215 24.560954 0.038890487
58833.742788 24.546124 0.035802594
58833.743365 24.61615 0.042874943
58833.743953 24.562948 0.040864385
58833.744526 24.582177 0.034882254
58833.745093 24.628568 0.036914342
58833.745664 24.576588 0.034901084
58833.746226 24.637699 0.040906313
58833.746789 24.575247 0.033913323
58833.747358 24.598341 0.030934609
58833.747921 24.684081 0.035929036
58833.748478 24.696461 0.030951559
58833.749035 24.642869 0.033953199
58833.749599 24.589297 0.033953915
58833.750168 24.553538 0.033877021
58833.750733 24.549356 0.033881753
58833.751298 24.577754 0.035792382
58833.751854 24.527297 0.038865459
58833.752416 24.554665 0.034890735
58833.752988 24.555973 0.033906033
58833.753539 24.596543 0.032903968
58833.7541 24.574311 0.03392099
58833.754655 24.64209 0.033949947
58833.75523 24.668039 0.032953432
58833.755803 24.640683 0.03794499
58833.756377 24.652925 0.035943248
58833.756948 24.692512 0.036968276
58833.757519 24.625981 0.035955603
58833.758074 24.682562 0.037938242
58833.758639 24.541752 0.036856828
58833.759204 24.622837 0.04390827
58833.759765 24.687252 0.042933501
58833.760341 24.615167 0.037950844
58833.760921 24.638906 0.043941242
58833.761489 24.536661 0.046874101
58833.76205 24.58764 0.036941136
58833.762618 24.603978 0.039920582
58833.763196 24.611655 0.035952567
58833.763771 24.653694 0.040956015
58833.764345 24.633508 0.036956186
58833.764904 24.687378 0.042966975
58833.765469 24.651476 0.038959882
58833.766035 24.601232 0.034956503
58833.766604 24.633201 0.041936413
58833.767179 24.612261 0.039952458
58833.767754 24.673059 0.041962159
58833.768337 24.691754 0.036954286
58833.768906 24.703957 0.03795452
58833.769468 24.670041 0.041945176
58833.770037 24.591786 0.036950088
58833.770609 24.68096 0.042948363
58833.771176 24.572103 0.041894737
58833.77175 24.611626 0.044896411
58833.772312 24.575931 0.047846957
58833.772873 24.626019 0.049827084
58833.773436 24.566799 0.053810948
58833.774013 24.635723 0.053845496
58833.774581 24.582305 0.046874676
58833.775149 24.624299 0.049868247
58833.775718 24.604311 0.046869876
58833.776274 24.6389 0.047898666
58833.776849 24.621306 0.04592459
58833.777425 24.627516 0.046914031
58833.777996 24.58469 0.046875565
58833.778564 24.671248 0.043928619
58833.779126 24.574169 0.044911988
58833.779701 24.586292 0.044872343
58833.780275 24.559461 0.043900842
58833.780836 24.599502 0.049833383
58833.781394 24.650593 0.049871069
58833.781959 24.592262 0.043911236
58833.78252 24.591136 0.043925041
58833.783078 24.557584 0.041868944
58833.783656 24.585483 0.044895981
58833.784224 24.589347 0.044933685
58833.784791 24.616146 0.043901356
58833.785359 24.678372 0.043925007
58833.785923 24.664347 0.033949306
58833.786499 24.638731 0.045930814
58833.787075 24.65867 0.039931304
58833.787657 24.628218 0.040930544
58833.788243 24.571608 0.038939791
58833.788815 24.596263 0.040943719
58833.789431 24.695093 0.035933014
58833.789993 24.68375 0.038940619
58833.790558 24.665826 0.032953677
58833.791114 24.635988 0.039950675
58833.791692 24.70211 0.035971766
58833.792254 24.617774 0.031955352
58833.792819 24.656482 0.032962249
58833.793386 24.698627 0.037950491
58833.793945 24.584945 0.032943908
58833.794517 24.663897 0.034929295
58833.79508 24.606463 0.029966266
58833.795646 24.689228 0.032955135
58833.796225 24.70943 0.030965954
58833.79679 24.630802 0.03297004
58833.797352 24.653652 0.029966481
58833.797908 24.646814 0.027973526
58833.798484 24.693991 0.031973183
58833.799061 24.556286 0.029960475
58833.799624 24.663858 0.036958434
58833.800185 24.636535 0.029971291
58833.800756 24.65836 0.028971865
58833.801313 24.614771 0.030946225
58833.801876 24.60476 0.030957241
58833.802443 24.670383 0.033955792
58833.803031 24.671346 0.032967003
58833.803608 24.658948 0.031957849
58833.804175 24.686772 0.02997173
58833.804741 24.695972 0.035968341
58833.805316 24.746854 0.034962891
58833.805876 24.626923 0.038954583
58833.806445 24.621078 0.029974183
58833.807016 24.665948 0.031967183
58833.807582 24.620713 0.035939869
58833.80816 24.622424 0.034959216
58833.808724 24.681931 0.034956979
58833.809281 24.615185 0.033955994
58833.809857 24.702573 0.035967277
58833.810432 24.676519 0.034966149
58833.811002 24.705848 0.03996598
58833.81157 24.648137 0.035967066
58833.812141 24.656219 0.037965069
58833.81271 24.615093 0.030971108
58833.813283 24.623106 0.027975458
58833.81385 24.637011 0.02897328
58833.814425 24.67557 0.031970331
58833.81499 24.708004 0.029975652
58833.815567 24.668875 0.032968147
58833.816133 24.644927 0.030971764
58833.816698 24.690512 0.04196788
58833.817289 24.70156 0.035967325
58833.817864 24.60613 0.036958162
58833.818429 24.623979 0.032952002
58833.819011 24.633242 0.036948248
58833.819573 24.616917 0.037957157
58833.820146 24.632924 0.030952959
58833.82073 24.640026 0.035956269
58833.821295 24.624197 0.029963297
58833.821869 24.651547 0.035965308
58833.822431 24.637798 0.03595769
58833.822986 24.603094 0.037962385
58833.823546 24.625478 0.043936122
58833.824122 24.715867 0.037959614
58833.82469 24.653553 0.041956704
58833.82527 24.610914 0.042947715
58833.825842 24.57959 0.045952644
58833.826414 24.676266 0.041940752
58833.826987 24.663272 0.043921329
58833.827559 24.619601 0.037944801
58833.828123 24.602986 0.036971087
58833.828694 24.578096 0.033952337
58833.829263 24.662744 0.036958353
58833.829826 24.582156 0.029965616
58833.830398 24.664109 0.033931996
58833.830961 24.678797 0.03595436
58833.831526 24.599932 0.028960788
58833.832097 24.626011 0.031960705
58833.83267 24.63541 0.03296047
58833.833228 24.662434 0.034957719
58833.833798 24.624835 0.034959668
58833.834371 24.598412 0.034938829
58833.834936 24.623959 0.031961624
58833.83551 24.617596 0.033964009
58833.836083 24.650392 0.034953048
58833.836648 24.572843 0.035931991
58833.837231 24.665534 0.036947851
58833.837806 24.583363 0.035935148
58833.83839 24.62004 0.035935338
58833.838952 24.648831 0.042902311
58833.839512 24.632928 0.037942743
58833.840078 24.65682 0.039945696
58833.840638 24.631128 0.039923683
58833.841214 24.616867 0.040944611
58833.841784 24.60851 0.033958893
58833.842354 24.626072 0.034959372
58833.842932 24.609282 0.038947297
58833.8435 24.637364 0.036960009
58833.844068 24.648753 0.037947606
58833.84464 24.634958 0.038922516
58833.845192 24.692599 0.042952162
58833.845764 24.627793 0.039963025
58833.846315 24.719938 0.04197017
58833.846882 24.676167 0.036962304
58833.847447 24.638537 0.038966043
58833.848017 24.588232 0.043964043
58833.848583 24.665616 0.047953283
58833.849139 24.626814 0.045951701
58833.849713 24.625678 0.040952861
58833.850286 24.73013 0.044965283
