HJD mag magerr
58833.526351 24.768579 0.1138289
58833.526938 24.817672 0.10961059
58833.527497 24.697366 0.082817225
58833.528073 24.807065 0.094660539
58833.52864 24.844489 0.072820812
58833.529223 25.025727 0.10765632
58833.529794 24.919053 0.11135135
58833.530369 24.840653 0.065803316
58833.530936 24.840726 0.058827684
58833.531508 24.848385 0.045891788
58833.532068 24.921783 0.046900406
58833.532639 24.870107 0.046895967
58833.533201 24.868004 0.041910823
58833.533765 24.800932 0.040912902
58833.534319 24.992681 0.058775189
58833.534878 24.883493 0.044812063
58833.535457 24.827341 0.043825
58833.536022 24.771687 0.036904982
58833.536586 24.843326 0.034923013
58833.537148 24.819954 0.031951684
58833.537706 24.893741 0.040875919
58833.538275 24.797477 0.032930393
58833.538843 24.784391 0.0299324
58833.539403 24.822962 0.030922108
58833.539961 24.813642 0.030940183
58833.540691 24.806892 0.028953326
58833.54127 24.791827 0.028930038
58833.541834 24.821881 0.028943553
58833.542384 24.761203 0.030941455
58833.542946 24.795022 0.028929524
58833.543507 24.82065 0.024966413
58833.544071 24.832209 0.024956848
58833.544644 24.819383 0.026923345
58833.545206 24.836984 0.031876512
58833.545767 24.824529 0.028951821
58833.54634 24.797574 0.026962505
58833.546924 24.815352 0.026951446
58833.547488 24.801745 0.028916262
58833.548053 24.891147 0.026939394
58833.548633 24.797465 0.025954352
58833.549203 24.804345 0.023962542
58833.549779 24.809188 0.025958167
58833.550355 24.786883 0.026948736
58833.550911 24.830293 0.02296069
58833.551466 24.742236 0.024943572
58833.552025 24.788787 0.02793475
58833.552609 24.780581 0.027942087
58833.553172 24.826459 0.029935849
58833.553736 24.839689 0.02993415
58833.554298 24.762563 0.022965127
58833.554862 24.827875 0.024965506
58833.55542 24.836647 0.029943298
58833.556007 24.775211 0.025976312
58833.556565 24.804512 0.027981053
58833.557125 24.817067 0.028964427
58833.557676 24.773527 0.030963909
58833.558245 24.790656 0.027953415
58833.558811 24.854855 0.03094704
58833.559373 24.828197 0.029939309
58833.559928 24.840417 0.03190008
58833.560497 24.820803 0.038803044
58833.561052 24.836737 0.028937681
58833.561629 24.724304 0.026884454
58833.562183 24.830393 0.030925532
58833.562742 24.798163 0.026945959
58833.563315 24.841212 0.027952907
58833.563889 24.861822 0.031889208
58833.564461 24.883791 0.034773571
58833.565019 24.875993 0.02688711
58833.565576 24.762688 0.019990304
58833.566153 24.947929 0.028927701
58833.566722 24.767056 0.024953905
58833.56729 24.833473 0.026947369
58833.56785 24.753405 0.026926793
58833.568406 24.800299 0.023965071
58833.568961 24.869194 0.023972571
58833.569533 24.822646 0.021985501
58833.570095 24.834774 0.020976405
58833.57065 24.796981 0.021980458
58833.57121 24.814703 0.021975286
58833.571768 24.813769 0.022968562
58833.572322 24.819759 0.023971907
58833.572898 24.843586 0.025954322
58833.573468 24.830952 0.026906347
58833.574037 24.843027 0.029915201
58833.574593 24.848511 0.029903984
58833.575159 25.039105 0.041690225
58833.575726 24.870922 0.029863773
58833.576286 24.838139 0.029814709
58833.576839 24.868008 0.027891036
58833.577403 24.843562 0.026930732
58833.577964 24.821522 0.027940078
58833.578544 24.787463 0.025942467
58833.579114 24.852127 0.027869521
58833.579688 24.859237 0.031920215
58833.580238 24.859803 0.028905676
58833.58081 24.8874 0.029881307
58833.581375 24.746763 0.025890918
58833.581944 24.809895 0.02591476
58833.582509 24.828985 0.024941115
58833.58308 24.774169 0.026910165
58833.583647 24.823889 0.027905398
58833.584215 24.79894 0.032826137
58833.584762 24.840916 0.025907217
58833.585316 24.778397 0.030803052
58833.585886 24.865304 0.024945527
58833.586442 24.825466 0.027907589
58833.587001 24.90238 0.027933839
58833.587566 24.887849 0.03978145
58833.58814 24.865627 0.035843988
58833.588711 24.835335 0.022972825
58833.589285 24.934571 0.023954153
58833.589857 24.880813 0.028835975
58833.590423 24.855198 0.032842396
58833.590994 24.872843 0.036835254
58833.591559 24.915919 0.050737012
58833.592112 24.900931 0.043729012
58833.592665 24.793813 0.041716825
58833.593224 24.783634 0.047624685
58833.593796 24.865511 0.050740972
58833.594369 24.762931 0.046608638
58833.59492 24.858419 0.053709454
58833.595528 24.855519 0.039779274
58833.596082 24.870668 0.03784201
58833.596665 24.77727 0.036868991
58833.597231 24.889517 0.036845083
58833.597797 24.869366 0.033896572
58833.59838 24.879566 0.027930694
58833.598947 24.792174 0.025954992
58833.599512 24.862186 0.030920128
58833.60009 24.766451 0.028934323
58833.600655 24.827997 0.030950323
58833.601221 24.816732 0.028934556
58833.601788 24.832804 0.029937412
58833.602358 24.847144 0.027936749
58833.602926 24.845698 0.032935831
58833.60349 24.885195 0.040818215
58833.604047 24.786066 0.027936903
58833.604615 24.829938 0.031897408
58833.605171 24.783529 0.037884176
58833.605736 24.820767 0.03389946
58833.606292 24.852438 0.036894586
58833.606846 24.808152 0.032867829
58833.607409 24.871152 0.036825748
58833.607972 24.812275 0.03786687
58833.608554 24.774297 0.032891829
58833.609122 24.875922 0.035884259
58833.609691 24.861174 0.036849258
0.0 0.0 0.0
58833.610843 24.843641 0.030852715
58833.611415 24.830296 0.030868149
58833.611993 24.870694 0.030860494
58833.612577 24.860849 0.030851545
58833.613137 24.96524 0.036834955
58833.613696 24.842366 0.030845772
58833.614278 24.872638 0.030857097
58833.614853 24.802251 0.029826986
58833.615407 24.803886 0.029887733
58833.615983 24.813848 0.031878239
58833.616534 24.828819 0.030897754
58833.617093 24.828194 0.035885254
58833.617655 24.839878 0.03192601
58833.618216 24.803449 0.029913717
58833.618781 24.794264 0.029936323
58833.619336 24.780995 0.029932366
58833.619908 24.78806 0.032913838
58833.620489 24.782802 0.027924033
58833.621073 24.829187 0.028945088
58833.621643 24.849633 0.034852127
58833.622212 24.813991 0.028913412
58833.622786 24.803239 0.034878639
58833.623339 24.814262 0.033851675
58833.623898 24.814017 0.03284802
58833.624467 24.829907 0.030931206
58833.625042 24.800613 0.030917348
58833.625625 24.838754 0.028935605
58833.626195 24.816791 0.024953631
58833.626758 24.763027 0.02795006
58833.627345 24.808068 0.028946788
58833.627901 24.813504 0.027958162
58833.628481 24.813438 0.028932478
58833.629058 24.822449 0.027951673
58833.629625 24.767613 0.026931904
58833.630194 24.796906 0.025958717
58833.630754 24.764958 0.024963772
58833.631339 24.860342 0.030885304
58833.631919 24.884157 0.038828122
58833.632476 24.83947 0.037818022
58833.633035 24.869645 0.034841608
58833.633609 24.958935 0.03682492
58833.634176 24.819793 0.041932078
58833.63477 24.817838 0.032906617
58833.63533 24.82433 0.030908509
58833.635896 24.827913 0.031921697
58833.636454 24.833987 0.02796246
58833.637031 24.843354 0.031930055
58833.637603 24.779548 0.030909222
58833.638178 24.81165 0.029906966
58833.638751 24.801179 0.03093312
58833.639317 24.795558 0.02895461
58833.639885 24.80646 0.028938881
58833.640451 24.785925 0.025957913
58833.641017 24.79734 0.021977042
58833.641587 24.847242 0.02896869
58833.642165 24.743247 0.025965107
58833.642733 24.820882 0.026961887
58833.643298 24.764876 0.031930877
58833.643881 24.810762 0.02994627
58833.644463 24.807011 0.026967244
58833.645038 24.757342 0.025963397
58833.645621 24.794062 0.029938328
58833.646196 24.85586 0.028941161
58833.646775 24.784917 0.027939926
58833.647352 24.791427 0.030943438
58833.647947 24.791171 0.029958565
58833.648518 24.785045 0.029969315
58833.649091 24.771404 0.029949088
58833.649661 24.802806 0.028944371
58833.650234 24.782398 0.027968262
58833.650812 24.805618 0.030951066
58833.651385 24.754763 0.031940257
58833.651942 24.804825 0.031939312
58833.652501 24.798898 0.029962652
58833.653051 24.8132 0.027968024
58833.653627 24.805723 0.028964247
58833.654196 24.820702 0.028938679
58833.654761 24.810974 0.028967301
58833.655332 24.780566 0.029964097
58833.655903 24.836564 0.029969809
58833.656459 24.833118 0.02997098
58833.657018 24.806499 0.031974163
58833.657575 24.834315 0.02995289
58833.658134 24.801814 0.031944349
58833.658729 24.839307 0.032941647
58833.659291 24.795894 0.029969358
58833.659866 24.831167 0.030971132
58833.660428 24.821144 0.031939692
58833.660996 24.778435 0.029967442
58833.661568 24.778486 0.031959235
58833.662129 24.847684 0.031947093
58833.662686 24.860263 0.038903038
58833.663254 24.753546 0.028950103
58833.663845 24.777781 0.03295521
58833.664399 24.807424 0.030959815
58833.664959 24.76974 0.02897535
58833.66553 24.803305 0.030972978
58833.666087 24.809501 0.030972861
58833.666661 24.826802 0.029976194
58833.66724 24.757063 0.027969769
58833.667808 24.76877 0.028974892
58833.668374 24.801917 0.033974649
58833.66894 24.7905 0.031973698
58833.669515 24.875583 0.032969019
58833.670105 24.765815 0.033961628
58833.670664 24.797607 0.03295994
58833.671231 24.82024 0.037947855
58833.671792 24.816074 0.035945277
58833.672357 24.808815 0.035956831
58833.672921 24.823484 0.033955018
58833.6735 24.818174 0.038964353
58833.674063 24.768476 0.034955479
58833.674632 24.863372 0.039929
58833.675223 24.849837 0.037898707
58833.67579 24.850447 0.039947727
58833.67635 24.823978 0.039929219
58833.676916 24.805343 0.038928688
58833.677484 24.837001 0.044940876
58833.678056 24.827082 0.041931153
58833.678616 24.86354 0.045848226
58833.679182 24.738472 0.046834838
58833.679761 24.78174 0.046796856
58833.680323 24.779349 0.061687125
58833.680894 24.703608 0.04776616
58833.681455 24.78617 0.054778472
58833.68202 24.826498 0.052845713
58833.682591 24.856166 0.05370242
58833.683157 24.806554 0.048861068
58833.683728 24.880425 0.047793853
58833.68429 24.751216 0.048792432
58833.684864 24.789821 0.043910158
58833.685427 24.761771 0.042869022
58833.686006 24.873515 0.047892564
58833.68663 24.8199 0.041939763
58833.687197 24.811211 0.04195032
58833.687766 24.790005 0.041950467
58833.688335 24.807384 0.041927605
58833.6889 24.832606 0.040946229
58833.689473 24.80817 0.041906819
58833.690035 24.80512 0.036909044
58833.690606 24.862072 0.038913396
58833.691182 24.863008 0.040944458
58833.691769 24.798526 0.040895013
58833.692334 24.796754 0.040819279
58833.692912 24.839723 0.041862069
58833.693482 24.830051 0.036927363
58833.694055 24.851427 0.039900462
58833.694629 24.838453 0.040946777
58833.695214 24.83662 0.041941115
58833.695788 24.776516 0.037939383
58833.696709 24.830676 0.045870317
58833.697282 24.780371 0.049846696
58833.697854 24.825779 0.044878432
58833.698426 24.770161 0.03994884
58833.698997 24.835492 0.047909461
58833.699574 24.781358 0.040942688
58833.700162 24.772011 0.036955097
58833.700738 24.820013 0.043907975
58833.701314 24.821434 0.041953298
58833.701879 24.826888 0.059944686
58833.702433 24.858525 0.043943855
58833.702997 24.864761 0.037971564
58833.703569 24.800311 0.03696563
58833.704138 24.728994 0.034973091
58833.704693 24.851829 0.044964566
58833.705269 24.790554 0.040944496
58833.705842 24.796707 0.043949996
58833.706416 24.889771 0.047928548
58833.706995 24.816537 0.037964222
58833.70756 24.782553 0.04096538
58833.708139 24.811281 0.034961968
58833.708701 24.802253 0.039933745
58833.709269 24.814262 0.040953377
58833.709837 24.789132 0.036963565
58833.710398 24.774189 0.038954277
58833.710961 24.746583 0.041950267
58833.711531 24.874549 0.042931799
58833.712096 24.812797 0.040947886
58833.712678 24.780537 0.040914391
58833.713245 24.839183 0.041908238
58833.713811 24.821931 0.035930953
58833.71438 24.818728 0.039926543
58833.714942 24.826759 0.034933952
58833.715515 24.83801 0.036958119
58833.716099 24.83577 0.035966383
58833.716662 24.778719 0.035971548
58833.717217 24.765535 0.034941689
58833.717786 24.783176 0.034968396
58833.718352 24.801353 0.038961186
58833.718933 24.765696 0.038947274
0.0 0.0 0.0
58833.720081 24.866309 0.042874734
58833.720652 24.81606 0.037956959
58833.721229 24.747078 0.035943383
58833.721798 24.747218 0.038924521
58833.722365 24.791882 0.035934875
58833.722938 24.766736 0.035957288
58833.723517 24.743312 0.035949198
58833.724095 24.827355 0.031945131
58833.724659 24.791157 0.035947348
58833.725228 24.818261 0.035930616
58833.725794 24.77635 0.036930456
58833.726369 24.82554 0.040898806
58833.726949 24.831949 0.043912229
58833.727521 24.744323 0.036886928
58833.728085 24.846068 0.03890353
58833.728659 24.775253 0.037937896
58833.729226 24.844156 0.040946008
58833.729803 24.816932 0.037911733
58833.730359 24.81461 0.035951105
58833.730924 24.823051 0.033960358
58833.731502 24.769903 0.035943287
58833.732059 24.835137 0.044878575
58833.732632 24.846074 0.042913097
58833.733194 24.830334 0.03791071
58833.733759 24.765351 0.043820504
58833.734321 24.812555 0.040850245
58833.734879 24.903985 0.050867543
58833.735444 24.812745 0.047838277
58833.736003 24.771297 0.047862489
58833.736571 24.788654 0.056762821
58833.737136 24.823872 0.050782519
58833.737691 24.84492 0.043887199
58833.738267 24.826638 0.053752457
58833.738823 24.847735 0.045868222
58833.739382 24.790631 0.046853117
58833.739948 24.840361 0.049834232
58833.740522 24.756019 0.04586319
58833.741085 24.85606 0.055740002
58833.741647 24.831159 0.046869468
58833.742215 24.828037 0.043845798
58833.742788 24.8265 0.045801977
58833.743365 24.845797 0.052876834
58833.743953 24.823881 0.046880665
58833.744526 24.824663 0.042894331
58833.745093 24.835646 0.038895234
58833.745664 24.761823 0.040910871
58833.746226 24.826051 0.041920091
58833.746789 24.862611 0.038933997
58833.747358 24.782453 0.037916529
58833.747921 24.831473 0.036902788
58833.748478 24.836037 0.03594814
58833.749035 24.790361 0.033957147
58833.749599 24.73944 0.034951525
58833.750168 24.876827 0.040853788
58833.750733 24.830472 0.042842002
58833.751298 24.781484 0.045818042
58833.751854 24.747215 0.043814142
58833.752416 24.777044 0.042863776
58833.752988 24.822543 0.040873283
58833.753539 24.809184 0.037915217
58833.7541 24.848004 0.041892043
58833.754655 24.819009 0.03392182
58833.75523 24.823626 0.035964228
58833.755803 24.806412 0.044938577
58833.756377 24.800649 0.044904245
58833.756948 24.854318 0.039965926
58833.757519 24.779236 0.041967666
58833.758074 24.827908 0.040965682
58833.758639 24.755674 0.042915433
58833.759204 24.74083 0.043915989
58833.759765 24.839159 0.04495236
58833.760341 24.886335 0.047952328
58833.760921 24.828147 0.043955107
58833.761489 24.896785 0.057902936
58833.76205 24.797966 0.044943289
58833.762618 24.810982 0.041938323
58833.763196 24.796504 0.040927757
58833.763771 24.771141 0.04093601
58833.764345 24.783002 0.03896607
58833.764904 24.798136 0.042958272
58833.765469 24.795372 0.041939438
58833.766035 24.89238 0.04295731
58833.766604 24.779428 0.0439484
58833.767179 24.776094 0.041964897
58833.767754 24.770771 0.037965875
58833.768337 24.795407 0.038955333
58833.768906 24.839544 0.038961884
58833.769468 24.873124 0.045952354
58833.770037 24.790141 0.046910951
58833.770609 24.77105 0.048941439
58833.771176 24.854315 0.049884852
58833.77175 24.892845 0.055886462
58833.772312 24.800593 0.055875779
58833.772873 24.922485 0.061840854
58833.773436 24.816507 0.063861286
58833.774013 24.800628 0.062769705
58833.774581 24.800008 0.057839579
58833.775149 24.791826 0.059830166
58833.775718 24.861498 0.06188501
58833.776274 24.855866 0.054882439
58833.776849 24.794962 0.054918297
58833.777425 24.791626 0.05590967
58833.777996 24.752352 0.053888979
58833.778564 24.752145 0.044914311
58833.779126 24.81782 0.053883387
58833.779701 24.863008 0.055798052
58833.780275 24.828103 0.049894469
58833.780836 24.859611 0.059850928
58833.781394 24.797975 0.056861963
58833.781959 24.773889 0.045917011
58833.78252 24.791356 0.049784312
58833.783078 24.833935 0.058879257
58833.783656 24.885233 0.055897666
58833.784224 24.753138 0.040919361
58833.784791 24.90176 0.055936992
58833.785359 24.75773 0.04491575
58833.785923 24.751173 0.041910115
58833.786499 24.81916 0.044936171
58833.787075 24.808539 0.04693763
58833.787657 24.804813 0.050939296
58833.788243 24.825486 0.04793546
58833.788815 24.762974 0.039959618
58833.789431 24.77775 0.036963007
58833.789993 24.836939 0.041954322
58833.790558 24.791843 0.038961755
58833.791114 24.813698 0.045952829
58833.791692 24.738561 0.036969979
58833.792254 24.751557 0.036965331
58833.792819 24.80694 0.038950636
58833.793386 24.79782 0.035962993
58833.793945 24.812309 0.037938563
58833.794517 24.810712 0.035964197
58833.79508 24.827776 0.038948586
58833.795646 24.835118 0.033966035
58833.796225 24.844592 0.033974527
58833.79679 24.742118 0.032977964
58833.797352 24.827751 0.035950666
58833.797908 24.779995 0.027976386
58833.798484 24.80955 0.030975021
58833.799061 24.805854 0.03097093
58833.799624 24.792061 0.037958065
58833.800185 24.794456 0.037936169
58833.800756 24.741255 0.030970395
58833.801313 24.78662 0.03097173
58833.801876 24.827212 0.033964929
58833.802443 24.868116 0.035962871
58833.803031 24.802087 0.036969314
58833.803608 24.874057 0.035965318
58833.804175 24.821641 0.034978689
58833.804741 24.773188 0.032977449
58833.805316 24.824689 0.033974379
58833.805876 24.76175 0.036968689
58833.806445 24.840466 0.035979786
58833.807016 24.78827 0.036968487
58833.807582 24.82724 0.040965672
58833.80816 24.848749 0.048946192
58833.808724 24.847854 0.038969459
58833.809281 24.799588 0.035968134
58833.809857 24.875182 0.04196667
58833.810432 24.87085 0.042964919
58833.811002 24.824919 0.041968704
58833.81157 24.788467 0.039976248
58833.812141 24.862088 0.034979517
58833.81271 24.809735 0.033979248
58833.813283 24.755408 0.036971009
58833.81385 24.785676 0.028980924
58833.814425 24.83296 0.032980019
58833.81499 24.825718 0.035979904
58833.815567 24.838567 0.02998187
58833.816133 24.824808 0.035953074
58833.816698 24.814161 0.037966261
58833.817289 24.748692 0.036958015
58833.817864 24.849435 0.04295333
58833.818429 24.831905 0.037945324
58833.819011 24.858519 0.040959338
58833.819573 24.840092 0.042943179
58833.820146 24.8214 0.036964351
58833.82073 24.779774 0.035967406
58833.821295 24.813952 0.04096269
58833.821869 24.849908 0.047954029
58833.822431 24.779426 0.040960367
58833.822986 24.833454 0.041972418
58833.823546 24.831612 0.048951904
58833.824122 24.782029 0.045961228
58833.82469 24.772045 0.049951194
58833.82527 24.868337 0.054961275
58833.825842 24.808096 0.041966213
58833.826414 24.833313 0.044940906
58833.826987 24.821058 0.046961121
58833.827559 24.846674 0.042958786
58833.828123 24.809159 0.040969217
58833.828694 24.807611 0.038949733
58833.829263 24.847389 0.041912521
58833.829826 24.810698 0.03897014
58833.830398 24.814589 0.039951961
58833.830961 24.841766 0.040947476
58833.831526 24.732015 0.028970436
58833.832097 24.801331 0.036970994
58833.83267 24.818144 0.03895485
58833.833228 24.839624 0.041968823
58833.833798 24.849896 0.039919018
58833.834371 24.86221 0.039945283
58833.834936 24.780459 0.033962522
58833.83551 24.82234 0.036959375
58833.836083 24.798922 0.036956901
58833.836648 24.775337 0.035958858
58833.837231 24.761542 0.038943502
58833.837806 24.83323 0.042924644
58833.83839 24.844738 0.039926235
58833.838952 24.850402 0.046908542
58833.839512 24.765885 0.037958565
58833.840078 24.790156 0.047928112
58833.840638 24.762627 0.039961061
58833.841214 24.790514 0.040965514
58833.841784 24.827501 0.042960362
58833.842354 24.865209 0.041959136
58833.842932 24.815149 0.040961237
58833.8435 24.793671 0.038962147
58833.844068 24.804358 0.037970686
58833.84464 24.827234 0.043960489
58833.845192 24.782758 0.039968177
58833.845764 24.852457 0.042973872
58833.846315 24.848109 0.039969043
58833.846882 24.793857 0.044972231
58833.847447 24.788765 0.041970369
58833.848017 24.830379 0.047970353
58833.848583 24.803072 0.047968272
58833.849139 24.788292 0.055957814
58833.849713 24.845114 0.046965517
58833.850286 24.791757 0.041971302
