HJD mag magerr
58833.526351 24.828489 0.12277132
58833.526938 24.870207 0.11466327
58833.527497 24.77423 0.091864915
58833.528073 24.694472 0.090702048
58833.52864 24.76427 0.065827697
58833.529223 24.985739 0.11444041
58833.529794 24.729112 0.092468517
58833.530369 25.099505 0.082707604
58833.530936 24.945492 0.06483227
58833.531508 24.91132 0.052878171
58833.532068 24.908001 0.052900571
58833.532639 24.91511 0.051819128
58833.533201 24.888561 0.047911041
58833.533765 24.869687 0.043931022
58833.534319 24.879526 0.051758471
58833.534878 24.820777 0.046750238
58833.535457 25.001765 0.049819193
58833.536022 24.9197 0.0419276
58833.536586 24.952785 0.039935984
58833.537148 24.940221 0.034942949
58833.537706 24.925967 0.041872337
58833.538275 24.923119 0.036921906
58833.538843 24.952763 0.03194378
58833.539403 24.878663 0.031919514
58833.539961 24.900071 0.033889906
58833.540691 24.909915 0.029949127
58833.54127 24.943729 0.030944075
58833.541834 24.905952 0.031955433
58833.542384 24.981636 0.031957752
58833.542946 24.977018 0.033928242
58833.543507 24.910296 0.028963766
58833.544071 24.936947 0.029967325
58833.544644 24.918373 0.027944951
58833.545206 24.930018 0.030942017
58833.545767 24.923406 0.030963972
58833.54634 24.959886 0.028969348
58833.546924 24.942714 0.030941879
58833.547488 24.992653 0.03191686
58833.548053 24.843816 0.025934485
58833.548633 24.923527 0.029962152
58833.549203 24.962299 0.028958016
58833.549779 24.934263 0.027965607
58833.550355 24.928957 0.029959459
58833.550911 24.871122 0.026952839
58833.551466 24.92165 0.027934729
58833.552025 24.898451 0.031925166
58833.552609 25.026989 0.034917187
58833.553172 24.990259 0.032933677
58833.553736 24.862393 0.029932014
58833.554298 24.899329 0.026970502
58833.554862 24.965813 0.026971764
58833.55542 24.920912 0.030970472
58833.556007 24.97437 0.030981696
58833.556565 24.96488 0.03297859
58833.557125 24.929251 0.031970176
58833.557676 24.946954 0.030976746
58833.558245 24.887038 0.031958105
58833.558811 24.92555 0.030959446
58833.559373 24.926803 0.032910302
58833.559928 24.955602 0.036836851
58833.560497 24.925512 0.039725372
58833.561052 24.836115 0.03090926
58833.561629 25.033838 0.035861084
58833.562183 24.909727 0.033918337
58833.562742 24.889142 0.029942037
58833.563315 24.906334 0.031953744
58833.563889 24.99291 0.039855721
58833.564461 24.869725 0.035748107
58833.565019 24.898976 0.025945652
58833.565576 24.910341 0.023984782
58833.566153 24.95061 0.03091374
58833.566722 24.890842 0.025925719
58833.56729 24.934545 0.029947282
58833.56785 25.075596 0.034918923
58833.568406 24.936642 0.023971059
58833.568961 24.929348 0.023973635
58833.569533 24.942225 0.023971425
58833.570095 24.903159 0.023978372
58833.57065 24.929266 0.021987296
58833.57121 24.945179 0.02497169
58833.571768 24.917344 0.026962614
58833.572322 24.934561 0.023976652
58833.572898 24.919522 0.02695732
58833.573468 24.903771 0.030903045
58833.574037 24.919433 0.029908219
58833.574593 24.947669 0.030924719
58833.575159 24.859179 0.039562082
58833.575726 24.944274 0.030855237
58833.576286 24.944143 0.03289061
58833.576839 24.953311 0.028889549
58833.577403 24.922995 0.027933486
58833.577964 24.915519 0.027936578
58833.578544 24.959247 0.028949199
58833.579114 24.909853 0.028906952
58833.579688 24.944445 0.032913873
58833.580238 24.920017 0.031889631
58833.58081 24.939798 0.031876251
58833.581375 25.065753 0.033845337
58833.581944 24.913786 0.026931821
58833.582509 24.952307 0.027952822
58833.58308 24.868239 0.028909593
58833.583647 24.872919 0.030837364
58833.584215 24.963345 0.037803099
58833.584762 24.858395 0.028883867
58833.585316 24.876984 0.030850646
58833.585886 24.947105 0.02594098
58833.586442 24.911204 0.029903789
58833.587001 24.852054 0.029843905
58833.587566 24.886505 0.038830803
58833.58814 24.884972 0.034814006
58833.588711 25.002203 0.022985491
58833.589285 24.950488 0.024941546
58833.589857 24.788792 0.029728906
58833.590423 25.072907 0.040681925
58833.590994 24.871846 0.036817323
58833.591559 24.89954 0.051743425
58833.592112 24.99847 0.046703066
58833.592665 24.977567 0.050714424
58833.593224 24.842883 0.049654641
58833.593796 24.962478 0.062787102
58833.594369 25.108078 0.071462845
58833.59492 24.847824 0.050683434
58833.595528 25.067706 0.05074686
58833.596082 24.91026 0.040859921
58833.596665 25.009425 0.04286392
58833.597231 24.947439 0.038844888
58833.597797 24.891798 0.035898497
58833.59838 24.844062 0.028919019
58833.598947 24.88474 0.027935538
58833.599512 24.928077 0.031911857
58833.60009 24.94435 0.033937932
58833.600655 24.933945 0.032945449
58833.601221 24.911432 0.029947664
58833.601788 24.930525 0.035910448
58833.602358 24.943081 0.030928029
58833.602926 24.866828 0.032928746
58833.60349 24.93819 0.041801295
58833.604047 24.924873 0.030931088
58833.604615 24.904801 0.035885969
58833.605171 24.935245 0.040867548
58833.605736 24.894308 0.037884183
58833.606292 24.88102 0.039870733
58833.606846 24.931068 0.03686001
58833.607409 24.944683 0.038872476
58833.607972 24.857964 0.039839323
58833.608554 25.055984 0.046844099
58833.609122 24.875663 0.038872448
58833.609691 24.910217 0.037858433
58833.61027 25.0142 0.036890507
58833.610843 24.924919 0.032887649
58833.611415 24.939683 0.032789687
58833.611993 24.95369 0.033861038
58833.612577 24.931579 0.032846753
58833.613137 24.922159 0.031829737
58833.613696 24.918435 0.033768751
58833.614278 24.930595 0.031850022
58833.614853 24.967338 0.036813008
58833.615407 24.933421 0.036769969
58833.615983 24.881278 0.031867211
58833.616534 24.870843 0.030820313
58833.617093 24.90814 0.03987732
58833.617655 24.935713 0.032913172
58833.618216 24.933182 0.031908027
58833.618781 24.926567 0.031948454
58833.619336 24.963893 0.035919988
58833.619908 24.942203 0.034909305
58833.620489 24.942049 0.027923456
58833.621073 24.843546 0.030917624
58833.621643 24.886521 0.037838842
58833.622212 24.930165 0.034913688
58833.622786 24.89037 0.039804932
58833.623339 24.944404 0.032895665
58833.623898 24.927848 0.035909102
58833.624467 24.857956 0.031928087
58833.625042 24.918078 0.031914735
0.0 0.0 0.0
58833.626195 24.983583 0.030942465
58833.626758 24.878493 0.033924787
58833.627345 24.947432 0.029952803
58833.627901 24.931015 0.030966706
58833.628481 24.89322 0.028950893
58833.629058 24.983718 0.031962345
58833.629625 24.910273 0.028955841
58833.630194 24.897416 0.028958004
58833.630754 24.94989 0.031962928
58833.631339 24.963832 0.034922394
58833.631919 24.874453 0.037833739
58833.632476 24.895099 0.036834502
58833.633035 24.936951 0.036826263
58833.633609 24.933744 0.035900319
58833.634176 24.909704 0.047928262
58833.63477 24.880684 0.038855013
58833.63533 24.942027 0.031961366
58833.635896 24.890746 0.031930064
58833.636454 24.901301 0.029947776
58833.637031 24.873272 0.033881711
58833.637603 24.896472 0.033909028
58833.638178 24.865045 0.030892225
58833.638751 24.899002 0.03295244
58833.639317 24.920257 0.031954577
58833.639885 24.930047 0.030968381
58833.640451 24.932615 0.030977868
58833.641017 24.899821 0.027965975
58833.641587 24.906684 0.028965077
58833.642165 24.949383 0.02996337
58833.642733 24.914377 0.030957348
58833.643298 24.905395 0.033952402
58833.643881 24.89379 0.029959162
58833.644463 24.874396 0.028965183
58833.645038 24.904928 0.032960301
58833.645621 24.874406 0.032936964
58833.646196 24.886227 0.032934591
58833.646775 24.925448 0.031970114
58833.647352 24.913293 0.032969821
58833.647947 24.879551 0.033950661
58833.648518 24.906432 0.032975371
58833.649091 24.893707 0.031937862
58833.649661 24.951795 0.029973705
58833.650234 24.91129 0.030974307
58833.650812 24.949284 0.032964901
58833.651385 24.957941 0.035931993
58833.651942 24.892746 0.029958244
58833.652501 24.885268 0.030968687
58833.653051 24.86706 0.033945949
58833.653627 24.856177 0.031973074
58833.654196 24.866531 0.032955333
58833.654761 24.904963 0.032961371
58833.655332 24.930715 0.031960451
58833.655903 24.903565 0.030966417
58833.656459 24.901286 0.031977065
58833.657018 24.934185 0.032971981
58833.657575 24.940008 0.031974552
58833.658134 24.930085 0.033968485
58833.658729 24.901339 0.033962039
58833.659291 24.924749 0.03197405
58833.659866 24.94661 0.032974697
58833.660428 24.851882 0.03297105
58833.660996 25.013106 0.038961469
58833.661568 24.975145 0.034963268
58833.662129 24.882876 0.03396005
58833.662686 24.886208 0.039940231
58833.663254 24.887724 0.031974358
58833.663845 24.864318 0.038945481
58833.664399 24.889847 0.03395689
58833.664959 24.917707 0.035972638
58833.66553 24.914962 0.034977262
58833.666087 24.961197 0.031982656
58833.666661 24.950486 0.034978814
58833.66724 24.938945 0.033982288
58833.667808 24.926685 0.034978208
58833.668374 24.904108 0.031983575
58833.66894 24.915622 0.033977985
58833.669515 24.922223 0.033975989
58833.670105 24.977569 0.041963727
58833.670664 24.833318 0.034956054
58833.671231 24.924595 0.03896243
58833.671792 24.914074 0.039960735
58833.672357 24.96438 0.037953443
58833.672921 24.921235 0.040953004
58833.6735 24.941619 0.036977617
58833.674063 24.934716 0.037975912
58833.674632 24.885002 0.036954261
58833.675223 24.934175 0.040899586
0.0 0.0 0.0
58833.67635 24.846587 0.039934601
58833.676916 24.946265 0.043956558
58833.677484 24.951885 0.044952621
58833.678056 24.966143 0.045942421
58833.678616 24.878396 0.049843699
58833.679182 25.0021 0.053855053
58833.679761 24.917268 0.051850958
58833.680323 24.9178 0.068558312
58833.680894 24.932118 0.053852545
58833.681455 24.94664 0.062662348
58833.68202 24.9696 0.05775145
58833.682591 24.896717 0.059692307
58833.683157 24.946169 0.058865855
58833.683728 24.945458 0.055858531
58833.68429 24.889252 0.055742414
58833.684864 24.948506 0.048914672
58833.685427 24.873353 0.047918005
58833.686006 24.907008 0.049873863
58833.68663 24.930247 0.048946641
58833.687197 24.932061 0.044946521
58833.687766 24.834449 0.047918358
58833.688335 24.967375 0.045950818
58833.6889 24.880494 0.039961043
58833.689473 24.844437 0.044938892
58833.690035 24.977567 0.044930438
58833.690606 24.930374 0.041939883
58833.691182 24.896059 0.040927052
58833.691769 24.87805 0.04392113
58833.692334 24.876958 0.046873862
58833.692912 24.908253 0.041914837
58833.693482 24.939495 0.041931755
58833.694055 24.898006 0.04195004
58833.694629 24.952799 0.047932499
58833.695214 24.872061 0.041947364
58833.695788 24.873881 0.04094039
58833.696709 24.893468 0.048942105
58833.697282 24.979038 0.050859654
58833.697854 24.939097 0.052928333
58833.698426 24.917003 0.04594169
58833.698997 24.916886 0.050949069
58833.699574 24.9405 0.047949019
58833.700162 24.925436 0.039966399
58833.700738 24.897895 0.049941178
58833.701314 24.909881 0.045961124
58833.701879 24.910223 0.063942927
58833.702433 24.918995 0.045970882
58833.702997 24.895473 0.042975131
58833.703569 24.817513 0.037962693
58833.704138 24.87497 0.038972392
58833.704693 24.984182 0.044972614
58833.705269 24.886066 0.039957201
58833.705842 24.957052 0.045963076
58833.706416 24.939727 0.05194867
58833.706995 24.882348 0.040970096
58833.70756 24.915896 0.047965818
58833.708139 24.869615 0.03597082
58833.708701 24.859068 0.041967929
58833.709269 24.914446 0.037956111
58833.709837 24.955572 0.041961912
58833.710398 24.885909 0.041955171
58833.710961 24.836344 0.043945701
58833.711531 24.884068 0.045951522
58833.712096 24.924525 0.044953005
58833.712678 24.995351 0.049943299
58833.713245 24.904641 0.039955548
58833.713811 24.84642 0.039955075
58833.71438 24.949055 0.038967197
58833.714942 24.878872 0.040969206
58833.715515 24.971099 0.036953717
58833.716099 24.89402 0.039972068
58833.716662 24.870984 0.040972935
58833.717217 24.920772 0.038935493
58833.717786 24.941746 0.038954562
58833.718352 24.877537 0.041961561
58833.718933 24.992998 0.045954977
58833.719515 24.904917 0.043956612
58833.720081 24.994292 0.045924948
58833.720652 24.928462 0.046942049
58833.721229 24.889618 0.039959292
58833.721798 24.888531 0.042939064
58833.722365 24.9289 0.040965425
58833.722938 24.949232 0.037969777
58833.723517 24.874853 0.036966367
58833.724095 24.913759 0.035969915
58833.724659 24.933104 0.039952318
58833.725228 24.932098 0.034967662
58833.725794 24.868679 0.03994991
58833.726369 24.870347 0.040900971
58833.726949 24.845205 0.041858154
58833.727521 24.918825 0.044918227
58833.728085 24.878054 0.037935245
58833.728659 24.881605 0.042941323
58833.729226 24.855222 0.039948069
58833.729803 24.894759 0.035958478
58833.730359 24.924033 0.040947503
58833.730924 24.882282 0.036969715
58833.731502 24.895943 0.041954338
58833.732059 24.884314 0.046896499
58833.732632 24.886624 0.045907782
58833.733194 24.905216 0.046917322
58833.733759 24.996176 0.053816009
58833.734321 24.939664 0.046909962
58833.734879 24.816011 0.045885693
58833.735444 24.862233 0.048854615
58833.736003 24.861718 0.054856531
58833.736571 24.881127 0.063863728
58833.737136 24.947012 0.059848443
58833.737691 24.939515 0.052922463
58833.738267 24.953026 0.060755973
58833.738823 24.918735 0.048869993
58833.739382 24.918107 0.051871731
58833.739948 24.821952 0.055850652
58833.740522 24.925088 0.055823195
58833.741085 24.929569 0.063694801
58833.741647 24.883998 0.048896639
58833.742215 24.880481 0.047913874
58833.742788 24.932814 0.049852638
58833.743365 24.936259 0.051908222
58833.743953 24.881224 0.053879355
58833.744526 24.78413 0.044865234
58833.745093 24.895777 0.039934713
58833.745664 24.8854 0.042939087
58833.746226 24.942261 0.044933888
58833.746789 24.924422 0.042950234
58833.747358 24.979929 0.04495788
58833.747921 24.934852 0.039956798
58833.748478 24.838473 0.03895157
58833.749035 24.93871 0.040960638
58833.749599 24.845785 0.035962945
58833.750168 24.9243 0.044897162
58833.750733 24.913996 0.043910348
58833.751298 24.865766 0.041882395
58833.751854 24.87667 0.050785399
58833.752416 24.871337 0.044901295
58833.752988 24.954024 0.047910564
58833.753539 24.962665 0.048919197
58833.7541 24.922353 0.037951733
58833.754655 24.903207 0.038949759
58833.75523 24.932414 0.041962697
58833.755803 24.860837 0.041954824
58833.756377 24.894152 0.044959624
58833.756948 24.864861 0.041954735
58833.757519 24.984868 0.046960766
58833.758074 24.950715 0.042963005
58833.758639 24.95616 0.050935316
58833.759204 24.872331 0.055913659
58833.759765 24.877794 0.047956705
58833.760341 24.873435 0.043961623
58833.760921 25.010431 0.055956828
58833.761489 25.042757 0.063911049
58833.76205 24.923251 0.050958008
58833.762618 24.959879 0.053935435
58833.763196 24.869568 0.039971736
58833.763771 24.924991 0.045971608
58833.764345 24.920417 0.042966122
58833.764904 24.928421 0.047966201
58833.765469 24.920943 0.047969054
58833.766035 24.946581 0.046966188
58833.766604 24.877961 0.049962737
58833.767179 24.959137 0.045968525
58833.767754 24.8906 0.044974266
58833.768337 24.917484 0.045951232
58833.768906 24.942908 0.046965971
58833.769468 24.863123 0.045955869
58833.770037 24.968469 0.049962938
58833.770609 24.956203 0.050965438
58833.771176 24.846228 0.054922577
58833.77175 24.926102 0.053940281
58833.772312 24.937739 0.057929936
58833.772873 24.953345 0.061884293
58833.773436 24.950035 0.072859315
58833.774013 24.855954 0.069782717
58833.774581 24.913785 0.06685758
58833.775149 25.01662 0.063908454
58833.775718 24.816117 0.057899431
58833.776274 24.930862 0.068894396
58833.776849 24.835301 0.05594088
58833.777425 24.906118 0.062940997
58833.777996 24.893008 0.057910503
58833.778564 24.947262 0.057941883
58833.779126 24.883923 0.057925488
58833.779701 24.900958 0.058900792
58833.780275 24.904023 0.049909549
58833.780836 24.996166 0.066855338
58833.781394 24.947058 0.069894846
58833.781959 24.94612 0.056918483
58833.78252 24.833729 0.053929014
58833.783078 24.752772 0.052908258
58833.783656 24.953248 0.060935348
58833.784224 24.966372 0.055955526
58833.784791 24.900518 0.056944065
58833.785359 24.964752 0.04995604
58833.785923 24.979362 0.049958823
58833.786499 24.935597 0.051960552
58833.787075 24.89919 0.047948054
58833.787657 24.834777 0.050959834
58833.788243 24.999105 0.052951816
58833.788815 24.926073 0.048945806
58833.789431 24.983293 0.047965244
58833.789993 24.813852 0.043959979
58833.790558 24.862132 0.041978533
58833.791114 24.968424 0.052962573
58833.791692 24.918372 0.044975118
58833.792254 24.847017 0.038966204
58833.792819 24.823686 0.037970326
58833.793386 24.907341 0.039962444
58833.793945 24.989899 0.043967364
58833.794517 24.853327 0.037963102
58833.79508 24.890725 0.038963048
58833.795646 24.958478 0.036975301
58833.796225 24.951909 0.035973218
58833.79679 24.982789 0.040976081
58833.797352 24.918803 0.037977909
58833.797908 24.84309 0.035973535
58833.798484 24.922912 0.036974704
58833.799061 24.931599 0.033978651
58833.799624 24.866527 0.035957528
58833.800185 24.86649 0.037977199
58833.800756 24.863142 0.036969259
58833.801313 24.873915 0.037954519
58833.801876 24.875604 0.036966976
58833.802443 24.881059 0.035966371
58833.803031 24.8628 0.039976832
58833.803608 24.930697 0.036971098
58833.804175 24.919097 0.041976374
58833.804741 24.978758 0.042979822
58833.805316 24.941571 0.040978795
58833.805876 24.893424 0.047966787
58833.806445 24.985155 0.044978751
58833.807016 24.859446 0.039975527
58833.807582 24.95466 0.045962556
58833.80816 24.824697 0.045968935
58833.808724 24.91984 0.0439783
58833.809281 24.956332 0.042968818
58833.809857 24.944636 0.040975692
58833.810432 24.976111 0.045976662
58833.811002 24.863276 0.041973947
58833.81157 24.87278 0.041975791
58833.812141 24.955975 0.041976986
58833.81271 24.924688 0.035979133
58833.813283 24.916998 0.041973311
58833.81385 24.92319 0.037974962
58833.814425 24.944745 0.037977276
58833.81499 24.928343 0.038979774
58833.815567 24.962536 0.044972997
58833.816133 24.91039 0.04297694
58833.816698 24.948067 0.039972577
58833.817289 24.887474 0.039953955
58833.817864 24.952977 0.04796814
58833.818429 24.927801 0.043968953
58833.819011 24.904985 0.045963593
58833.819573 24.888031 0.045962715
58833.820146 24.91038 0.041959941
58833.82073 24.876441 0.038967379
58833.821295 24.906159 0.042961131
58833.821869 24.921676 0.046972001
58833.822431 24.931163 0.054969056
58833.822986 24.949509 0.050973342
58833.823546 24.89324 0.050965853
58833.824122 24.928066 0.051961356
58833.82469 24.884703 0.053949947
58833.82527 25.021159 0.063970671
58833.825842 24.931876 0.056968895
58833.826414 24.939842 0.051957976
58833.826987 24.865421 0.046966361
58833.827559 24.927188 0.054961171
58833.828123 24.918856 0.047969404
58833.828694 24.949768 0.042951261
58833.829263 24.870709 0.04596259
58833.829826 24.898525 0.043961572
58833.830398 24.921182 0.041942888
58833.830961 24.88362 0.04494919
58833.831526 24.892279 0.036969195
58833.832097 24.911089 0.042961749
58833.83267 24.905577 0.040953783
58833.833228 24.941573 0.037966666
58833.833798 24.907272 0.040963689
58833.834371 24.858602 0.042944812
58833.834936 24.917919 0.038963936
58833.83551 24.893011 0.039958915
58833.836083 24.890741 0.039969989
58833.836648 24.832311 0.040944181
58833.837231 24.95314 0.043963395
58833.837806 24.95504 0.049932205
58833.83839 24.856058 0.039951335
58833.838952 24.811781 0.043930649
58833.839512 24.847326 0.042961447
58833.840078 24.948288 0.052961223
58833.840638 24.874843 0.04595426
58833.841214 24.925116 0.041966553
58833.841784 24.865422 0.038971676
58833.842354 24.858064 0.040968965
58833.842932 24.927393 0.047964342
58833.8435 24.910043 0.044961208
58833.844068 24.970812 0.043970519
58833.84464 24.891823 0.045969579
58833.845192 24.868332 0.047972325
58833.845764 24.89299 0.043978911
58833.846315 24.944522 0.045973991
58833.846882 24.888482 0.042976349
58833.847447 24.867705 0.052975422
58833.848017 24.983829 0.050962057
58833.848583 24.936835 0.055969829
58833.849139 24.874966 0.05396705
58833.849713 24.84158 0.051958419
58833.850286 25.031742 0.056971589
