HJD mag magerr
58833.526351 23.81353 0.05678264
58833.526938 23.800369 0.049646068
58833.527497 23.802691 0.043836629
58833.528073 23.746487 0.042701664
58833.52864 23.780482 0.029845514
58833.529223 23.771811 0.038634533
58833.529794 23.769158 0.042637489
58833.530369 23.753823 0.031778088
58833.530936 23.762031 0.027910744
58833.531508 23.738471 0.023904048
58833.532068 23.756108 0.023918268
58833.532639 23.753549 0.021911358
58833.533201 23.771663 0.022943268
58833.533765 23.772383 0.020949798
58833.534319 23.687642 0.022768005
58833.534878 23.730599 0.020841466
58833.535457 23.767559 0.021857586
58833.536022 23.747126 0.020939589
58833.536586 23.751358 0.020952416
58833.537148 23.755252 0.01994921
58833.537706 23.711356 0.022899569
58833.538275 23.70261 0.018940938
58833.538843 23.75218 0.017945731
58833.539403 23.725106 0.017946005
58833.539961 23.721315 0.017955247
58833.540691 23.758745 0.015974294
58833.54127 23.711259 0.017943717
58833.541834 23.738391 0.016958042
58833.542384 23.742006 0.017954832
58833.542946 23.721841 0.017948361
58833.543507 23.736959 0.01796189
58833.544071 23.714739 0.015979585
58833.544644 23.734962 0.015975
58833.545206 23.70749 0.016955342
58833.545767 23.735124 0.017962075
58833.54634 23.750443 0.016972472
58833.546924 23.727703 0.014965044
58833.547488 23.706297 0.016955558
58833.548053 23.752412 0.015961759
58833.548633 23.741975 0.01697281
58833.549203 23.727682 0.017966917
58833.549779 23.743018 0.016966761
58833.550355 23.690411 0.017954581
58833.550911 23.72781 0.017944786
58833.551466 23.737793 0.017953539
58833.552025 23.72648 0.017933892
58833.552609 23.686588 0.017933566
0.0 0.0 0.0
58833.553736 23.692925 0.016965529
58833.554298 23.717185 0.016974706
58833.554862 23.724157 0.014977024
58833.55542 23.700631 0.017982776
58833.556007 23.742579 0.017985726
58833.556565 23.731006 0.018983529
58833.557125 23.705076 0.017979956
58833.557676 23.695059 0.018984543
58833.558245 23.720408 0.017972291
58833.558811 23.703491 0.01795767
58833.559373 23.711237 0.015956817
58833.559928 23.733963 0.017899861
58833.560497 23.783557 0.020841475
58833.561052 23.716311 0.016932684
58833.561629 23.718233 0.020923164
58833.562183 23.723503 0.016959524
58833.562742 23.725149 0.015964451
58833.563315 23.663017 0.016963612
58833.563889 23.677797 0.016885608
58833.564461 23.700277 0.019808457
58833.565019 23.658862 0.013983082
58833.565576 23.684639 0.014992416
58833.566153 23.679409 0.015960665
58833.566722 23.713002 0.017956972
58833.56729 23.717705 0.01695727
58833.56785 23.712882 0.017933871
58833.568406 23.68575 0.013986823
58833.568961 23.70112 0.014983585
58833.569533 23.687144 0.014987486
58833.570095 23.688323 0.015979378
58833.57065 23.697482 0.016987795
58833.57121 23.702783 0.01598034
58833.571768 23.696466 0.014983494
58833.572322 23.700543 0.01697585
58833.572898 23.681464 0.015971702
58833.573468 23.674253 0.016886999
58833.574037 23.675161 0.016927533
58833.574593 23.733075 0.017927694
0.0 0.0 0.0
58833.575726 23.762156 0.017848242
58833.576286 23.700468 0.016897479
58833.576839 23.778331 0.016910088
58833.577403 23.696476 0.014969728
58833.577964 23.669116 0.016969216
58833.578544 23.667771 0.01695126
58833.579114 23.71574 0.01497239
58833.579688 23.72122 0.016938025
58833.580238 23.65479 0.016930022
58833.58081 23.70425 0.015946913
58833.581375 23.840214 0.019844756
58833.581944 23.774095 0.017928565
58833.582509 23.725521 0.014965988
58833.58308 23.692605 0.018926377
58833.583647 23.703991 0.017899495
58833.584215 23.728536 0.019839648
58833.584762 23.699412 0.013950043
58833.585316 23.645013 0.015918688
58833.585886 23.718191 0.015946568
58833.586442 23.707513 0.015953842
58833.587001 23.66595 0.016939062
58833.587566 23.686813 0.018903196
58833.58814 23.74533 0.017920697
58833.588711 23.679299 0.01398389
58833.589285 23.733694 0.013978539
58833.589857 23.663737 0.016841322
58833.590423 23.780982 0.01982055
58833.590994 23.615091 0.017865365
58833.591559 23.72876 0.021794996
58833.592112 23.755018 0.020810126
58833.592665 23.701098 0.022779766
58833.593224 23.68508 0.020856105
58833.593796 23.696419 0.023867194
58833.594369 23.745698 0.025625224
58833.59492 23.719219 0.022806923
58833.595528 23.741224 0.020836936
58833.596082 23.700575 0.018896706
58833.596665 23.672704 0.020890651
58833.597231 23.71238 0.019865911
58833.597797 23.667239 0.017930003
58833.59838 23.65978 0.015965167
58833.598947 23.665714 0.016952502
58833.599512 23.664178 0.018934262
58833.60009 23.660975 0.016957016
58833.600655 23.687684 0.018956942
58833.601221 23.701339 0.017939249
58833.601788 23.695407 0.016961815
58833.602358 23.714453 0.016951307
58833.602926 23.700916 0.018917695
58833.60349 23.692357 0.020846395
58833.604047 23.688782 0.016944129
58833.604615 23.724309 0.018910084
58833.605171 23.627501 0.019863995
58833.605736 23.700664 0.01990927
58833.606292 23.68807 0.018912211
58833.606846 23.717861 0.018893151
58833.607409 23.668398 0.01890603
58833.607972 23.691683 0.017934125
58833.608554 23.705251 0.020876487
58833.609122 23.677471 0.018919961
58833.609691 23.725722 0.020866481
58833.61027 23.684504 0.016921301
58833.610843 23.757318 0.017914927
58833.611415 23.702823 0.017901936
58833.611993 23.733245 0.017888214
58833.612577 23.705765 0.016888761
58833.613137 23.71527 0.017892719
58833.613696 23.725876 0.01787706
58833.614278 23.737413 0.01591666
58833.614853 23.72118 0.017851144
58833.615407 23.717039 0.017879506
58833.615983 23.712102 0.018897407
58833.616534 23.657609 0.015935062
58833.617093 23.675776 0.018916288
58833.617655 23.670365 0.017942655
58833.618216 23.707158 0.01794937
58833.618781 23.677051 0.01795288
58833.619336 23.673107 0.016946365
58833.619908 23.685643 0.018933438
58833.620489 23.692676 0.016942913
58833.621073 23.676969 0.017948649
58833.621643 23.680754 0.017926314
58833.622212 23.667297 0.017934801
58833.622786 23.66856 0.01990214
58833.623339 23.704186 0.016948418
58833.623898 23.704107 0.018929042
58833.624467 23.671081 0.017948435
58833.625042 23.687671 0.017939578
58833.625625 23.719512 0.01694793
58833.626195 23.71423 0.016955768
58833.626758 23.688993 0.018910245
58833.627345 23.690094 0.016967231
58833.627901 23.704396 0.015968641
58833.628481 23.686126 0.016967993
58833.629058 23.707234 0.015966788
58833.629625 23.698466 0.0169682
58833.630194 23.68645 0.01597036
58833.630754 23.703832 0.015975712
58833.631339 23.716284 0.016931288
58833.631919 23.72474 0.01884588
58833.632476 23.660231 0.018868432
58833.633035 23.712575 0.016918417
58833.633609 23.737341 0.018899353
58833.634176 23.741541 0.02393472
58833.63477 23.664264 0.01892392
58833.63533 23.693054 0.017958974
58833.635896 23.727396 0.018935635
58833.636454 23.674415 0.015974539
58833.637031 23.67656 0.017909166
58833.637603 23.729952 0.018950717
58833.638178 23.687964 0.017918756
58833.638751 23.695869 0.016968258
58833.639317 23.715339 0.017964983
58833.639885 23.677243 0.016969303
58833.640451 23.719156 0.017983207
58833.641017 23.714963 0.015982972
58833.641587 23.712745 0.016968743
58833.642165 23.694389 0.016973699
58833.642733 23.709535 0.017970396
58833.643298 23.694726 0.016967485
58833.643881 23.689198 0.017954871
58833.644463 23.706944 0.015984417
58833.645038 23.684646 0.016973134
58833.645621 23.691913 0.01895093
58833.646196 23.687449 0.017953612
58833.646775 23.722225 0.016971093
58833.647352 23.705081 0.016974054
58833.647947 23.684575 0.017948181
58833.648518 23.692991 0.01598581
58833.649091 23.70776 0.016975245
58833.649661 23.701211 0.014984674
58833.650234 23.697044 0.016982381
58833.650812 23.68417 0.016976427
58833.651385 23.690476 0.016971119
58833.651942 23.705682 0.017970476
58833.652501 23.698075 0.016980919
58833.653051 23.708797 0.016984899
58833.653627 23.702309 0.01698191
58833.654196 23.719232 0.01597037
58833.654761 23.707452 0.016974533
58833.655332 23.690961 0.015982587
58833.655903 23.690097 0.016984086
58833.656459 23.708215 0.01898289
58833.657018 23.695974 0.017985922
58833.657575 23.715597 0.01698754
58833.658134 23.689494 0.016981404
58833.658729 23.739839 0.017971028
58833.659291 23.721365 0.017974872
58833.659866 23.747443 0.01798583
58833.660428 23.688716 0.017971368
58833.660996 23.704136 0.017972973
58833.661568 23.712383 0.017973378
58833.662129 23.70132 0.017956114
58833.662686 23.702034 0.019951422
58833.663254 23.709282 0.017982846
58833.663845 23.700097 0.019930905
58833.664399 23.720428 0.019967543
58833.664959 23.684006 0.01598471
58833.66553 23.699909 0.016979036
58833.666087 23.716154 0.017984766
58833.666661 23.712857 0.016986123
58833.66724 23.720531 0.015989507
58833.667808 23.738138 0.017986461
58833.668374 23.710282 0.015985828
58833.66894 23.699607 0.018978472
58833.669515 23.731946 0.018976053
58833.670105 23.728817 0.019969132
58833.670664 23.704058 0.019967543
58833.671231 23.720626 0.017974257
58833.671792 23.70835 0.017970553
58833.672357 23.708731 0.017969834
58833.672921 23.728806 0.018966786
58833.6735 23.71979 0.018980387
58833.674063 23.726885 0.016984343
58833.674632 23.690181 0.019966387
58833.675223 23.707853 0.020919123
58833.67579 23.709046 0.019958611
58833.67635 23.675708 0.01795423
58833.676916 23.715602 0.016974042
58833.677484 23.721078 0.02096338
58833.678056 23.696326 0.019960123
58833.678616 23.747313 0.022873904
58833.679182 23.693866 0.022884895
58833.679761 23.732068 0.023821027
58833.680323 23.742778 0.027628895
58833.680894 23.731127 0.02482254
58833.681455 23.697421 0.024708799
58833.68202 23.719062 0.02480578
58833.682591 23.745783 0.025806492
58833.683157 23.694614 0.023895532
58833.683728 23.736361 0.02388452
58833.68429 23.741165 0.023797703
58833.684864 23.71357 0.021934192
58833.685427 23.73343 0.022926842
58833.686006 23.737672 0.021901416
58833.68663 23.739072 0.022955628
58833.687197 23.701917 0.019971653
58833.687766 23.700865 0.020961654
58833.688335 23.75383 0.021967639
58833.6889 23.709052 0.019957952
58833.689473 23.735705 0.020952579
58833.690035 23.72334 0.02095178
58833.690606 23.736335 0.021930936
58833.691182 23.720973 0.019962472
58833.691769 23.743629 0.019944827
58833.692334 23.718904 0.02290566
58833.692912 23.713743 0.02093183
58833.693482 23.727104 0.019945879
58833.694055 23.713574 0.018949084
58833.694629 23.739396 0.020966839
58833.695214 23.739842 0.020959785
58833.695788 23.723517 0.020954478
58833.696709 23.735645 0.02095673
58833.697282 23.723398 0.023919924
58833.697854 23.744369 0.020939318
58833.698426 23.741278 0.0229533
58833.698997 23.73982 0.024939982
58833.699574 23.724425 0.020971149
58833.700162 23.748895 0.020974676
58833.700738 23.770507 0.022963585
58833.701314 23.730078 0.020963828
58833.701879 23.759265 0.027965326
58833.702433 23.72589 0.021978447
58833.702997 23.71544 0.017982682
58833.703569 23.720664 0.019970299
58833.704138 23.728686 0.01898517
58833.704693 23.722688 0.020979467
58833.705269 23.735417 0.020970335
58833.705842 23.736254 0.020960577
58833.706416 23.737428 0.021950521
58833.706995 23.751402 0.018979633
58833.70756 23.706938 0.020965129
58833.708139 23.738491 0.018968842
58833.708701 23.736495 0.017976971
58833.709269 23.745633 0.01997574
58833.709837 23.734789 0.018974474
58833.710398 23.74138 0.019976516
58833.710961 23.725016 0.02194536
58833.711531 23.772672 0.020964322
58833.712096 23.763712 0.021960691
58833.712678 23.744018 0.020957547
58833.713245 23.731455 0.0199673
58833.713811 23.773722 0.019967381
58833.71438 23.746767 0.018975196
58833.714942 23.727823 0.018969406
58833.715515 23.742451 0.018967901
58833.716099 23.741938 0.018979375
58833.716662 23.73826 0.018980618
58833.717217 23.756437 0.018978358
58833.717786 23.74614 0.018967413
58833.718352 23.749428 0.019960888
58833.718933 23.753253 0.018968349
58833.719515 23.778934 0.019965221
58833.720081 23.772775 0.019956727
58833.720652 23.743531 0.020966769
58833.721229 23.750106 0.019956579
58833.721798 23.728663 0.020957402
58833.722365 23.764522 0.018963929
58833.722938 23.745862 0.01797937
58833.723517 23.738107 0.018965029
58833.724095 23.759346 0.018970198
58833.724659 23.741969 0.019967442
58833.725228 23.753046 0.018968024
58833.725794 23.739592 0.018970917
58833.726369 23.752539 0.018954798
58833.726949 23.748816 0.020935512
58833.727521 23.744465 0.021900482
58833.728085 23.767294 0.020919767
58833.728659 23.757422 0.021952216
58833.729226 23.764184 0.020954863
58833.729803 23.786707 0.020968412
58833.730359 23.735827 0.018959659
58833.730924 23.744376 0.017970351
58833.731502 23.757765 0.019967487
58833.732059 23.736195 0.021914237
58833.732632 23.731078 0.020950891
58833.733194 23.775294 0.022926701
58833.733759 23.808312 0.022890568
58833.734321 23.75138 0.022922266
58833.734879 23.808405 0.024904094
58833.735444 23.800002 0.025860271
58833.736003 23.771905 0.026875468
58833.736571 23.785995 0.027869144
58833.737136 23.813331 0.02687236
58833.737691 23.756215 0.023912893
58833.738267 23.779155 0.02679774
58833.738823 23.812478 0.024892043
58833.739382 23.750661 0.021915108
58833.739948 23.788141 0.025854481
58833.740522 23.744676 0.023863043
58833.741085 23.855013 0.028825232
58833.741647 23.757985 0.023912156
58833.742215 23.760462 0.022931778
58833.742788 23.748168 0.022854671
58833.743365 23.739601 0.022910327
58833.743953 23.759901 0.024898478
58833.744526 23.786866 0.021922712
58833.745093 23.768364 0.018950553
58833.745664 23.788042 0.022933129
58833.746226 23.750645 0.02094486
58833.746789 23.76157 0.020944343
58833.747358 23.771197 0.019960014
58833.747921 23.750401 0.020954517
58833.748478 23.770116 0.018962234
58833.749035 23.766673 0.019960251
58833.749599 23.783103 0.019957894
58833.750168 23.756929 0.020916462
58833.750733 23.740113 0.020923879
58833.751298 23.725276 0.020885217
58833.751854 23.774386 0.023887869
58833.752416 23.77466 0.020927214
58833.752988 23.763721 0.020931858
58833.753539 23.775555 0.020939343
58833.7541 23.776362 0.019947534
58833.754655 23.757921 0.021958222
58833.75523 23.791602 0.019973701
58833.755803 23.758855 0.020950623
58833.756377 23.779723 0.022950572
58833.756948 23.775087 0.01997402
58833.757519 23.748533 0.019977944
58833.758074 23.78498 0.020972709
58833.758639 23.77177 0.020936086
58833.759204 23.822133 0.025920197
58833.759765 23.79319 0.021966031
58833.760341 23.762615 0.021966658
58833.760921 23.740986 0.021967047
58833.761489 23.783286 0.027932484
58833.76205 23.794483 0.022967657
58833.762618 23.764201 0.022953625
58833.763196 23.766057 0.022962593
58833.763771 23.792022 0.02097935
58833.764345 23.791603 0.020973491
58833.764904 23.765893 0.021977482
58833.765469 23.783312 0.018985476
58833.766035 23.771131 0.023974664
58833.766604 23.735671 0.022958338
58833.767179 23.79038 0.020980086
58833.767754 23.782632 0.022978462
58833.768337 23.749404 0.020972626
58833.768906 23.771918 0.020976144
58833.769468 23.776529 0.022954767
58833.770037 23.756422 0.021969867
58833.770609 23.761825 0.024961244
58833.771176 23.808925 0.025912484
58833.77175 23.740076 0.02493341
58833.772312 23.757939 0.024914017
58833.772873 23.766537 0.026893644
58833.773436 23.703303 0.028863273
58833.774013 23.812867 0.031876741
58833.774581 23.742715 0.026918019
58833.775149 23.785998 0.028913405
58833.775718 23.794909 0.027916363
58833.776274 23.809038 0.027942351
58833.776849 23.803057 0.024955333
58833.777425 23.796847 0.02994964
58833.777996 23.797741 0.027929287
58833.778564 23.758326 0.023951949
58833.779126 23.762707 0.025938598
58833.779701 23.780778 0.024938034
58833.780275 23.75985 0.024948005
58833.780836 23.758341 0.028869175
58833.781394 23.788769 0.029868438
58833.781959 23.802458 0.024943341
58833.78252 23.747264 0.024954028
58833.783078 23.782785 0.027908678
58833.783656 23.834156 0.026924782
58833.784224 23.800012 0.025955767
58833.784791 23.780306 0.023959037
58833.785359 23.829004 0.023963622
58833.785923 23.768628 0.022970743
58833.786499 23.787831 0.024956869
58833.787075 23.785068 0.022963068
58833.787657 23.799198 0.022963451
58833.788243 23.810721 0.022960163
58833.788815 23.755933 0.020970299
58833.789431 23.803514 0.020975278
58833.789993 23.823417 0.023966439
58833.790558 23.796982 0.021979368
58833.791114 23.817164 0.022960654
58833.791692 23.797897 0.021975432
58833.792254 23.767581 0.018961749
58833.792819 23.770833 0.020971517
58833.793386 23.774455 0.018963303
58833.793945 23.796093 0.020968847
58833.794517 23.775386 0.019972815
58833.79508 23.790886 0.019972618
58833.795646 23.807754 0.019975501
58833.796225 23.822031 0.01997057
58833.79679 23.817476 0.020982502
58833.797352 23.795531 0.016988199
58833.797908 23.801146 0.017982631
58833.798484 23.797769 0.018983613
58833.799061 23.814372 0.01997944
58833.799624 23.779874 0.018977961
58833.800185 23.793612 0.01998071
58833.800756 23.767068 0.019967669
58833.801313 23.804553 0.01797664
58833.801876 23.810271 0.01897711
58833.802443 23.792146 0.019962849
58833.803031 23.781664 0.018984579
58833.803608 23.802334 0.019977408
58833.804175 23.815387 0.019984145
58833.804741 23.846795 0.022982103
58833.805316 23.803149 0.018982608
58833.805876 23.788965 0.019976826
58833.806445 23.784835 0.017987493
58833.807016 23.819953 0.019982351
58833.807582 23.787892 0.019970157
58833.80816 23.792959 0.019981917
58833.808724 23.81394 0.018983711
58833.809281 23.794144 0.019978354
58833.809857 23.790317 0.019982922
58833.810432 23.764755 0.020976116
58833.811002 23.800498 0.020980773
58833.81157 23.793395 0.020984077
58833.812141 23.789664 0.020983802
58833.81271 23.826707 0.017986804
58833.813283 23.822615 0.018987967
58833.81385 23.810507 0.017987432
58833.814425 23.800265 0.017986918
58833.81499 23.802429 0.018986828
58833.815567 23.812158 0.019983798
58833.816133 23.782119 0.020981626
58833.816698 23.814732 0.021963262
58833.817289 23.78823 0.018976794
58833.817864 23.803363 0.019973122
58833.818429 23.766026 0.019973097
58833.819011 23.803136 0.021971883
58833.819573 23.809566 0.019980732
58833.820146 23.830471 0.02096864
58833.82073 23.794103 0.019975774
58833.821295 23.841151 0.021974463
58833.821869 23.833015 0.020975839
58833.822431 23.81211 0.021981154
58833.822986 23.790106 0.020982504
58833.823546 23.824628 0.02596553
58833.824122 23.787359 0.021966015
58833.82469 23.801948 0.024977977
58833.82527 23.835687 0.022981822
58833.825842 23.835587 0.022977378
58833.826414 23.811518 0.022965903
58833.826987 23.824379 0.022966408
58833.827559 23.81279 0.021971585
58833.828123 23.826659 0.022977159
58833.828694 23.788104 0.021962816
58833.829263 23.827181 0.019972508
58833.829826 23.81232 0.01996254
58833.830398 23.808839 0.020971712
58833.830961 23.822293 0.020973036
58833.831526 23.818866 0.019964131
58833.832097 23.836163 0.018979808
58833.83267 23.81102 0.019973684
58833.833228 23.789546 0.019973862
58833.833798 23.800882 0.018980637
58833.834371 23.811165 0.01996381
58833.834936 23.848483 0.0179812
58833.83551 23.808528 0.018978467
58833.836083 23.828627 0.019976465
58833.836648 23.824627 0.019977938
58833.837231 23.824963 0.020977048
58833.837806 23.830311 0.022946448
58833.83839 23.805443 0.020960929
58833.838952 23.830589 0.022945754
58833.839512 23.839446 0.022970509
58833.840078 23.813227 0.021962737
58833.840638 23.827864 0.020974026
58833.841214 23.812631 0.021973141
58833.841784 23.806092 0.018981303
58833.842354 23.819781 0.020977285
58833.842932 23.798663 0.020974823
58833.8435 23.836422 0.019978024
58833.844068 23.839738 0.021977805
58833.84464 23.820457 0.020977128
58833.845192 23.822928 0.019981855
58833.845764 23.817165 0.022981902
58833.846315 23.855884 0.022982122
58833.846882 23.827146 0.0209858
58833.847447 23.83073 0.022974745
58833.848017 23.825924 0.022981962
58833.848583 23.80553 0.024975615
58833.849139 23.797923 0.025977791
58833.849713 23.845477 0.025967173
58833.850286 23.882412 0.023981876
