HJD mag magerr
58833.526351 24.117579 0.064834495
58833.526938 24.087672 0.061618213
58833.527497 24.031366 0.048823505
58833.528073 23.951065 0.050673243
58833.52864 24.065489 0.036831382
58833.529223 23.991727 0.048671994
58833.529794 24.022053 0.048383233
58833.530369 24.076653 0.03681682
58833.530936 24.015726 0.031839438
58833.531508 24.105385 0.02989819
58833.532068 24.054783 0.027907849
58833.532639 24.064107 0.028903004
58833.533201 24.089004 0.027916492
58833.533765 24.064932 0.025919668
58833.534319 24.094681 0.030791909
58833.534878 24.012493 0.025833025
58833.535457 24.056341 0.025840114
58833.536022 24.063687 0.02291439
58833.536586 24.064326 0.022930047
58833.537148 24.092954 0.021957216
58833.537706 24.064741 0.024886846
58833.538275 24.195477 0.023935267
58833.538843 24.087391 0.021937883
58833.539403 24.047962 0.02192889
58833.539961 24.137642 0.021945372
0.0 0.0 0.0
58833.54127 24.087827 0.022934241
58833.541834 24.118881 0.020948705
58833.542384 24.217203 0.023945832
58833.542946 24.224022 0.021934792
58833.543507 24.28665 0.022967473
58833.544071 24.106209 0.020959337
58833.544644 24.106383 0.020927602
58833.545206 24.078984 0.021884816
58833.545767 24.154529 0.021955406
58833.54634 24.213574 0.021965279
58833.546924 24.137352 0.019957203
58833.547488 24.130745 0.020923948
58833.548053 24.027147 0.018948255
58833.548633 24.128465 0.019958341
0.0 0.0 0.0
58833.549779 24.146188 0.018962783
58833.550355 24.173883 0.021951785
58833.550911 24.152293 0.01896374
58833.551466 24.188236 0.020946836
58833.552025 24.103787 0.022938196
58833.552609 24.157581 0.022945909
58833.553172 24.184459 0.02194233
58833.553736 24.070689 0.019941848
58833.554298 24.137563 0.019967441
58833.554862 24.245875 0.021967241
0.0 0.0 0.0
58833.556007 24.190211 0.020978294
58833.556565 24.243512 0.020983361
58833.557125 24.138067 0.020968444
58833.557676 24.338527 0.026964948
58833.558245 24.165656 0.022955865
58833.558811 24.185855 0.021951628
58833.559373 24.144197 0.019948061
58833.559928 24.058417 0.018918519
58833.560497 24.056803 0.024823653
58833.561052 24.090737 0.018947871
0.0 0.0 0.0
58833.562183 24.060393 0.019934667
58833.562742 24.064163 0.017955577
58833.563315 24.105212 0.020957828
58833.563889 24.032822 0.019909629
58833.564461 24.085791 0.02279486
58833.565019 24.018993 0.019900636
58833.565576 24.191688 0.017991051
58833.566153 24.078929 0.015957516
58833.566722 24.479056 0.024953905
58833.56729 24.106473 0.020952365
0.0 0.0 0.0
0.0 0.0 0.0
58833.568961 24.105194 0.0189756
58833.569533 24.250646 0.018986798
58833.570095 24.231774 0.020976405
58833.57065 24.198981 0.019981213
58833.57121 24.144703 0.017977545
58833.571768 24.166769 0.019970248
58833.572322 24.224759 0.020973205
58833.572898 24.112586 0.017961991
58833.573468 24.080952 0.01991542
58833.574037 24.075027 0.020925513
58833.574593 24.052511 0.019915277
58833.575159 24.020105 0.022743188
0.0 0.0 0.0
58833.576286 24.064139 0.020837596
58833.576839 24.021008 0.018904959
58833.577403 24.061562 0.018938997
58833.577964 24.255522 0.024941764
58833.578544 24.183463 0.020946367
58833.579114 24.088127 0.019879557
58833.579688 24.037237 0.019930416
58833.580238 24.141803 0.020914352
58833.58081 24.0244 0.018898013
0.0 0.0 0.0
0.0 0.0 0.0
58833.582509 24.114985 0.018947078
58833.58308 24.221169 0.022914204
58833.583647 24.202889 0.020915359
58833.584215 24.09394 0.0208551
58833.584762 24.046916 0.015943666
58833.585316 24.135397 0.021828515
58833.585886 24.062304 0.016957717
58833.586442 24.065466 0.019917248
58833.587001 24.05838 0.017946216
58833.587566 24.023849 0.02480043
58833.58814 24.030627 0.021865481
58833.588711 24.127335 0.016979113
58833.589285 24.085571 0.014976963
58833.589857 24.054813 0.018871118
58833.590423 24.077198 0.019868451
58833.590994 24.048843 0.021862712
58833.591559 23.947919 0.024779961
58833.592112 24.078931 0.025752831
58833.592665 24.043813 0.026743174
58833.593224 23.999634 0.027654901
58833.593796 24.073511 0.028770808
58833.594369 24.007931 0.027654366
58833.59492 24.015419 0.027748027
58833.595528 24.051519 0.024807609
58833.596082 24.032668 0.02385998
58833.596665 24.09427 0.023883286
58833.597231 24.053517 0.021862811
58833.597797 24.056366 0.021907125
58833.59838 24.167566 0.021935382
58833.598947 24.179174 0.018961095
58833.599512 24.082186 0.022925926
58833.60009 24.133451 0.022938264
58833.600655 24.146997 0.021954624
58833.601221 24.141732 0.019941805
58833.601788 24.104804 0.020944997
58833.602358 24.076144 0.020942089
58833.602926 24.083698 0.021943579
0.0 0.0 0.0
58833.604047 24.129066 0.02094223
58833.604615 24.079938 0.020908624
58833.605171 24.120529 0.025894278
58833.605736 24.094767 0.023907001
58833.606292 24.082438 0.024902555
58833.606846 24.033152 0.020882991
58833.607409 24.094152 0.02383675
58833.607972 24.048275 0.02387892
58833.608554 24.096297 0.024899885
58833.609122 24.037922 0.022895355
58833.609691 24.045174 0.022864342
58833.61027 24.090568 0.020899955
58833.610843 24.029641 0.020863964
58833.611415 24.063296 0.02088196
58833.611993 24.038694 0.020875128
58833.612577 24.043849 0.020867145
58833.613137 23.99824 0.019870267
58833.613696 24.018366 0.018873522
58833.614278 24.095638 0.020872098
58833.614853 24.031251 0.020844256
58833.615407 24.108886 0.019904052
58833.615983 24.040848 0.020891601
58833.616534 24.069819 0.020910945
58833.617093 24.104194 0.023894811
58833.617655 24.102878 0.019935459
58833.618216 24.084449 0.020922183
58833.618781 24.167264 0.022940557
0.0 0.0 0.0
58833.619908 24.09906 0.021922221
58833.620489 24.076802 0.020930464
58833.621073 24.073187 0.020951308
58833.621643 24.082633 0.022861988
58833.622212 24.127991 0.021919906
58833.622786 24.141239 0.022889822
58833.623339 24.086262 0.023859728
58833.623898 24.041017 0.022857215
58833.624467 24.062907 0.022936188
58833.625042 24.119613 0.022923351
58833.625625 24.123754 0.019942737
58833.626195 24.118791 0.020956308
58833.626758 24.076027 0.020955281
58833.627345 24.076068 0.020951642
58833.627901 24.134504 0.020961679
58833.628481 24.087438 0.020936939
58833.629058 24.156449 0.020955741
58833.629625 24.115613 0.020935677
0.0 0.0 0.0
58833.630754 24.142958 0.020966364
58833.631339 24.161342 0.022893688
58833.631919 24.011157 0.02284649
58833.632476 24.03147 0.023834646
58833.633035 24.041645 0.020865822
58833.633609 23.960935 0.0208533
58833.634176 24.078793 0.026938203
58833.63477 24.210838 0.023913186
58833.63533 24.12133 0.022913279
58833.635896 24.082913 0.020930217
58833.636454 24.087987 0.01896827
58833.637031 24.086354 0.019938981
58833.637603 24.084548 0.024912354
58833.638178 24.08965 0.021912427
58833.638751 24.182179 0.021937293
58833.639317 24.106558 0.020958744
58833.639885 24.20646 0.023940928
58833.640451 24.229925 0.023958579
58833.641017 24.14834 0.018978816
58833.641587 24.217242 0.019972948
58833.642165 24.245247 0.020968032
58833.642733 24.159882 0.020964793
58833.643298 24.125876 0.023934081
58833.643881 24.271762 0.022948817
58833.644463 24.139011 0.019970378
58833.645038 24.189342 0.019966589
58833.645621 24.156062 0.022941257
58833.646196 24.18586 0.02394313
58833.646775 24.139917 0.02294219
58833.647352 24.166427 0.02094765
58833.647947 24.077171 0.022961307
58833.648518 24.242045 0.024970601
58833.649091 24.248404 0.024950608
58833.649661 24.239806 0.023946231
58833.650234 24.188398 0.020970924
58833.650812 24.170618 0.023953134
58833.651385 24.221763 0.023943019
58833.651942 24.207825 0.023942119
58833.652501 24.146898 0.021965662
58833.653051 24.2092 0.023969286
0.0 0.0 0.0
58833.654196 24.090702 0.024940225
58833.654761 24.194974 0.020970271
58833.655332 24.242566 0.024965604
58833.655903 24.230564 0.022971802
58833.656459 24.116118 0.020973795
58833.657018 24.166499 0.02397583
58833.657575 24.134315 0.022955118
58833.658134 24.206814 0.023946919
58833.658729 24.149307 0.0219457
58833.659291 24.170894 0.022971382
58833.659866 24.172167 0.022973206
58833.660428 24.123144 0.023942481
58833.660996 24.184435 0.020970602
58833.661568 24.082486 0.023961873
58833.662129 24.231684 0.025948721
58833.662686 24.089263 0.025907998
58833.663254 24.116546 0.022952235
58833.663845 24.257781 0.023959132
58833.664399 24.159424 0.023962198
0.0 0.0 0.0
58833.66553 24.205305 0.021975307
58833.666087 24.293501 0.022974811
58833.666661 24.214802 0.022977764
58833.66724 24.185063 0.021971222
58833.667808 24.15777 0.021976752
58833.668374 24.225917 0.022976839
58833.66894 24.1735 0.023975394
58833.669515 24.150583 0.023971172
58833.670105 24.186815 0.023964471
58833.670664 24.173607 0.023962728
58833.671231 24.13724 0.024951931
58833.671792 24.183074 0.023949782
58833.672357 24.132815 0.023960377
58833.672921 24.074484 0.025957407
58833.6735 24.186174 0.024967241
58833.674063 24.251476 0.026956998
58833.674632 24.074372 0.025932754
58833.675223 24.064837 0.025903668
58833.67579 24.081447 0.025951618
58833.67635 24.084978 0.024935198
58833.676916 24.090343 0.024934505
58833.677484 24.109001 0.026946718
58833.678056 24.063082 0.025936659
58833.678616 24.07854 0.027859379
58833.679182 24.126472 0.029842049
58833.679761 24.06074 0.027807869
58833.680323 23.992349 0.034705531
58833.680894 24.049608 0.031774892
58833.681455 24.05617 0.031792618
58833.68202 24.068498 0.028857792
0.0 0.0 0.0
58833.683157 24.043554 0.028871037
58833.683728 24.053425 0.028804223
58833.68429 24.046216 0.030801236
58833.684864 24.058821 0.025917796
58833.685427 24.062771 0.027875191
58833.686006 24.045515 0.026898997
58833.68663 24.0809 0.024945158
58833.687197 24.083211 0.027953455
58833.687766 24.087005 0.026954922
58833.688335 24.039384 0.02493222
58833.6889 24.114606 0.02694991
58833.689473 24.06917 0.028910518
58833.690035 24.06512 0.025913267
58833.690606 24.029072 0.025919629
58833.691182 24.102008 0.025949877
58833.691769 24.094526 0.027899545
58833.692334 24.037754 0.028826278
58833.692912 24.112723 0.029866952
58833.693482 24.100051 0.025932102
58833.694055 24.099427 0.025905766
58833.694629 24.104453 0.027949999
58833.695214 24.12062 0.026945302
58833.695788 24.116516 0.026942998
58833.696709 24.071676 0.027877032
58833.697282 24.030371 0.029853956
58833.697854 24.038779 0.028883902
58833.698426 24.102161 0.026953096
58833.698997 24.088492 0.029915151
58833.699574 24.045358 0.027946159
58833.700162 24.129011 0.026957613
58833.700738 24.097013 0.029911507
58833.701314 24.095434 0.026956611
58833.701879 24.095888 0.033947914
58833.702433 24.160525 0.032945331
58833.702997 24.157761 0.024973776
58833.703569 24.297311 0.027967278
58833.704138 24.131994 0.027974466
58833.704693 24.384829 0.033965812
58833.705269 24.181554 0.026947175
58833.705842 24.092707 0.026953782
58833.706416 24.104771 0.030932598
58833.706995 24.287537 0.029965565
58833.70756 24.134553 0.028967723
58833.708139 24.141281 0.024964523
58833.708701 24.126253 0.026936823
58833.709269 24.106262 0.024957423
58833.709837 24.119132 0.023967485
58833.710398 24.105189 0.024957989
58833.710961 24.077583 0.02695474
58833.711531 24.094549 0.028935796
58833.712096 24.359797 0.031950232
58833.712678 24.092537 0.028917622
58833.713245 24.091183 0.028911879
58833.713811 24.202931 0.025933962
58833.71438 24.091728 0.024930953
58833.714942 24.178759 0.025936644
58833.715515 24.13001 0.022962224
58833.716099 24.15377 0.027967871
58833.716662 24.151719 0.025973746
58833.717217 24.117535 0.026943686
58833.717786 24.183176 0.023971501
58833.718352 24.070353 0.024965154
58833.718933 24.095696 0.02795016
58833.719515 24.106032 0.02593952
58833.720081 24.055309 0.02488305
58833.720652 24.22906 0.025960672
58833.721229 24.118078 0.024947419
58833.721798 24.081218 0.027928671
58833.722365 24.143882 0.025937709
58833.722938 24.086736 0.025959904
0.0 0.0 0.0
58833.724095 24.215355 0.026946464
58833.724659 24.106157 0.024952076
58833.725228 24.095261 0.023934698
58833.725794 24.11435 0.025934991
58833.726369 24.05554 0.023908788
58833.726949 24.086949 0.023921491
58833.727521 24.157323 0.02589221
58833.728085 24.084068 0.025908465
58833.728659 24.181253 0.0269416
58833.729226 24.116156 0.025950176
58833.729803 24.144932 0.02591604
58833.730359 24.10761 0.023955126
58833.730924 24.093051 0.021964353
58833.731502 24.088903 0.027945808
58833.732059 24.069137 0.02689068
58833.732632 24.090074 0.027918834
58833.733194 24.041334 0.026916064
58833.733759 24.054351 0.02782937
58833.734321 24.097555 0.028855997
58833.734879 24.062985 0.027878419
58833.735444 24.059745 0.028849639
58833.736003 24.098297 0.031869618
58833.736571 24.058654 0.033772321
58833.737136 24.061872 0.030792291
58833.737691 24.05292 0.02689584
58833.738267 24.066638 0.031763464
58833.738823 24.046735 0.02787787
58833.739382 24.103631 0.027864191
58833.739948 24.111361 0.031843462
58833.740522 24.126019 0.028874651
58833.741085 24.09206 0.031757064
58833.741647 24.063159 0.029877484
58833.742215 24.060037 0.028852553
58833.742788 24.0485 0.027812417
58833.743365 24.046797 0.029885624
58833.743953 24.088881 0.02888876
58833.744526 24.038663 0.025903099
58833.745093 24.062646 0.025900605
58833.745664 24.090823 0.025917797
58833.746226 24.087051 0.026925796
58833.746789 24.112611 0.023940098
58833.747358 24.073453 0.025920597
58833.747921 24.089473 0.02590731
58833.748478 24.111037 0.021953781
58833.749035 24.120361 0.022961799
58833.749599 24.16344 0.022955929
58833.750168 24.031827 0.024863027
58833.750733 24.059472 0.02585144
58833.751298 24.069484 0.02583455
58833.751854 24.066215 0.029821458
58833.752416 24.085044 0.02687099
58833.752988 24.129543 0.027878785
58833.753539 24.071184 0.026920296
58833.7541 24.067004 0.02389986
58833.754655 24.206009 0.026924275
58833.75523 24.109626 0.023967917
58833.755803 24.145412 0.029942051
58833.756377 24.094649 0.030907664
58833.756948 24.136318 0.027968417
58833.757519 24.092236 0.026971124
58833.758074 24.096908 0.02696865
58833.758639 24.080674 0.027921014
58833.759204 24.11783 0.028922515
58833.759765 24.127159 0.025957568
58833.760341 24.086335 0.026957381
58833.760921 24.119147 0.02695941
58833.761489 24.063785 0.035908949
58833.76205 24.112966 0.032945557
58833.762618 24.098982 0.029941375
58833.763196 24.081504 0.028930474
58833.763771 24.167141 0.026939106
58833.764345 24.171002 0.024969536
58833.764904 24.119136 0.030960184
58833.765469 24.147372 0.031941042
58833.766035 24.18638 0.030959267
58833.766604 24.093428 0.027951903
58833.767179 24.137094 0.027967704
58833.767754 24.152771 0.028967793
58833.768337 24.123407 0.026958129
58833.768906 24.102544 0.027965042
58833.769468 24.092124 0.027956715
58833.770037 24.102141 0.030914382
58833.770609 24.14005 0.033943969
58833.771176 24.065315 0.029892524
58833.77175 24.069845 0.030894337
58833.772312 24.071593 0.031883735
58833.772873 24.066485 0.033850653
58833.773436 24.119507 0.04086817
58833.774013 24.037628 0.039776337
58833.774581 24.053008 0.034845519
58833.775149 24.053826 0.034836743
58833.775718 24.099498 0.033892034
58833.776274 24.031866 0.029891143
58833.776849 24.077962 0.031923384
58833.777425 24.105626 0.036913464
58833.777996 24.149352 0.03289522
58833.778564 24.102145 0.032917757
58833.779126 24.10082 0.032889948
58833.779701 24.093008 0.035804667
58833.780275 24.096103 0.03190028
58833.780836 24.134611 0.036857974
58833.781394 24.085975 0.034869062
58833.781959 24.115889 0.031922037
58833.78252 24.087356 0.031796432
58833.783078 24.073935 0.032886813
58833.783656 24.065233 0.030904749
58833.784224 24.121138 0.030923573
58833.784791 24.04676 0.03094252
58833.785359 24.09273 0.027921689
58833.785923 24.129173 0.029913256
58833.786499 24.10716 0.029940773
58833.787075 24.087539 0.028942955
58833.787657 24.108813 0.033942924
58833.788243 24.099486 0.027941694
58833.788815 24.062974 0.027962573
58833.789431 24.08075 0.023966988
0.0 0.0 0.0
58833.790558 24.126843 0.027964408
58833.791114 24.269698 0.033955091
58833.791692 24.138561 0.029971282
58833.792254 24.114557 0.02396906
58833.792819 24.13694 0.026953729
58833.793386 24.08682 0.02396681
58833.793945 24.109309 0.024943374
58833.794517 24.098712 0.025966966
58833.79508 24.093776 0.0279514
58833.795646 24.132118 0.023969197
58833.796225 24.085592 0.023976895
58833.79679 24.152118 0.024979885
58833.797352 24.103751 0.028951948
58833.797908 24.226995 0.024977217
58833.798484 24.29355 0.025976215
58833.799061 24.188854 0.023973094
58833.799624 24.102061 0.024961337
58833.800185 24.158456 0.027938489
58833.800756 24.172255 0.026971475
58833.801313 24.15362 0.022974275
58833.801876 24.288212 0.026966889
58833.802443 24.167116 0.024966197
58833.803031 24.156087 0.027971183
58833.803608 24.138057 0.024968424
58833.804175 24.216641 0.024980826
58833.804741 24.153188 0.022980181
58833.805316 24.188689 0.02397676
58833.805876 24.19275 0.026970908
58833.806445 24.186466 0.022982985
58833.807016 24.12027 0.028970119
58833.807582 24.08924 0.025969011
58833.80816 24.166749 0.025951253
58833.808724 24.106854 0.029971046
58833.809281 24.066588 0.025970597
58833.809857 24.131182 0.02597002
58833.810432 24.20685 0.029967235
58833.811002 24.106919 0.030970433
58833.81157 24.170467 0.026978594
58833.812141 24.126088 0.027980767
58833.81271 24.096735 0.0259809
58833.813283 24.227408 0.025973382
58833.81385 24.132676 0.021982997
58833.814425 24.08996 0.025981471
58833.81499 24.233718 0.023982351
58833.815567 24.112567 0.024983168
58833.816133 24.141808 0.024957284
0.0 0.0 0.0
0.0 0.0 0.0
58833.817864 24.113435 0.025958171
58833.818429 24.078905 0.0249496
58833.819011 24.215519 0.026962857
58833.819573 24.100092 0.027946909
58833.820146 24.1044 0.027966523
58833.82073 24.244774 0.024970324
58833.821295 24.141952 0.02796555
58833.821869 24.139908 0.034956213
58833.822431 24.150426 0.028963051
58833.822986 24.107454 0.02797505
58833.823546 24.080612 0.028956223
58833.824122 24.113029 0.024966016
58833.82469 24.149045 0.030954118
58833.82527 24.107337 0.034964619
58833.825842 24.128096 0.026969828
58833.826414 24.077313 0.028945645
58833.826987 24.077058 0.026965919
58833.827559 24.101674 0.027962213
58833.828123 24.155159 0.031970879
58833.828694 24.076611 0.027952484
0.0 0.0 0.0
58833.829826 24.055698 0.023974219
58833.830398 24.090589 0.02795548
58833.830961 24.106766 0.025951529
58833.831526 24.148015 0.022972644
58833.832097 24.152331 0.023974682
58833.83267 24.085144 0.025958074
58833.833228 24.281624 0.025971955
58833.833798 24.183896 0.026922795
0.0 0.0 0.0
58833.834936 24.155459 0.023966012
58833.83551 24.14534 0.022964362
58833.836083 24.094922 0.021962925
58833.836648 24.230337 0.026961588
58833.837231 24.078542 0.026947047
58833.837806 24.09823 0.025932494
58833.83839 24.090738 0.026931098
58833.838952 24.025402 0.026918083
58833.839512 24.213885 0.026962283
58833.840078 24.119156 0.029932614
58833.840638 24.061627 0.026964294
58833.841214 24.168514 0.025969504
58833.841784 24.088501 0.02596447
58833.842354 24.219209 0.026962807
58833.842932 24.063149 0.025965724
58833.8435 24.115671 0.02896443
58833.844068 24.145358 0.022975064
58833.84464 24.128234 0.025964697
58833.845192 24.113758 0.027970502
58833.845764 24.242457 0.030975705
58833.846315 24.169109 0.030970536
58833.846882 24.120857 0.030974375
58833.847447 24.168765 0.031972091
58833.848017 24.109379 0.030972912
58833.848583 24.117072 0.030971012
58833.849139 24.173292 0.03795989
58833.849713 24.091114 0.025970196
58833.850286 24.108757 0.028973739
