HJD mag magerr
58833.526351 20.79553 0.011910623
58833.526938 20.783369 0.012787338
58833.527497 20.777691 0.01193069
58833.528073 20.757487 0.010923742
58833.52864 20.778482 0.0099999998
58833.529223 20.794811 0.010882038
58833.529794 20.786158 0.010908586
58833.530369 20.820823 0.010939953
58833.530936 20.786031 0.0099999998
58833.531508 20.793471 0.010971486
58833.532068 20.777108 0.0099999998
58833.532639 20.778549 0.010972839
58833.533201 20.815663 0.011975458
58833.533765 20.789383 0.0099999998
58833.534319 20.762642 0.011889705
58833.534878 20.770599 0.010951292
58833.535457 20.801559 0.010956875
58833.536022 20.785126 0.010983709
58833.536586 20.798358 0.010987138
58833.537148 20.799252 0.011976454
58833.537706 20.792356 0.010969779
58833.538275 20.78261 0.010980568
58833.538843 20.78418 0.010981567
58833.539403 20.793106 0.010981659
58833.539961 20.784315 0.010984767
58833.540691 20.791745 0.010991472
58833.54127 20.774259 0.010980891
58833.541834 20.784391 0.0099999998
58833.542384 20.811006 0.012971075
58833.542946 20.795841 0.01098245
58833.543507 20.782959 0.010987009
58833.544071 20.793739 0.01099322
58833.544644 20.784962 0.0099999998
58833.545206 20.78249 0.01098608
58833.545767 20.779124 0.011979252
58833.54634 20.795443 0.010991392
58833.546924 20.773703 0.0099999998
58833.547488 20.772297 0.0099999998
58833.548053 20.787412 0.010987342
58833.548633 20.799975 0.010991497
58833.549203 20.788682 0.011981889
58833.549779 20.798018 0.010988215
58833.550355 20.777411 0.010984543
58833.550911 20.79081 0.011965794
58833.551466 20.786793 0.010984192
58833.552025 20.78048 0.011963977
58833.552609 20.795588 0.010977495
58833.553172 20.829958 0.011981589
58833.553736 20.761925 0.010989235
58833.554298 20.786185 0.0099999998
58833.554862 20.790157 0.0099999998
58833.55542 20.801631 0.014986014
58833.556007 20.785579 0.010996143
58833.556565 20.799006 0.011992693
58833.557125 20.793076 0.011990003
58833.557676 20.777059 0.010996002
58833.558245 20.794408 0.01099173
58833.558811 20.782491 0.011976857
58833.559373 20.788237 0.010985719
58833.559928 20.828963 0.010970511
58833.560497 20.839557 0.010958021
58833.561052 20.797311 0.011961883
58833.561629 20.794233 0.011965426
58833.562183 20.799503 0.010987374
58833.562742 20.818149 0.011980331
58833.563315 20.750017 0.01098864
58833.563889 20.780797 0.010964797
58833.564461 20.804277 0.010940315
58833.565019 20.798862 0.0099999998
58833.565576 20.781639 0.011995669
58833.566153 20.774409 0.010989847
58833.566722 20.798002 0.011978601
58833.56729 20.782705 0.010986676
58833.56785 20.932882 0.01098228
58833.568406 20.77675 0.0099999998
58833.568961 20.79212 0.011990168
58833.569533 20.785144 0.010995505
58833.570095 20.782323 0.011987659
58833.57065 20.782482 0.010996173
58833.57121 20.781783 0.011988234
58833.571768 20.790466 0.0099999998
58833.572322 20.785543 0.010991421
58833.572898 20.783464 0.0099999998
58833.573468 20.787253 0.012913741
58833.574037 20.778161 0.0099999998
58833.574593 20.813075 0.011960633
58833.575159 20.815527 0.010942754
58833.575726 20.823156 0.011918291
58833.576286 20.803468 0.010971184
58833.576839 20.879331 0.010972206
58833.577403 20.795476 0.0099999998
58833.577964 20.808116 0.011983935
58833.578544 20.782771 0.011972332
58833.579114 20.78474 0.0099999998
58833.579688 20.80822 0.011964882
58833.580238 20.79179 0.010975387
58833.58081 20.80125 0.0099999998
58833.581375 21.171214 0.011928996
58833.581944 20.796095 0.011961102
58833.582509 20.792521 0.011979666
58833.58308 20.756605 0.011961148
58833.583647 20.784991 0.010966206
58833.584215 20.822536 0.010960932
58833.584762 20.823412 0.0099999998
58833.585316 20.780013 0.0099999998
58833.585886 20.833191 0.012961978
58833.586442 20.809513 0.010984743
58833.587001 20.78095 0.010978525
58833.587566 20.798813 0.011957451
58833.58814 20.81933 0.010976557
58833.588711 20.788299 0.010994472
58833.589285 20.831694 0.0099999998
58833.589857 20.741737 0.01095156
58833.590423 20.827982 0.011918181
58833.590994 20.741091 0.010964315
58833.591559 20.79176 0.010953162
58833.592112 20.797018 0.010950008
58833.592665 20.780098 0.010935441
58833.593224 20.78608 0.010961792
58833.593796 20.784419 0.0099999998
58833.594369 20.827698 0.0099999998
58833.59492 20.774219 0.0099999998
58833.595528 20.785224 0.010961493
58833.596082 20.847575 0.010970727
58833.596665 20.818704 0.010970779
58833.597231 20.80138 0.010957692
58833.597797 20.783239 0.010976306
58833.59838 20.77878 0.0099999998
58833.598947 20.778714 0.010983212
58833.599512 20.798178 0.010978403
58833.60009 20.764975 0.010986597
58833.600655 20.786684 0.011977177
58833.601221 20.791339 0.01196687
58833.601788 20.794407 0.010988083
58833.602358 20.810453 0.011974644
58833.602926 20.790916 0.010973059
58833.60349 20.767357 0.010952755
58833.604047 20.780782 0.010980288
58833.604615 20.802309 0.011952661
58833.605171 20.757501 0.011930669
58833.605736 20.791664 0.010971099
58833.606292 20.79807 0.0099999998
58833.606846 20.791861 0.010965213
58833.607409 20.779398 0.0099999998
58833.607972 20.784683 0.0099999998
58833.608554 20.805251 0.01193826
58833.609122 20.774471 0.010973788
58833.609691 20.802722 0.010958752
58833.61027 20.800504 0.010972372
58833.610843 20.806318 0.010971298
58833.611415 20.795823 0.010967009
58833.611993 20.809245 0.010962505
58833.612577 20.811765 0.010961223
58833.613137 20.82127 0.0099999998
58833.613696 20.812876 0.010963948
58833.614278 20.798413 0.0099999998
58833.614853 20.80818 0.010950471
58833.615407 20.811039 0.010959661
58833.615983 20.788102 0.011946084
58833.616534 20.769609 0.010978609
58833.617093 20.789776 0.010972607
58833.617655 20.780365 0.0099999998
58833.618216 20.798158 0.0099999998
58833.618781 20.786051 0.0099999998
58833.619336 20.787107 0.010981068
58833.619908 20.781643 0.010978137
58833.620489 20.797676 0.010979865
58833.621073 20.790969 0.010982547
58833.621643 20.771754 0.0099999998
58833.622212 20.780297 0.0099999998
58833.622786 20.77456 0.0099999998
58833.623339 20.790186 0.0099999998
58833.623898 20.794107 0.010976716
58833.624467 20.777081 0.0099999998
58833.625042 20.779671 0.0099999998
58833.625625 20.801512 0.011970455
58833.626195 20.82623 0.011974876
58833.626758 20.785993 0.011945949
58833.627345 20.794094 0.01098838
58833.627901 20.791396 0.01098832
58833.628481 20.789126 0.010988649
58833.629058 20.791234 0.010987634
58833.629625 20.787466 0.010988721
58833.630194 20.78445 0.010988956
58833.630754 20.786832 0.01099194
58833.631339 20.806284 0.010978677
58833.631919 20.83274 0.010950338
58833.632476 20.798231 0.011931144
58833.633035 20.797575 0.010974742
58833.633609 20.816341 0.011947092
58833.634176 20.782541 0.010983417
58833.63477 20.776264 0.010975063
58833.63533 20.788054 0.0099999998
58833.635896 20.794396 0.010978848
58833.636454 20.787415 0.010991552
58833.637031 20.78756 0.0099999998
58833.637603 20.783952 0.011973901
58833.638178 20.763964 0.010966885
58833.638751 20.788869 0.0099999998
58833.639317 20.797339 0.010988055
58833.639885 20.784243 0.01098911
58833.640451 20.787156 0.010994978
58833.641017 20.779963 0.010994342
58833.641587 20.792745 0.011982214
58833.642165 20.787389 0.011986267
58833.642733 20.786535 0.01098989
58833.643298 20.776726 0.01098847
58833.643881 20.791198 0.011971996
58833.644463 20.787944 0.0099999998
58833.645038 20.784646 0.010990461
58833.645621 20.788913 0.011970252
58833.646196 20.787449 0.010980913
58833.646775 20.789225 0.010989741
58833.647352 20.785081 0.0099999998
58833.647947 20.790575 0.01097871
58833.648518 20.780991 0.010995282
58833.649091 20.78976 0.010991206
58833.649661 20.794211 0.010994498
58833.650234 20.784044 0.0099999998
58833.650812 20.78617 0.010991624
58833.651385 20.788476 0.01098975
58833.651942 20.781682 0.0099999998
58833.652501 20.785075 0.0099999998
58833.653051 20.775797 0.0099999998
58833.653627 20.790309 0.0099999998
58833.654196 20.791232 0.01098896
58833.654761 20.789452 0.010990955
58833.655332 20.786961 0.0099999998
58833.655903 20.790097 0.010995013
58833.656459 20.793215 0.01199178
58833.657018 20.782974 0.010995787
58833.657575 20.794597 0.0099999998
58833.658134 20.783494 0.0099999998
58833.658729 20.792839 0.010990104
58833.659291 20.794365 0.01099141
58833.659866 20.801443 0.011993432
58833.660428 20.780716 0.01099022
58833.660996 20.785136 0.010990765
58833.661568 20.796383 0.010992053
58833.662129 20.78832 0.010981931
58833.662686 20.787034 0.010984381
58833.663254 20.780282 0.0099999998
58833.663845 20.785097 0.01097288
58833.664399 20.794428 0.011983202
58833.664959 20.781006 0.010994917
58833.66553 20.784909 0.011988055
58833.666087 20.789154 0.011992397
58833.666661 20.787857 0.01099565
58833.66724 20.788531 0.011994178
58833.667808 20.791138 0.010995948
58833.668374 20.788282 0.011992139
58833.66894 20.786607 0.011988554
58833.669515 20.780946 0.011987272
58833.670105 20.794817 0.012979998
58833.670664 20.783058 0.010989527
58833.671231 20.786626 0.0099999998
58833.671792 20.81535 0.013977952
58833.672357 20.786731 0.0099999998
58833.672921 20.794806 0.01198237
58833.6735 20.78879 0.0099999998
58833.674063 20.782885 0.010995093
58833.674632 20.774181 0.0099999998
58833.675223 20.784853 0.0099999998
58833.67579 20.778046 0.010986672
58833.67635 20.778708 0.0099999998
58833.676916 20.779602 0.0099999998
58833.677484 20.785078 0.0099999998
58833.678056 20.781326 0.010988917
58833.678616 20.799313 0.01096227
58833.679182 20.779866 0.0119349
58833.679761 20.802068 0.011900862
58833.680323 20.775778 0.010875672
58833.680894 20.783127 0.010936141
58833.681455 20.802421 0.010898357
58833.68202 20.783062 0.010930426
58833.682591 20.809783 0.011910766
58833.683157 20.801614 0.010969013
58833.683728 20.786361 0.0099999998
58833.68429 20.792165 0.011888395
58833.684864 20.78357 0.010979734
58833.685427 20.78543 0.010977853
58833.686006 20.774672 0.010962685
58833.68663 20.773072 0.010986481
58833.687197 20.768917 0.010992105
58833.687766 20.778865 0.010989617
58833.688335 20.79383 0.0099999998
58833.6889 20.788052 0.010986461
58833.689473 20.790705 0.01098507
58833.690035 20.78934 0.010984821
58833.690606 20.788335 0.0099999998
58833.691182 20.793973 0.010989566
58833.691769 20.785629 0.010982287
58833.692334 20.794904 0.0099999998
58833.692912 20.781743 0.0099999998
58833.693482 20.789104 0.01098262
58833.694055 20.791574 0.010983218
58833.694629 20.790396 0.0099999998
58833.695214 20.783842 0.010987318
58833.695788 20.788517 0.010985662
58833.696709 20.789645 0.0099999998
58833.697282 20.784398 0.01097612
58833.697854 20.793369 0.010980951
58833.698426 20.784278 0.010985779
58833.698997 20.77982 0.010982233
58833.699574 20.780425 0.0099999998
58833.700162 20.790895 0.0099999998
58833.700738 20.781507 0.010990541
58833.701314 20.785078 0.0099999998
58833.701879 20.786265 0.010991579
58833.702433 20.77989 0.010994276
58833.702997 20.77444 0.010994821
58833.703569 20.792664 0.012980752
58833.704138 20.788686 0.0099999998
58833.704693 20.780688 0.010994422
58833.705269 20.793417 0.011984964
58833.705842 20.791254 0.010987566
58833.706416 20.800428 0.011975443
58833.706995 20.783402 0.010994139
58833.70756 20.778938 0.011982339
58833.708139 20.792491 0.011983457
58833.708701 20.789495 0.0099999998
58833.709269 20.784633 0.0099999998
58833.709837 20.787789 0.010992661
58833.710398 20.79438 0.010993453
58833.710961 20.780016 0.011972902
58833.711531 20.810672 0.010990334
58833.712096 20.790712 0.010989594
58833.712678 20.787018 0.010986619
58833.713245 20.776455 0.0099999998
58833.713811 20.789722 0.010989475
58833.71438 20.788767 0.010992867
58833.714942 20.782823 0.010989871
58833.715515 20.791451 0.010989376
58833.716099 20.783938 0.010994065
58833.716662 20.78526 0.010994421
58833.717217 20.800437 0.011989608
58833.717786 20.78814 0.010989216
58833.718352 20.783428 0.010987398
58833.718933 20.792253 0.0099999998
58833.719515 20.791934 0.010990325
58833.720081 20.783775 0.0099999998
58833.720652 20.798531 0.010990993
58833.721229 20.795106 0.010986023
58833.721798 20.772663 0.010988475
58833.722365 20.781522 0.0099999998
58833.722938 20.788862 0.0099999998
58833.723517 20.792107 0.010988433
58833.724095 20.791346 0.010990131
58833.724659 20.780969 0.0099999998
58833.725228 20.784046 0.010989417
58833.725794 20.795592 0.011987117
58833.726369 20.795539 0.0099999998
58833.726949 20.800816 0.0099999998
58833.727521 20.786465 0.010962341
58833.728085 20.781294 0.010969081
58833.728659 20.788422 0.010985225
58833.729226 20.797184 0.010985782
58833.729803 20.793707 0.010991436
58833.730359 20.800827 0.011978609
58833.730924 20.781376 0.010989875
58833.731502 20.795765 0.010990952
58833.732059 20.795195 0.010977493
58833.732632 20.782078 0.0099999998
58833.733194 20.796294 0.010977811
58833.733759 20.796312 0.010967136
58833.734321 20.79038 0.0099999998
58833.734879 20.796405 0.010971834
58833.735444 20.803002 0.010959781
58833.736003 20.799905 0.010964369
58833.736571 20.785995 0.010962923
58833.737136 20.794331 0.010963505
58833.737691 20.808215 0.011958247
58833.738267 20.791155 0.010928707
58833.738823 20.806478 0.010968379
58833.739382 20.788661 0.0099999998
58833.739948 20.794141 0.010958167
58833.740522 20.799676 0.010959665
58833.741085 20.800013 0.010951322
58833.741647 20.789985 0.010973848
58833.742215 20.786462 0.010979325
58833.742788 20.787168 0.010946287
58833.743365 20.790601 0.010972952
58833.743953 20.784901 0.010970222
58833.744526 20.797866 0.0099999998
58833.745093 20.794364 0.010983697
58833.745664 20.794042 0.010979728
58833.746226 20.776645 0.011972157
58833.746789 20.78457 0.0099999998
58833.747358 20.790197 0.010987119
58833.747921 20.782401 0.010985674
58833.748478 20.793116 0.011979967
58833.749035 20.786673 0.010987195
58833.749599 20.790103 0.010986443
58833.750168 20.790929 0.010973908
58833.750733 20.790113 0.0099999998
58833.751298 20.776276 0.010964394
58833.751854 20.800386 0.010966796
58833.752416 20.79566 0.0099999998
58833.752988 20.782721 0.010978644
58833.753539 20.808555 0.011969396
58833.7541 20.784362 0.010983146
58833.754655 20.784921 0.010987065
58833.75523 20.781602 0.010992672
58833.755803 20.785855 0.010984461
58833.756377 20.779723 0.010984958
58833.756948 20.793087 0.010992761
58833.757519 20.775533 0.010994506
58833.758074 20.78598 0.0099999998
58833.758639 20.77377 0.01097995
58833.759204 20.791133 0.0099999998
58833.759765 20.77319 0.010990999
58833.760341 20.776615 0.011985247
58833.760921 20.773986 0.010991266
58833.761489 20.790286 0.010983702
58833.76205 20.784483 0.0099999998
58833.762618 20.790201 0.011977329
58833.763196 20.777057 0.010988586
58833.763771 20.782022 0.01099439
58833.764345 20.785603 0.0099999998
58833.764904 20.782893 0.01099402
58833.765469 20.790312 0.0099999998
58833.766035 20.786131 0.010993516
58833.766604 20.789671 0.010987299
58833.767179 20.79238 0.0099999998
58833.767754 20.785632 0.0099999998
58833.768337 20.783404 0.010992572
58833.768906 20.786918 0.010994239
58833.769468 20.777529 0.011977883
58833.770037 20.780422 0.0099999998
58833.770609 20.779825 0.011981507
58833.771176 20.780925 0.011958984
58833.77175 20.774076 0.010980317
58833.772312 20.791939 0.010974693
58833.772873 20.780537 0.010969448
58833.773436 20.774303 0.011938
58833.774013 20.793867 0.010965924
58833.774581 20.791715 0.010976323
58833.775149 20.782998 0.01097541
58833.775718 20.788909 0.010976055
58833.776274 20.781038 0.0099999998
58833.776849 20.780057 0.010988778
58833.777425 20.803847 0.010988026
58833.777996 20.782741 0.010979697
58833.778564 20.767326 0.010987755
58833.779126 20.811707 0.010984824
58833.779701 20.783778 0.0099999998
58833.780275 20.78785 0.0099999998
58833.780836 20.815341 0.011940622
58833.781394 20.799769 0.011940704
58833.781959 20.793458 0.0099999998
58833.78252 20.790264 0.0099999998
58833.783078 20.790785 0.010973899
58833.783656 20.776156 0.010978244
58833.784224 20.778012 0.0099999998
58833.784791 20.795306 0.0099999998
58833.785359 20.795004 0.01099182
58833.785923 20.788628 0.01099239
58833.786499 20.783831 0.010989161
58833.787075 20.782068 0.010990407
58833.787657 20.788198 0.010990506
58833.788243 20.794721 0.011982728
58833.788815 20.782933 0.0099999998
58833.789431 20.787514 0.0099999998
58833.789993 20.789417 0.010991424
58833.790558 20.777982 0.010995145
58833.791114 20.791164 0.011982939
58833.791692 20.790897 0.010993478
58833.792254 20.791581 0.010987357
58833.792819 20.779833 0.0099999998
58833.793386 20.793455 0.011980531
58833.793945 20.795093 0.011985897
58833.794517 20.785386 0.010992427
58833.79508 20.784886 0.010992372
58833.795646 20.782754 0.010993172
58833.796225 20.788031 0.011984762
58833.79679 20.792476 0.01099577
58833.797352 20.782531 0.0099999998
58833.797908 20.788146 0.011991334
58833.798484 20.787769 0.01099528
58833.799061 20.786372 0.010994265
58833.799624 20.780874 0.010993659
58833.800185 20.778612 0.01199102
58833.800756 20.775068 0.011983267
58833.801313 20.789553 0.010993022
58833.801876 20.784271 0.010993415
58833.802443 20.781146 0.010988025
58833.803031 20.786664 0.010996012
58833.803608 20.793334 0.010993701
58833.804175 20.781387 0.010996046
58833.804741 20.791795 0.011992935
58833.805316 20.780149 0.010994992
58833.805876 20.782965 0.010993539
58833.806445 20.781835 0.010996879
58833.807016 20.785953 0.0109956
58833.807582 20.783892 0.01099169
58833.80816 20.778959 0.010995492
58833.808724 20.78994 0.0099999998
58833.809281 20.791144 0.011989927
58833.809857 20.774317 0.010995742
58833.810432 20.780755 0.010993515
58833.811002 20.787498 0.010995353
58833.81157 20.777395 0.011993395
58833.812141 20.790664 0.010996083
58833.81271 20.782707 0.010996433
58833.813283 20.786615 0.01099714
58833.81385 20.790507 0.010996603
58833.814425 20.780265 0.010996464
58833.81499 20.788429 0.011994155
58833.815567 20.779158 0.01099596
58833.816133 20.773119 0.010995006
58833.816698 20.795732 0.013973833
58833.817289 20.78323 0.0099999998
58833.817864 20.779363 0.0099999998
58833.818429 20.779026 0.010992505
58833.819011 20.780136 0.010992541
58833.819573 20.787566 0.0099999998
58833.820146 20.805471 0.012981727
58833.82073 20.786103 0.010993247
58833.821295 20.794151 0.010993222
58833.821869 20.791015 0.011989988
58833.822431 20.78611 0.010995972
58833.822986 20.782106 0.01099577
58833.823546 20.792628 0.011985705
58833.824122 20.783359 0.010990995
58833.82469 20.788948 0.010995123
58833.82527 20.800687 0.010996512
58833.825842 20.775587 0.0099999998
58833.826414 20.768518 0.010992175
58833.826987 20.794379 0.011985423
58833.827559 20.78079 0.0099999998
58833.828123 20.783659 0.0099999998
58833.828694 20.781104 0.0099999998
58833.829263 20.786181 0.0099999998
58833.829826 20.78432 0.011980627
58833.830398 20.787839 0.0099999998
58833.830961 20.778293 0.010992683
58833.831526 20.785866 0.010988435
58833.832097 20.792163 0.010994782
58833.83267 20.78102 0.0099999998
58833.833228 20.784546 0.010992717
58833.833798 20.790882 0.0099999998
58833.834371 20.794165 0.010989935
58833.834936 20.792483 0.010994924
58833.83551 20.783528 0.0099999998
58833.836083 20.800627 0.011989941
58833.836648 20.784627 0.0099999998
58833.837231 20.790963 0.010994456
58833.837806 20.773311 0.010986134
58833.83839 20.783443 0.010989422
58833.838952 20.781589 0.010985956
58833.839512 20.780446 0.010993227
58833.840078 20.784227 0.010990132
58833.840638 20.786864 0.0099999998
58833.841214 20.783631 0.010993686
58833.841784 20.783092 0.0099999998
58833.842354 20.789781 0.0099999998
58833.842932 20.787663 0.010993921
58833.8435 20.779422 0.0099999998
58833.844068 20.781738 0.010994778
58833.84464 20.779457 0.010994476
58833.845192 20.777928 0.01199224
58833.845764 20.783165 0.010995836
58833.846315 20.781884 0.011992942
58833.846882 20.782146 0.010996871
58833.847447 20.78073 0.010994196
58833.848017 20.798924 0.011993422
58833.848583 20.78353 0.010994602
58833.849139 20.781923 0.0099999998
58833.849713 20.775477 0.011986383
58833.850286 20.798412 0.010996311
