HJD mag magerr
58833.526351 24.544413 0.094785186
58833.526938 24.556023 0.086623902
58833.527497 24.53357 0.07980037
0.0 0.0 0.0
58833.52864 24.574131 0.054809606
58833.529223 24.718588 0.077636527
58833.529794 24.684849 0.078489741
58833.530369 24.647189 0.058737102
58833.530936 24.511434 0.044833964
58833.531508 24.602225 0.039897874
58833.532068 24.585007 0.035912066
58833.532639 24.608214 0.03686018
58833.533201 24.536594 0.035916447
58833.533765 24.658447 0.038916922
58833.534319 24.591428 0.041793471
58833.534878 24.549632 0.032881101
58833.535457 24.555851 0.033869685
58833.536022 24.598935 0.034870554
58833.536586 24.579396 0.028922659
58833.537148 24.642347 0.030923438
58833.537706 24.579032 0.029873363
58833.538275 24.599748 0.025937032
58833.538843 24.587214 0.026934056
58833.539403 24.620522 0.025926962
58833.539961 24.595412 0.026926584
58833.540691 24.604466 0.023954413
58833.54127 24.606376 0.024917466
58833.541834 24.59685 0.027950215
58833.542384 24.609256 0.028899507
58833.542946 24.579622 0.025931303
58833.543507 24.578517 0.023966061
58833.544071 24.620368 0.023962901
58833.544644 24.615423 0.022962251
58833.545206 24.627049 0.024938997
58833.545767 24.602516 0.022948843
58833.54634 24.609889 0.025925886
58833.546924 24.655141 0.025924496
58833.547488 24.61548 0.025928019
58833.548053 24.617624 0.024927836
58833.548633 24.593584 0.025935892
58833.549203 24.602786 0.021966276
58833.549779 24.606533 0.023951439
58833.550355 24.621271 0.025953176
58833.550911 24.610409 0.023962317
58833.551466 24.583434 0.024930144
58833.552025 24.583303 0.026873281
58833.552609 24.674994 0.027928919
58833.553172 24.613836 0.029911788
58833.553736 24.612704 0.024939988
58833.554298 24.58979 0.022961972
58833.554862 24.605714 0.023952167
58833.55542 24.585644 0.02396983
58833.556007 24.603244 0.024968346
58833.556565 24.643813 0.029971945
58833.557125 24.637296 0.027966925
58833.557676 24.614606 0.028967717
58833.558245 24.611257 0.025956661
58833.558811 24.643921 0.025951453
58833.559373 24.617779 0.026923652
58833.559928 24.629187 0.027890643
58833.560497 24.599081 0.030777743
58833.561052 24.663242 0.027925297
58833.561629 24.65738 0.030900316
58833.562183 24.606697 0.02792759
58833.562742 24.608572 0.02494576
58833.563315 24.567973 0.024930448
58833.563889 24.605025 0.026881264
58833.564461 24.543629 0.028733956
58833.565019 24.641987 0.019960794
58833.565576 24.610688 0.018988057
58833.566153 24.664975 0.021952418
58833.566722 24.579613 0.024937688
58833.56729 24.591615 0.024932383
58833.56785 24.64672 0.025899877
58833.568406 24.67492 0.022954019
58833.568961 24.605492 0.020970698
58833.569533 24.613391 0.020979068
58833.570095 24.619319 0.022970243
58833.57065 24.582255 0.019980944
58833.57121 24.597374 0.020980521
58833.571768 24.595676 0.021962525
58833.572322 24.604559 0.020973916
58833.572898 24.582512 0.021942236
58833.573468 24.589398 0.023923756
58833.574037 24.581169 0.02392231
58833.574593 24.617821 0.023931936
58833.575159 24.587832 0.03073947
58833.575726 24.590073 0.034820064
58833.576286 24.714496 0.027809975
58833.576839 24.617735 0.025846057
58833.577403 24.647275 0.024917853
58833.577964 24.582128 0.022946317
58833.578544 24.591468 0.022948727
58833.579114 24.615202 0.023924099
58833.579688 24.610533 0.023903904
58833.580238 24.554083 0.023916286
58833.58081 24.587673 0.023894972
58833.581375 24.698309 0.028866801
58833.581944 24.629335 0.024892447
58833.582509 24.587676 0.021942921
58833.58308 24.637399 0.025910088
58833.583647 24.639275 0.026889687
58833.584215 24.705407 0.028758985
58833.584762 24.630939 0.024874309
58833.585316 24.659081 0.025880192
58833.585886 24.648113 0.022938736
58833.586442 24.621635 0.023904572
58833.587001 24.625495 0.02293567
58833.587566 24.604282 0.031839541
58833.58814 24.651481 0.031879058
58833.588711 24.642225 0.022944124
58833.589285 24.6663 0.020951387
58833.589857 24.634776 0.022917387
58833.590423 24.628026 0.029770179
58833.590994 24.573898 0.028879402
58833.591559 24.620846 0.041603214
58833.592112 24.680255 0.039711545
58833.592665 24.587613 0.035780156
58833.593224 24.606924 0.039822446
58833.593796 24.581269 0.04377882
58833.594369 24.582141 0.048233092
58833.59492 24.527421 0.038545847
58833.595528 24.618873 0.029842103
58833.596082 24.604048 0.032810751
58833.596665 24.593283 0.034814847
58833.597231 24.647616 0.031852589
58833.597797 24.578698 0.026899039
58833.59838 24.622167 0.024927271
58833.598947 24.579146 0.02492537
58833.599512 24.590322 0.025912842
58833.60009 24.611638 0.026918139
58833.600655 24.612846 0.027939692
58833.601221 24.598153 0.02590601
58833.601788 24.621622 0.028928993
58833.602358 24.611246 0.023924223
58833.602926 24.616336 0.027914186
58833.60349 24.604081 0.035747543
58833.604047 24.60655 0.024918279
58833.604615 24.608177 0.029858887
58833.605171 24.604067 0.029879799
58833.605736 24.553439 0.029864822
58833.606292 24.610837 0.032877831
58833.606846 24.582868 0.028846226
58833.607409 24.631755 0.031872414
58833.607972 24.606629 0.031869579
58833.608554 24.680316 0.03684513
58833.609122 24.648265 0.030916975
58833.609691 24.551434 0.03175851
58833.61027 24.664722 0.029869663
58833.610843 24.615689 0.027886584
58833.611415 24.633209 0.026854913
58833.611993 24.577495 0.027835567
58833.612577 24.656919 0.025822598
58833.613137 24.662336 0.028850885
58833.613696 24.623912 0.027788849
58833.614278 24.584749 0.023861994
58833.614853 24.608479 0.027806842
58833.615407 24.650542 0.028811724
58833.615983 24.610712 0.027855984
58833.616534 24.615973 0.025894871
58833.617093 24.674453 0.034872917
58833.617655 24.599151 0.028914622
58833.618216 24.601189 0.028871132
58833.618781 24.603721 0.027944879
58833.619336 24.578076 0.027916128
58833.619908 24.620399 0.028890769
58833.620489 24.55498 0.024910843
58833.621073 24.641748 0.024939636
58833.621643 24.607223 0.027894938
58833.622212 24.666733 0.0279063
58833.622786 24.644695 0.030869625
58833.623339 24.595199 0.029887584
58833.623898 24.563894 0.026903607
58833.624467 24.640332 0.027925312
58833.625042 24.614523 0.026915927
58833.625625 24.602359 0.025918381
58833.626195 24.597655 0.024947107
58833.626758 24.643648 0.025922217
58833.627345 24.582658 0.023947615
58833.627901 24.61956 0.025948339
58833.628481 24.609433 0.02594916
58833.629058 24.619792 0.024945628
58833.629625 24.605997 0.023966025
58833.630194 24.628022 0.024964291
58833.630754 24.6163 0.024957818
58833.631339 24.579166 0.02883145
58833.631919 24.616773 0.032743674
58833.632476 24.562917 0.02985267
58833.633035 24.65481 0.030861718
58833.633609 24.614254 0.027883436
58833.634176 24.596526 0.038894203
58833.63477 24.580078 0.026905785
58833.63533 24.606738 0.025952114
58833.635896 24.627621 0.028913336
58833.636454 24.642252 0.024956399
58833.637031 24.611913 0.027914666
58833.637603 24.623825 0.027932729
58833.638178 24.604131 0.025932157
58833.638751 24.63311 0.025951133
58833.639317 24.61546 0.026942715
58833.639885 24.583591 0.024950406
58833.640451 24.601695 0.021978788
58833.641017 24.597301 0.02496919
58833.641587 24.593955 0.026952118
58833.642165 24.665137 0.026951975
58833.642733 24.615194 0.024954882
58833.643298 24.633374 0.027963995
58833.643881 24.603632 0.023962632
58833.644463 24.587079 0.023973595
58833.645038 24.636726 0.026956332
58833.645621 24.594893 0.025952052
58833.646196 24.602711 0.026924386
58833.646775 24.594866 0.025955335
58833.647352 24.612678 0.026955369
58833.647947 24.609105 0.031921334
58833.648518 24.570148 0.026972406
58833.649091 24.621846 0.025958139
58833.649661 24.612843 0.025954475
58833.650234 24.599837 0.02796332
58833.650812 24.599924 0.025970287
58833.651385 24.607243 0.025954059
58833.651942 24.597908 0.02695098
58833.652501 24.639518 0.027951655
58833.653051 24.585675 0.026972882
58833.653627 24.637886 0.027957302
58833.654196 24.565464 0.023965673
58833.654761 24.628654 0.026958466
58833.655332 24.617154 0.025970456
58833.655903 24.576449 0.020979832
58833.656459 24.60663 0.0229778
58833.657018 24.639707 0.024975767
58833.657575 24.56981 0.02597811
58833.658134 24.593983 0.027956323
58833.658729 24.63893 0.024967929
58833.659291 24.585441 0.023971153
58833.659866 24.608451 0.024976503
58833.660428 24.626471 0.026953502
58833.660996 24.599839 0.025967399
58833.661568 24.631395 0.027962048
58833.662129 24.582622 0.02893873
58833.662686 24.621109 0.033922148
58833.663254 24.616362 0.024971527
58833.663845 24.631235 0.030932668
58833.664399 24.532591 0.02695532
58833.664959 24.598526 0.031955598
58833.66553 24.596945 0.030966098
58833.666087 24.633956 0.027978481
58833.666661 24.602842 0.023981401
58833.66724 24.596308 0.023979749
58833.667808 24.581775 0.026972779
58833.668374 24.582521 0.028977469
58833.66894 24.619991 0.02697436
58833.669515 24.624546 0.026977322
58833.670105 24.605165 0.029966348
58833.670664 24.596635 0.030946058
58833.671231 24.607869 0.031949923
58833.671792 24.610844 0.02994775
58833.672357 24.563401 0.02894502
58833.672921 24.595203 0.030955477
58833.6735 24.605312 0.031966327
58833.674063 24.605546 0.02796905
58833.674632 24.606169 0.031942023
58833.675223 24.582542 0.032911709
58833.67579 24.631215 0.034932401
58833.67635 24.564389 0.033917669
58833.676916 24.636738 0.031947504
58833.677484 24.620169 0.036930593
58833.678056 24.654281 0.035927879
58833.678616 24.576548 0.037818521
58833.679182 24.60665 0.035878182
58833.679761 24.573567 0.041839572
58833.680323 24.577766 0.049636085
58833.680894 24.612445 0.043743994
58833.681455 24.617141 0.046830223
58833.68202 24.635332 0.04475001
58833.682591 24.612354 0.045735649
58833.683157 24.595865 0.041843733
58833.683728 24.626757 0.038854162
58833.68429 24.643046 0.046813299
58833.684864 24.582147 0.037889091
58833.685427 24.615331 0.041887179
58833.686006 24.582352 0.036869358
58833.68663 24.617941 0.036930314
58833.687197 24.587916 0.034928427
58833.687766 24.576791 0.035933653
58833.688335 24.599854 0.034941377
58833.6889 24.649378 0.03792409
58833.689473 24.608881 0.036916242
58833.690035 24.659314 0.03492201
58833.690606 24.607104 0.035935568
58833.691182 24.606303 0.033942913
58833.691769 24.599678 0.034913212
58833.692334 24.611291 0.03790028
58833.692912 24.588324 0.034884929
58833.693482 24.603449 0.032908076
58833.694055 24.649263 0.032917396
58833.694629 24.583445 0.03395035
58833.695214 24.626296 0.037924936
58833.695788 24.614451 0.034921525
58833.696709 24.558622 0.035899826
58833.697282 24.658082 0.047863114
58833.697854 24.551122 0.037904268
58833.698426 24.588803 0.03592194
58833.698997 24.60516 0.040902125
58833.699574 24.574208 0.032945512
58833.700162 24.582694 0.034951702
58833.700738 24.603367 0.037940397
58833.701314 24.59701 0.033949232
58833.701879 24.573078 0.048938007
58833.702433 24.596745 0.042961755
58833.702997 24.543949 0.02996749
58833.703569 24.627926 0.029968734
58833.704138 24.606742 0.030972152
58833.704693 24.637966 0.039961441
58833.705269 24.613203 0.032956938
58833.705842 24.631942 0.034948376
58833.706416 24.603821 0.036937291
58833.706995 24.581502 0.03097329
58833.70756 24.60262 0.043953055
58833.708139 24.604816 0.031958751
58833.708701 24.652114 0.034957671
58833.709269 24.647894 0.037958835
58833.709837 24.603755 0.036929759
58833.710398 24.5824 0.032954012
58833.710961 24.624957 0.036944589
58833.711531 24.591005 0.036934908
58833.712096 24.581269 0.035920457
58833.712678 24.597072 0.030956922
58833.713245 24.6423 0.034918425
58833.713811 24.63423 0.030950418
58833.71438 24.57547 0.028954795
58833.714942 24.552467 0.029945976
58833.715515 24.595338 0.032953341
58833.716099 24.599813 0.032974327
58833.716662 24.58088 0.030964429
58833.717217 24.633326 0.031964351
58833.717786 24.60641 0.032939514
58833.718352 24.578127 0.033932841
58833.718933 24.605238 0.03692771
58833.719515 24.613197 0.033953118
58833.720081 24.588267 0.032921402
58833.720652 24.551775 0.035940951
58833.721229 24.578636 0.030938744
58833.721798 24.623562 0.039931959
58833.722365 24.623008 0.029957573
58833.722938 24.592082 0.029958684
58833.723517 24.550897 0.029955481
58833.724095 24.618339 0.027962688
58833.724659 24.594744 0.034926072
58833.725228 24.578456 0.030942116
58833.725794 24.63266 0.031954123
58833.726369 24.585805 0.035898316
58833.726949 24.612579 0.033896076
58833.727521 24.609252 0.03486939
58833.728085 24.591619 0.032921959
58833.728659 24.608985 0.031947531
58833.729226 24.639915 0.032929453
58833.729803 24.59357 0.027955561
58833.730359 24.596449 0.030953698
58833.730924 24.608559 0.026963219
58833.731502 24.619493 0.032942408
58833.732059 24.611073 0.032911594
58833.732632 24.59652 0.036921973
58833.733194 24.621565 0.032932274
58833.733759 24.581023 0.038849744
58833.734321 24.627173 0.038880485
58833.734879 24.604348 0.040859581
58833.735444 24.638029 0.044814914
58833.736003 24.665754 0.0438826
58833.736571 24.650059 0.052801504
58833.737136 24.636872 0.045863737
58833.737691 24.635829 0.039861521
58833.738267 24.583132 0.043727342
58833.738823 24.598402 0.04085999
58833.739382 24.607681 0.040842305
58833.739948 24.620753 0.046822727
58833.740522 24.627917 0.04279028
58833.741085 24.619518 0.048755683
58833.741647 24.618213 0.038869597
58833.742215 24.661954 0.036891259
58833.742788 24.663124 0.040800162
58833.743365 24.66715 0.041875276
58833.743953 24.554948 0.040864385
58833.744526 24.575177 0.035881755
58833.745093 24.652568 0.031916278
58833.745664 24.630588 0.037899912
58833.746226 24.615699 0.035907905
58833.746789 24.677247 0.033913323
58833.747358 24.615341 0.032933881
58833.747921 24.594081 0.032929995
58833.748478 24.564461 0.029951947
58833.749035 24.555869 0.03295349
58833.749599 24.614297 0.030954843
58833.750168 24.637538 0.033877021
58833.750733 24.627356 0.035880708
58833.751298 24.621754 0.038790744
58833.751854 24.596297 0.03786592
58833.752416 24.584665 0.035890273
58833.752988 24.586973 0.032906494
58833.753539 24.596543 0.035902646
58833.7541 24.615311 0.032921376
58833.754655 24.61509 0.029951348
58833.75523 24.614039 0.030954084
58833.755803 24.586683 0.035945518
58833.756377 24.609925 0.036942963
58833.756948 24.631512 0.034968669
58833.757519 24.597981 0.038954845
58833.758074 24.639562 0.036938465
58833.758639 24.685752 0.043854682
58833.759204 24.529837 0.041908878
58833.759765 24.593252 0.039934219
58833.760341 24.611167 0.03695112
58833.760921 24.574906 0.036942817
58833.761489 24.597661 0.045874447
58833.76205 24.57164 0.036941136
58833.762618 24.588978 0.037921103
58833.763196 24.595655 0.033953092
58833.763771 24.635694 0.033957443
58833.764345 24.618508 0.035956404
58833.764904 24.583378 0.035968109
58833.765469 24.613476 0.03496065
58833.766035 24.609232 0.035956269
58833.766604 24.614201 0.040936591
58833.767179 24.590261 0.03595331
58833.767754 24.586059 0.034963546
58833.768337 24.623754 0.037954073
58833.768906 24.572957 0.03795452
58833.769468 24.627041 0.039945582
58833.770037 24.639786 0.03994943
58833.770609 24.58496 0.038949127
58833.771176 24.607103 0.040895033
58833.77175 24.658626 0.047895748
58833.772312 24.628931 0.049846379
58833.772873 24.572019 0.047827737
58833.773436 24.709799 0.060809217
58833.774013 24.572723 0.05484527
58833.774581 24.560305 0.045874942
58833.775149 24.540299 0.048868488
58833.775718 24.613311 0.048869361
58833.776274 24.5999 0.047898666
58833.776849 24.585306 0.047924187
58833.777425 24.612516 0.048913593
58833.777996 24.63569 0.042876713
58833.778564 24.553248 0.041929091
58833.779126 24.620169 0.042912539
58833.779701 24.617292 0.047871523
58833.780275 24.679461 0.046899976
58833.780836 24.605502 0.05183281
58833.781394 24.567593 0.048871374
58833.781959 24.596262 0.040912143
58833.78252 24.553136 0.041925537
58833.783078 24.681584 0.048866844
58833.783656 24.570483 0.040897051
58833.784224 24.591347 0.045933452
58833.784791 24.600146 0.040902139
58833.785359 24.639372 0.03792668
58833.785923 24.565347 0.032949622
58833.786499 24.559731 0.038932461
58833.787075 24.58967 0.038931585
58833.787657 24.662218 0.042930055
58833.788243 24.581608 0.040939312
58833.788815 24.636263 0.037944406
58833.789431 24.575093 0.035933014
58833.789993 24.63775 0.038940619
58833.790558 24.590826 0.035952865
58833.791114 24.644988 0.037951177
58833.791692 24.61511 0.034971948
58833.792254 24.642774 0.033954768
58833.792819 24.630482 0.031962554
58833.793386 24.606627 0.031952136
58833.793945 24.684945 0.03494323
58833.794517 24.619897 0.033929613
58833.79508 24.612463 0.032965358
58833.795646 24.609228 0.029956118
58833.796225 24.59143 0.028966521
58833.79679 24.576802 0.024972655
58833.797352 24.606652 0.030966212
58833.797908 24.582814 0.028973218
58833.798484 24.626991 0.029973672
58833.799061 24.625286 0.028960821
58833.799624 24.629858 0.030959922
58833.800185 24.621535 0.030971014
58833.800756 24.59436 0.026972541
58833.801313 24.575771 0.029946563
58833.801876 24.58076 0.030957241
58833.802443 24.644383 0.032956067
58833.803031 24.593346 0.033966754
58833.803608 24.570948 0.030958157
58833.804175 24.579772 0.030971457
58833.804741 24.615972 0.032968996
58833.805316 24.627854 0.034962891
58833.805876 24.652923 0.038954583
58833.806445 24.591078 0.031973628
58833.807016 24.621948 0.032966915
58833.807582 24.611713 0.032940679
58833.80816 24.693424 0.032959802
58833.808724 24.597931 0.031957779
58833.809281 24.607185 0.031956562
58833.809857 24.612573 0.033967713
58833.810432 24.619519 0.032966634
58833.811002 24.602848 0.036966514
58833.81157 24.597137 0.033967504
58833.812141 24.616219 0.034965696
58833.81271 24.612093 0.027972009
58833.813283 24.619106 0.028975129
58833.81385 24.588011 0.027973586
58833.814425 24.64957 0.029970872
58833.81499 24.605004 0.029975652
58833.815567 24.611875 0.031968405
58833.816133 24.622927 0.029972034
58833.816698 24.625512 0.034969244
58833.817289 24.58956 0.03196826
58833.817864 24.59513 0.033958968
58833.818429 24.618979 0.033951702
58833.819011 24.606242 0.031949735
58833.819573 24.638917 0.035957653
58833.820146 24.588924 0.030952959
58833.82073 24.627026 0.033956753
58833.821295 24.601197 0.035961512
58833.821869 24.585547 0.033965844
58833.822431 24.617798 0.038956968
58833.822986 24.635094 0.038962186
58833.823546 24.608478 0.039937014
58833.824122 24.652867 0.04195883
58833.82469 24.614553 0.038957304
58833.82527 24.582914 0.042947715
58833.825842 24.57259 0.041953359
58833.826414 24.644266 0.041940752
58833.826987 24.584272 0.037922693
58833.827559 24.580601 0.036945057
58833.828123 24.625986 0.03597126
58833.828694 24.592096 0.031952953
58833.829263 24.610744 0.030960143
58833.829826 24.603156 0.031964977
58833.830398 24.582109 0.033931996
58833.830961 24.576797 0.031955668
58833.831526 24.598932 0.030960123
58833.832097 24.623011 0.033960086
58833.83267 24.61941 0.028961673
58833.833228 24.619434 0.034957719
58833.833798 24.586835 0.031960569
58833.834371 24.625412 0.034938829
58833.834936 24.610959 0.02896272
58833.83551 24.560596 0.030964878
58833.836083 24.628392 0.036952458
58833.836648 24.596843 0.031933264
58833.837231 24.545534 0.029950122
58833.837806 24.634363 0.037934385
58833.83839 24.61904 0.031936884
58833.838952 24.659831 0.041902716
58833.839512 24.622928 0.037942743
58833.840078 24.60782 0.040945443
58833.840638 24.623128 0.036924458
58833.841214 24.644867 0.036945541
58833.841784 24.61851 0.033958893
58833.842354 24.651072 0.034959372
58833.842932 24.595282 0.034948516
58833.8435 24.601364 0.036960009
58833.844068 24.624753 0.036947849
58833.84464 24.632958 0.038922516
58833.845192 24.620599 0.036953293
58833.845764 24.586793 0.035963824
58833.846315 24.563938 0.034971437
58833.846882 24.610167 0.036962304
58833.847447 24.635537 0.044965011
58833.848017 24.623232 0.036965394
58833.848583 24.534616 0.03895492
58833.849139 24.643814 0.043952047
58833.849713 24.610678 0.036953817
58833.850286 24.63813 0.037966513
