HJD mag magerr
58833.526351 23.999579 0.060835391
58833.526938 24.059672 0.061618213
58833.527497 24.085366 0.051822569
58833.528073 24.212065 0.060668539
58833.52864 24.111489 0.037830757
58833.529223 24.123727 0.04967137
58833.529794 24.211053 0.059372209
58833.530369 24.050653 0.03681682
58833.530936 24.097726 0.033837762
58833.531508 24.131385 0.027899676
58833.532068 24.123783 0.025909498
58833.532639 24.104107 0.027903748
58833.533201 24.074004 0.024918853
58833.533765 24.067932 0.027918208
58833.534319 24.176681 0.029793258
58833.534878 24.155493 0.026830979
58833.535457 24.146341 0.028835881
58833.536022 24.062687 0.02291439
58833.536586 24.097326 0.022930047
58833.537148 24.125954 0.020958174
58833.537706 24.119741 0.025885625
58833.538275 24.127477 0.021937143
58833.538843 24.091391 0.019940306
58833.539403 24.115962 0.02093018
58833.539961 24.095642 0.0199475
58833.540691 24.079892 0.019958477
58833.54127 24.078827 0.018939373
58833.541834 24.133881 0.020948705
58833.542384 24.104203 0.01895184
58833.542946 24.131022 0.021934792
58833.543507 24.13865 0.01897057
58833.544071 24.152209 0.018961203
58833.544644 24.124383 0.020927602
58833.545206 24.118984 0.021884816
58833.545767 24.132529 0.019957139
58833.54634 24.085574 0.017969161
58833.546924 24.162352 0.019957203
58833.547488 24.147745 0.019925572
58833.548053 24.181147 0.018948255
58833.548633 24.118465 0.018959393
58833.549203 24.139345 0.017966956
58833.549779 24.119188 0.017963921
58833.550355 24.137883 0.01995366
58833.550911 24.135293 0.01896374
58833.551466 24.109236 0.017950839
58833.552025 24.140787 0.020940262
58833.552609 24.110581 0.019949509
58833.553172 24.101459 0.019945105
58833.553736 24.129689 0.018943323
58833.554298 24.137563 0.019967441
58833.554862 24.168875 0.01996881
58833.55542 24.125647 0.020947288
58833.556007 24.130211 0.018979513
58833.556565 24.135512 0.020983361
58833.557125 24.208067 0.022967086
58833.557676 24.162527 0.023966047
58833.558245 24.155656 0.020957335
58833.558811 24.163855 0.020952502
58833.559373 24.122197 0.018949675
58833.559928 24.171417 0.020913608
58833.560497 24.222803 0.024823653
58833.561052 24.194737 0.020944748
58833.561629 24.027304 0.019902534
58833.562183 24.172393 0.021932011
58833.562742 24.207163 0.019952373
58833.563315 24.196212 0.021956862
58833.563889 24.206822 0.02190423
58833.564461 24.190791 0.023791942
58833.565019 24.241993 0.019900636
58833.565576 24.156688 0.014992732
58833.566153 24.246929 0.017949975
58833.566722 24.149056 0.017961129
58833.56729 24.178473 0.019953614
58833.56785 24.134405 0.018940686
58833.568406 24.169299 0.020967079
58833.568961 24.223194 0.015978868
58833.569533 24.196646 0.014989737
58833.570095 24.157774 0.017978169
58833.57065 24.167981 0.016982912
58833.57121 24.210703 0.016978392
58833.571768 24.172769 0.017971882
58833.572322 24.159759 0.01797521
58833.572898 24.229586 0.018960517
58833.573468 24.209952 0.02091357
58833.574037 24.192027 0.020925513
58833.574593 24.219511 0.020913423
58833.575159 24.336105 0.02572849
58833.575726 24.233922 0.020880472
58833.576286 24.250139 0.021833788
58833.576839 24.286008 0.021898466
58833.577403 24.208562 0.020936047
58833.577964 24.196522 0.020945134
58833.578544 24.188463 0.019947507
58833.579114 24.192127 0.020877629
58833.579688 24.211237 0.019930416
58833.580238 24.207803 0.020914352
58833.58081 24.2524 0.020893029
58833.581375 24.183763 0.019900577
58833.581944 24.166895 0.01892425
58833.582509 24.219985 0.020944523
58833.58308 24.173169 0.020917088
58833.583647 24.195889 0.019917593
58833.584215 24.16994 0.021851133
58833.584762 24.249916 0.018928727
58833.585316 24.167397 0.021828515
58833.585886 24.257304 0.018953367
58833.586442 24.241466 0.020915438
58833.587001 24.21838 0.019942329
58833.587566 24.253849 0.026796259
58833.58814 24.305627 0.02386037
58833.588711 24.208335 0.016979113
58833.589285 24.231571 0.014976963
58833.589857 24.337813 0.020860803
58833.590423 24.209198 0.022858914
58833.590994 24.253843 0.024853937
58833.591559 24.401919 0.032758275
58833.592112 24.198931 0.026750386
58833.592665 24.236813 0.029735278
58833.593224 24.308634 0.033641149
58833.593796 24.166511 0.030766015
58833.594369 24.107931 0.029646296
58833.59492 24.228419 0.032735062
58833.595528 24.210519 0.026801607
58833.596082 24.243668 0.026854117
58833.596665 24.13927 0.024881493
58833.597231 24.197517 0.023858644
58833.597797 24.168366 0.022905642
58833.59838 24.188566 0.020936553
58833.598947 24.122174 0.017962547
58833.599512 24.151186 0.020928409
58833.60009 24.105451 0.019941598
58833.600655 24.115997 0.020955443
58833.601221 24.119732 0.01894328
58833.601788 24.155804 0.020944997
58833.602358 24.120144 0.01994332
58833.602926 24.057698 0.020944846
58833.60349 24.023195 0.023836417
58833.604047 24.102066 0.019943459
58833.604615 24.071938 0.021906926
58833.605171 24.038529 0.021901005
58833.605736 24.054767 0.021909714
58833.606292 24.058438 0.022905044
58833.606846 24.053152 0.020882991
58833.607409 24.033152 0.02383675
58833.607972 24.009275 0.02387892
58833.608554 23.995297 0.023901395
58833.609122 24.042922 0.0238939
58833.609691 23.972174 0.021866494
58833.61027 24.008568 0.020899955
58833.610843 24.002641 0.019866117
58833.611415 23.985296 0.018887474
58833.611993 24.049694 0.020875128
58833.612577 24.007849 0.018873372
58833.613137 24.10724 0.019870267
58833.613696 24.045366 0.017878325
58833.614278 24.017638 0.018878086
58833.614853 24.060251 0.020844256
58833.615407 23.947886 0.017910565
58833.615983 23.959848 0.019893934
58833.616534 23.994819 0.019913297
58833.617093 23.935194 0.020899754
58833.617655 23.956878 0.018937097
58833.618216 23.930449 0.019923845
58833.618781 23.933264 0.019943764
58833.619336 23.923995 0.019940276
58833.619908 23.93706 0.020923635
58833.620489 23.921802 0.017935718
58833.621073 23.915187 0.016957802
58833.621643 23.887633 0.019867527
58833.622212 23.906991 0.018925003
58833.622786 23.937239 0.02189156
58833.623339 23.947262 0.020864554
58833.623898 23.944017 0.020860747
58833.624467 23.950907 0.019939635
58833.625042 23.945613 0.019927503
58833.625625 23.947754 0.018944188
58833.626195 23.945791 0.018958314
58833.626758 23.926027 0.018957803
58833.627345 23.987068 0.018953865
58833.627901 23.928504 0.016965895
58833.628481 23.945438 0.018939066
58833.629058 23.974449 0.017959066
58833.629625 23.947613 0.017939258
58833.630194 23.966906 0.016965741
58833.630754 23.950958 0.017969441
58833.631339 23.986342 0.018902059
58833.631919 24.010157 0.02284649
58833.632476 24.00347 0.023834646
58833.633035 24.016645 0.019869396
58833.633609 24.087935 0.022846842
58833.634176 24.002793 0.02294166
58833.63477 24.000838 0.01991902
58833.63533 24.02033 0.019916705
58833.635896 23.988913 0.018933441
58833.636454 24.029987 0.017969452
58833.637031 23.977354 0.019938981
58833.637603 23.976548 0.020916046
58833.638178 23.98565 0.019914928
58833.638751 24.015179 0.020938114
58833.639317 23.987558 0.018960637
58833.639885 24.00446 0.019943792
58833.640451 23.989925 0.018961303
58833.641017 24.00934 0.015981651
58833.641587 24.011242 0.017974761
58833.642165 24.018247 0.018969831
58833.642733 24.033882 0.017967433
58833.643298 24.047876 0.022934722
58833.643881 24.010762 0.019950817
58833.644463 24.038011 0.017972005
58833.645038 24.025342 0.018967431
58833.645621 24.024062 0.019943558
58833.646196 24.01986 0.019945886
58833.646775 24.060917 0.020943583
58833.647352 24.055427 0.02094765
58833.647947 24.024171 0.018964309
58833.648518 24.035045 0.01897356
58833.649091 24.043404 0.020952665
58833.649661 24.059806 0.020948033
58833.650234 24.019398 0.019971539
58833.650812 24.060618 0.019955398
58833.651385 24.060763 0.020944931
58833.651942 24.078825 0.020944062
58833.652501 24.098898 0.021965662
58833.653051 24.0632 0.020970706
58833.653627 24.063723 0.018968985
58833.654196 24.072702 0.020942722
58833.654761 24.043974 0.018971632
58833.655332 24.051566 0.018969069
58833.655903 24.071564 0.020972738
58833.656459 24.084118 0.018974993
58833.657018 24.070499 0.019977432
58833.657575 24.102315 0.020956196
58833.658134 24.108814 0.02194802
58833.658729 24.089307 0.0219457
58833.659291 24.101894 0.018973597
58833.659866 24.104167 0.019974641
58833.660428 24.133144 0.019945269
58833.660996 24.096435 0.020970602
58833.661568 24.075486 0.019964408
58833.662129 24.109684 0.021950581
58833.662686 24.134263 0.023909476
58833.663254 24.093546 0.020953383
58833.663845 24.088781 0.021960603
58833.664399 24.129424 0.022962709
58833.664959 24.08674 0.020978129
58833.66553 24.117305 0.019976262
58833.666087 24.129501 0.020975646
58833.666661 24.117802 0.020978501
58833.66724 24.118063 0.019972029
58833.667808 24.11377 0.021976752
58833.668374 24.131917 0.021977197
58833.66894 24.1425 0.02097653
58833.669515 24.127583 0.020972504
58833.670105 24.129815 0.02296495
58833.670664 24.111607 0.021963802
58833.671231 24.11424 0.022953145
58833.671792 24.106074 0.021951233
58833.672357 24.107815 0.023960377
58833.672921 24.104484 0.022958918
58833.6735 24.117174 0.025966894
58833.674063 24.112476 0.023957959
58833.674632 24.144372 0.024933259
58833.675223 24.166837 0.024904397
58833.67579 24.100447 0.022953337
58833.67635 24.152978 0.026933883
58833.676916 24.133343 0.025933805
58833.677484 24.116001 0.026946718
58833.678056 24.148082 0.024937328
58833.678616 24.12054 0.028858281
58833.679182 24.173472 0.032840065
58833.679761 24.12074 0.033802654
58833.680323 24.174349 0.038700847
58833.680894 24.172608 0.034772467
58833.681455 24.14717 0.032791483
58833.68202 24.087498 0.029856786
58833.682591 24.152166 0.034712709
58833.683157 24.187554 0.030869293
58833.683728 24.163425 0.029803231
58833.68429 24.122216 0.031800401
58833.684864 24.157821 0.028915656
58833.685427 24.161771 0.030873314
58833.686006 24.139515 0.027898385
58833.68663 24.1509 0.025944573
58833.687197 24.101211 0.026953846
58833.687766 24.120005 0.026954922
58833.688335 24.171384 0.025931708
58833.6889 24.081606 0.027949484
58833.689473 24.16417 0.027911001
58833.690035 24.18612 0.026912682
58833.690606 24.165072 0.026918862
58833.691182 24.180008 0.025949877
58833.691769 24.162526 0.02690015
58833.692334 24.159754 0.02782724
58833.692912 24.174723 0.026869136
58833.693482 24.189051 0.02493282
58833.694055 24.176427 0.025905766
58833.694629 24.143453 0.02395198
58833.695214 24.18262 0.027944837
58833.695788 24.202516 0.025943534
58833.696709 24.192676 0.028876357
58833.697282 24.193371 0.03585069
58833.697854 24.143779 0.026885233
58833.698426 24.174161 0.026953096
58833.698997 24.206492 0.034912837
58833.699574 24.182358 0.025947115
58833.700162 24.140011 0.02595801
58833.700738 24.144013 0.028911939
58833.701314 24.194434 0.027956243
58833.701879 24.135888 0.032948167
58833.702433 24.146525 0.029945989
58833.702997 24.184761 0.025973499
58833.703569 24.177311 0.026967552
58833.704138 24.146994 0.025975036
58833.704693 24.189829 0.02896679
58833.705269 24.161554 0.025947526
58833.705842 24.169707 0.027953389
58833.706416 24.177771 0.030932598
58833.706995 24.164537 0.02596666
58833.70756 24.156553 0.025968747
58833.708139 24.150281 0.023964943
58833.708701 24.175253 0.027936444
58833.709269 24.185262 0.026956564
58833.709837 24.151132 0.02596655
58833.710398 24.166189 0.024957989
58833.710961 24.173583 0.027954252
58833.711531 24.201549 0.028935796
58833.712096 24.133797 0.025952968
58833.712678 24.211537 0.026918557
58833.713245 24.182183 0.027912355
58833.713811 24.172931 0.025933962
58833.71438 24.163728 0.026929963
58833.714942 24.178759 0.025936644
58833.715515 24.18001 0.022962224
58833.716099 24.17777 0.024968769
58833.716662 24.159719 0.025973746
58833.717217 24.131535 0.023944949
58833.717786 24.124176 0.020973138
58833.718352 24.122353 0.023965673
58833.718933 24.134696 0.024951559
58833.719515 24.170032 0.027938426
58833.720081 24.152309 0.026881349
58833.720652 24.11206 0.024961193
58833.721229 24.127078 0.025946859
58833.721798 24.140218 0.026929274
58833.722365 24.125882 0.022939296
58833.722938 24.199736 0.025959904
58833.723517 24.112312 0.022954008
58833.724095 24.176355 0.024947217
58833.724659 24.193157 0.023952792
58833.725228 24.159261 0.023934698
58833.725794 24.13035 0.024935677
58833.726369 24.16754 0.027904987
58833.726949 24.142949 0.02492054
58833.727521 24.145323 0.026891477
58833.728085 24.171068 0.023909935
58833.728659 24.106253 0.022944209
58833.729226 24.153156 0.022951946
58833.729803 24.140932 0.02591604
58833.730359 24.11961 0.023955126
58833.730924 24.172051 0.021964353
58833.731502 24.162903 0.024947331
58833.732059 24.163137 0.027889489
58833.732632 24.148074 0.027918834
58833.733194 24.178334 0.028914692
58833.733759 24.114351 0.02882842
58833.734321 24.134555 0.028855997
58833.734879 24.114985 0.031875091
58833.735444 24.111745 0.030847597
58833.736003 24.149297 0.030870379
58833.736571 24.149654 0.033772321
58833.737136 24.147872 0.030792291
58833.737691 24.10892 0.028894131
58833.738267 24.077638 0.032762544
58833.738823 24.096735 0.026878914
58833.739382 24.115631 0.027864191
58833.739948 24.122361 0.027847659
58833.740522 24.038019 0.025878692
58833.741085 24.15406 0.035752262
58833.741647 24.175159 0.030876698
58833.742215 24.141037 0.027853364
58833.742788 24.1285 0.029810415
58833.743365 24.133797 0.028886423
58833.743953 24.134881 0.02888876
58833.744526 24.137663 0.027901331
58833.745093 24.078646 0.024901359
58833.745664 24.054823 0.025917797
58833.746226 24.122051 0.025926496
58833.746789 24.084611 0.023940098
58833.747358 24.095453 0.024921195
58833.747921 24.099473 0.02590731
58833.748478 24.089037 0.020954616
58833.749035 24.108361 0.023961142
58833.749599 24.07844 0.022955929
58833.750168 24.099827 0.024863027
58833.750733 24.124472 0.026850418
58833.751298 24.133484 0.028830164
58833.751854 24.084215 0.028822353
58833.752416 24.081044 0.02687099
58833.752988 24.092543 0.027878785
58833.753539 24.056184 0.023922821
58833.7541 24.077004 0.024898992
58833.754655 24.075009 0.023925983
58833.75523 24.090626 0.023967917
58833.755803 24.105412 0.02694337
58833.756377 24.067649 0.024910851
58833.756948 24.084318 0.020971709
58833.757519 24.108236 0.02597153
58833.758074 24.091908 0.02496943
58833.758639 24.088674 0.028920405
58833.759204 24.05283 0.027923266
58833.759765 24.058159 0.025957568
58833.760341 24.100335 0.025957886
58833.760921 24.098147 0.02695941
58833.761489 24.075785 0.030911791
58833.76205 24.062966 0.025948202
58833.762618 24.085982 0.027942223
58833.763196 24.064504 0.023932808
58833.763771 24.076141 0.027938741
58833.764345 24.053002 0.024969536
58833.764904 24.100136 0.027961003
58833.765469 24.099372 0.026942476
58833.766035 24.07438 0.0289598
58833.766604 24.086428 0.027951903
58833.767179 24.081094 0.024968844
58833.767754 24.077771 0.024969228
58833.768337 24.083407 0.024958958
58833.768906 24.101544 0.026965485
58833.769468 24.071124 0.026957177
58833.770037 24.109141 0.030914382
58833.770609 24.11305 0.028945579
58833.771176 24.097315 0.031891205
58833.77175 24.091845 0.03189372
58833.772312 24.131593 0.03288311
58833.772873 24.080485 0.035849326
58833.773436 24.094507 0.037869797
58833.774013 24.072628 0.037777394
58833.774581 24.129008 0.036844628
58833.775149 24.136826 0.039834606
58833.775718 24.081498 0.032892565
58833.776274 24.085866 0.030890447
58833.776849 24.084962 0.030923826
58833.777425 24.156626 0.035913801
58833.777996 24.097352 0.030896383
58833.778564 24.109145 0.030918666
58833.779126 24.08982 0.032889948
58833.779701 24.127008 0.034805255
58833.780275 24.126103 0.03190028
58833.780836 24.123611 0.033859777
58833.781394 24.074975 0.032870303
58833.781959 24.053889 0.026925454
58833.78252 24.132356 0.028800377
58833.783078 24.153935 0.034885734
58833.783656 24.144233 0.030904749
58833.784224 24.091138 0.028924855
58833.784791 24.12276 0.032941701
58833.785359 24.07273 0.025923086
58833.785923 24.119173 0.026914661
58833.786499 24.08516 0.027941861
58833.787075 24.115539 0.030941985
58833.787657 24.081813 0.025946763
58833.788243 24.125486 0.028941125
58833.788815 24.144974 0.028962209
58833.789431 24.11675 0.023966988
58833.789993 24.106939 0.02396007
58833.790558 24.132843 0.024965664
58833.791114 24.110698 0.026957604
58833.791692 24.131561 0.025972436
58833.792254 24.099557 0.024968592
58833.792819 24.10294 0.025954163
58833.793386 24.10882 0.021968002
58833.793945 24.113309 0.025942771
58833.794517 24.120712 0.023967889
58833.79508 24.097776 0.021954673
58833.795646 24.107118 0.021970303
58833.796225 24.090592 0.02097822
58833.79679 24.111118 0.023980239
58833.797352 24.080751 0.025952803
58833.797908 24.117995 0.022977935
58833.798484 24.10355 0.023976879
58833.799061 24.110854 0.022973548
58833.799624 24.151061 0.024961337
58833.800185 24.106456 0.023940229
58833.800756 24.105255 0.022973061
58833.801313 24.11362 0.022974275
58833.801876 24.105212 0.023968194
58833.802443 24.095116 0.023966701
58833.803031 24.098087 0.023972612
58833.803608 24.124057 0.023968894
58833.804175 24.087641 0.023981164
58833.804741 24.098188 0.022980181
58833.805316 24.089689 0.02497641
58833.805876 24.10475 0.024971632
58833.806445 24.086466 0.021983422
58833.807016 24.08227 0.02497145
58833.807582 24.12424 0.025969011
58833.80816 24.113749 0.027950373
58833.808724 24.125854 0.02597221
58833.809281 24.121588 0.023971418
58833.809857 24.114182 0.023970857
58833.810432 24.16085 0.025968552
58833.811002 24.151919 0.02497222
58833.81157 24.115467 0.024979226
58833.812141 24.126088 0.02498157
58833.81271 24.131735 0.022981897
58833.813283 24.169408 0.026973063
58833.81385 24.159676 0.021982997
58833.814425 24.08996 0.022982438
58833.81499 24.105718 0.022982702
58833.815567 24.091567 0.020984755
58833.816133 24.114808 0.024957284
58833.816698 24.162161 0.028968157
58833.817289 24.129692 0.02296213
58833.817864 24.159435 0.023959341
58833.818429 24.185905 0.02694858
58833.819011 24.124519 0.023964323
58833.819573 24.155092 0.027946909
58833.820146 24.1304 0.022968723
58833.82073 24.144774 0.023970765
58833.821295 24.148952 0.024966766
58833.821869 24.171908 0.029957682
58833.822431 24.104426 0.026963797
58833.822986 24.131454 0.02797505
58833.823546 24.113612 0.027956645
58833.824122 24.114029 0.02596556
58833.82469 24.142045 0.029954406
58833.82527 24.155337 0.031965532
58833.825842 24.079096 0.02796944
58833.826414 24.142313 0.029945163
58833.826987 24.165058 0.026965919
58833.827559 24.113674 0.023964091
58833.828123 24.138159 0.024973204
58833.828694 24.140611 0.024953817
58833.829263 24.156389 0.027916442
58833.829826 24.146698 0.023974219
58833.830398 24.132589 0.024957053
58833.830961 24.135766 0.027950654
58833.831526 24.132015 0.022972644
58833.832097 24.125331 0.023974682
58833.83267 24.140144 0.023959007
58833.833228 24.099624 0.024972326
58833.833798 24.128896 0.022925274
58833.834371 24.15221 0.025950432
58833.834936 24.135459 0.022966587
58833.83551 24.12534 0.0249632
58833.836083 24.131922 0.022962193
58833.836648 24.133337 0.025962043
58833.837231 24.151542 0.025947544
58833.837806 24.11623 0.025932494
58833.83839 24.125738 0.025931748
58833.838952 24.125402 0.028916383
58833.839512 24.096885 0.026962283
58833.840078 24.121156 0.030932187
58833.840638 24.114627 0.025964716
58833.841214 24.084514 0.025969504
58833.841784 24.105501 0.023965463
58833.842354 24.092209 0.024963734
58833.842932 24.137149 0.026965234
58833.8435 24.121671 0.026965147
58833.844068 24.091358 0.023974557
58833.84464 24.073234 0.025964697
58833.845192 24.119758 0.027970502
58833.845764 24.112457 0.023977843
58833.846315 24.073109 0.025971946
58833.846882 24.142857 0.026975488
58833.847447 24.154765 0.028972886
58833.848017 24.116379 0.030972912
58833.848583 24.104072 0.031970755
58833.849139 24.139292 0.03196122
58833.849713 24.169114 0.029968699
58833.850286 24.095757 0.028973739
