HJD mag magerr
58833.526351 24.954489 0.13677043
58833.526938 24.789207 0.10866387
58833.527497 24.78523 0.093864763
58833.528073 24.879472 0.10670019
58833.52864 24.86827 0.072826687
58833.529223 24.845739 0.1014421
58833.529794 24.750112 0.091468764
58833.530369 24.988505 0.080707946
58833.530936 24.844492 0.05983316
58833.531508 24.83432 0.047879231
58833.532068 24.865001 0.045901839
58833.532639 24.82611 0.047820032
58833.533201 24.850561 0.039912772
58833.533765 24.837687 0.043931022
58833.534319 24.794526 0.046760726
58833.534878 24.699777 0.038755543
58833.535457 24.895765 0.046820245
58833.536022 24.8677 0.037928744
58833.536586 24.873785 0.035937134
58833.537148 24.820221 0.032943631
58833.537706 24.806967 0.037873919
58833.538275 24.825119 0.03592221
58833.538843 24.843763 0.032943398
58833.539403 24.781663 0.029920484
58833.539961 24.823071 0.029891627
58833.540691 24.838915 0.028949478
58833.54127 24.824729 0.026946123
58833.541834 24.795952 0.028956497
58833.542384 24.835636 0.029958525
58833.542946 24.780018 0.029929824
58833.543507 24.813296 0.027964115
58833.544071 24.799947 0.024969054
58833.544644 24.853373 0.026945415
58833.545206 24.815018 0.028942987
58833.545767 24.875406 0.026965287
58833.54634 24.842886 0.024970713
58833.546924 24.837714 0.027943403
58833.547488 24.881653 0.029917863
58833.548053 24.724816 0.026933696
58833.548633 24.827527 0.02696324
58833.549203 24.855299 0.026958685
58833.549779 24.853263 0.027965607
58833.550355 24.854957 0.029959459
58833.550911 24.825122 0.027952438
58833.551466 24.83665 0.026935281
58833.552025 24.820451 0.028926579
58833.552609 24.844989 0.031918736
58833.553172 24.850259 0.029935135
58833.553736 24.796393 0.027932999
58833.554298 24.870329 0.026970502
58833.554862 24.831813 0.026971764
58833.55542 24.835912 0.028970964
58833.556007 24.87937 0.027982266
58833.556565 24.91788 0.029979151
58833.557125 24.798251 0.028970886
58833.557676 24.818954 0.03197654
58833.558245 24.803038 0.027959499
58833.558811 24.81355 0.028960122
58833.559373 24.858803 0.031910779
58833.559928 24.938602 0.033838931
58833.560497 24.881512 0.03772724
58833.561052 24.795115 0.029909835
58833.561629 24.988838 0.035861084
58833.562183 24.854727 0.030919634
58833.562742 24.818142 0.026943709
58833.563315 24.788334 0.026955761
58833.563889 24.85891 0.032860819
58833.564461 24.835725 0.034749198
58833.565019 24.831976 0.023947704
58833.565576 24.821341 0.024984553
58833.566153 24.86661 0.029914815
58833.566722 24.818842 0.025925719
58833.56729 24.910545 0.026948801
58833.56785 24.947596 0.031921027
58833.568406 24.850642 0.023971059
58833.568961 24.837348 0.023973635
58833.569533 24.846225 0.02297181
58833.570095 24.843159 0.022978737
58833.57065 24.857266 0.021987296
58833.57121 24.845179 0.023972025
58833.571768 24.816344 0.022964276
58833.572322 24.846561 0.020977992
58833.572898 24.819522 0.0229597
58833.573468 24.831771 0.027905064
58833.574037 24.872433 0.031906785
58833.574593 24.820669 0.026927484
58833.575159 24.848179 0.039562082
58833.575726 24.896274 0.030855237
58833.576286 24.887143 0.029894351
58833.576839 24.839311 0.029888773
58833.577403 24.861995 0.026934049
58833.577964 24.790519 0.023939099
58833.578544 24.867247 0.025950817
58833.579114 24.841853 0.027907455
58833.579688 24.827445 0.028915951
58833.580238 24.810017 0.02889173
58833.58081 24.843798 0.029877756
58833.581375 25.017753 0.033845337
58833.581944 24.814786 0.024933529
58833.582509 24.857307 0.02395517
58833.58308 24.815239 0.028909593
58833.583647 24.802919 0.030837364
58833.584215 24.906345 0.035805426
58833.584762 24.830395 0.0278856
58833.585316 24.743984 0.028854121
58833.585886 24.853105 0.023942636
58833.586442 24.862204 0.028904459
58833.587001 24.822054 0.027845538
58833.587566 24.899505 0.036832348
58833.58814 24.808972 0.031816786
58833.588711 24.862203 0.018988044
58833.589285 24.856488 0.022945603
58833.589857 24.698792 0.030726638
58833.590423 24.956907 0.040681925
58833.590994 24.777846 0.035818251
58833.591559 24.92654 0.049745061
58833.592112 24.86547 0.042705894
58833.592665 24.820567 0.043718591
58833.593224 24.790883 0.047655988
58833.593796 24.897478 0.055790416
58833.594369 25.033078 0.063470142
58833.59492 24.810824 0.050683434
58833.595528 24.846706 0.0417546
58833.596082 24.89226 0.03886104
58833.596665 24.840425 0.039865406
58833.597231 24.869439 0.037845422
58833.597797 24.784798 0.030900986
58833.59838 24.801062 0.028919019
58833.598947 24.82474 0.027935538
58833.599512 24.883077 0.030912367
58833.60009 24.76235 0.027940781
58833.600655 24.868945 0.029946387
58833.601221 24.866432 0.027948623
58833.601788 24.760525 0.029913192
58833.602358 24.901081 0.028928978
58833.602926 24.850828 0.032928746
58833.60349 24.83519 0.03880311
58833.604047 24.850873 0.029931522
58833.604615 24.812801 0.030888773
58833.605171 24.916245 0.041867064
58833.605736 24.802308 0.034885543
58833.606292 24.84902 0.035872562
58833.606846 24.789068 0.034861152
58833.607409 24.814683 0.035873875
58833.607972 24.782964 0.036840981
58833.608554 24.868984 0.039846861
58833.609122 24.739663 0.03287557
58833.609691 24.865217 0.037858433
58833.61027 24.8292 0.031892993
58833.610843 24.830919 0.030888899
58833.611415 24.833683 0.030791374
58833.611993 24.91969 0.032861726
58833.612577 24.880579 0.031847578
58833.613137 24.883159 0.034826445
58833.613696 24.918435 0.03476767
58833.614278 24.868595 0.032849211
58833.614853 24.867338 0.032816324
58833.615407 24.883421 0.034771314
58833.615983 24.834278 0.032866496
58833.616534 24.779843 0.028822734
58833.617093 24.85614 0.038877713
58833.617655 24.822713 0.030914133
58833.618216 24.848182 0.031908027
58833.618781 24.776567 0.028949687
58833.619336 24.854893 0.031921489
58833.619908 24.784203 0.033909716
58833.620489 24.856049 0.029922328
58833.621073 24.803546 0.029918145
58833.621643 24.815521 0.035839702
58833.622212 24.829165 0.031914953
58833.622786 24.82937 0.038805375
58833.623339 24.864404 0.034894672
58833.623898 24.868848 0.032910334
58833.624467 24.819956 0.030928502
58833.625042 24.835078 0.03291428
58833.625625 24.874607 0.029946942
58833.626195 24.847583 0.028943222
58833.626758 24.774493 0.026928127
58833.627345 24.835432 0.027953483
58833.627901 24.848015 0.027967575
58833.628481 24.82222 0.027951267
58833.629058 24.798718 0.026963985
58833.629625 24.788273 0.028955841
58833.630194 24.832416 0.028958004
58833.630754 24.79289 0.026964543
58833.631339 24.868832 0.031923845
58833.631919 24.839453 0.037833739
58833.632476 24.824099 0.035835157
58833.633035 24.870951 0.033828483
58833.633609 24.910744 0.034900738
58833.634176 24.839704 0.041929534
58833.63477 24.772684 0.033857015
58833.63533 24.877027 0.031961366
58833.635896 24.847746 0.029930905
58833.636454 24.816301 0.027948531
58833.637031 24.827272 0.03188256
58833.637603 24.892472 0.033909028
58833.638178 24.846045 0.029892706
58833.638751 24.774002 0.027953932
58833.639317 24.817257 0.031954577
58833.639885 24.860047 0.026969534
58833.640451 24.821615 0.029978044
58833.641017 24.857821 0.028965715
58833.641587 24.789684 0.028965077
58833.642165 24.812383 0.026964423
58833.642733 24.839377 0.028957907
58833.643298 24.827395 0.032952633
58833.643881 24.79179 0.027959751
58833.644463 24.847396 0.027965447
58833.645038 24.807928 0.030960736
58833.645621 24.806406 0.028938028
58833.646196 24.825227 0.031934832
58833.646775 24.810448 0.027971107
58833.647352 24.815293 0.02797102
58833.647947 24.827551 0.033950661
58833.648518 24.835432 0.032975371
58833.649091 24.807707 0.028938683
58833.649661 24.827795 0.027974185
58833.650234 24.81429 0.029974512
58833.650812 24.787284 0.029965502
58833.651385 24.832941 0.031932882
58833.651942 24.782746 0.026959192
58833.652501 24.824268 0.030968687
58833.653051 24.81606 0.031946331
58833.653627 24.813177 0.027973968
58833.654196 24.846531 0.028956402
58833.654761 24.822963 0.028962295
58833.655332 24.842715 0.030960678
58833.655903 24.785565 0.029966627
58833.656459 24.812286 0.030977233
58833.657018 24.808185 0.028972649
58833.657575 24.837008 0.028975158
58833.658134 24.830085 0.028969632
58833.658729 24.820339 0.028963125
58833.659291 24.825749 0.028974668
58833.659866 24.85961 0.031974867
58833.660428 24.809882 0.029971682
58833.660996 24.830106 0.032962396
58833.661568 24.818145 0.029964499
58833.662129 24.865876 0.03495987
58833.662686 24.823208 0.03894042
58833.663254 24.806724 0.030974546
58833.663845 24.811318 0.034946296
58833.664399 24.846847 0.034956696
58833.664959 24.826707 0.032973108
58833.66553 24.863962 0.033977392
58833.666087 24.782197 0.030982808
58833.666661 24.814486 0.030979358
58833.66724 24.805945 0.028982932
58833.667808 24.838685 0.032978467
58833.668374 24.892108 0.029983875
58833.66894 24.806622 0.032978121
58833.669515 24.811223 0.033975989
58833.670105 24.828569 0.035964639
58833.670664 24.804318 0.033956251
58833.671231 24.824595 0.037962593
58833.671792 24.829074 0.035961437
58833.672357 24.83738 0.038953285
58833.672921 24.779235 0.035953795
58833.6735 24.834619 0.034977895
58833.674063 24.803716 0.032976552
58833.674632 24.805002 0.033954831
58833.675223 24.858175 0.038900016
58833.67579 24.825375 0.037946995
58833.67635 24.881587 0.041934223
58833.676916 24.856265 0.040957093
58833.677484 24.837885 0.044952621
58833.678056 24.800143 0.03994356
58833.678616 24.831396 0.048843987
58833.679182 24.8181 0.051855364
58833.679761 24.822268 0.05285072
58833.680323 24.9048 0.064559487
58833.680894 24.819118 0.050853249
58833.681455 24.88964 0.057663738
58833.68202 24.7986 0.051752958
58833.682591 24.875717 0.055693418
58833.683157 24.843169 0.051867165
58833.683728 24.806458 0.049859852
58833.68429 24.819252 0.052743213
58833.684864 24.787506 0.042915784
58833.685427 24.764353 0.042918919
58833.686006 24.805008 0.043874951
58833.68663 24.863247 0.042947332
58833.687197 24.796061 0.042946778
58833.687766 24.745449 0.042919267
58833.688335 24.858375 0.042951264
58833.6889 24.826494 0.040960894
58833.689473 24.871437 0.044938892
58833.690035 24.808567 0.038931571
58833.690606 24.862374 0.042939678
58833.691182 24.780059 0.035928286
58833.691769 24.87605 0.041921534
58833.692334 24.800958 0.044874413
58833.692912 24.837253 0.041914837
58833.693482 24.774495 0.035933097
58833.694055 24.827006 0.037950827
58833.694629 24.793799 0.041933425
58833.695214 24.773061 0.037948007
58833.695788 24.765881 0.041940223
58833.696709 24.858468 0.044942719
58833.697282 24.926038 0.050859654
58833.697854 24.830097 0.0449294
58833.698426 24.801003 0.041942251
58833.698997 24.821886 0.046949557
58833.699574 24.7415 0.041949715
58833.700162 24.783436 0.039966399
58833.700738 24.889895 0.046941513
58833.701314 24.836881 0.044961236
58833.701879 24.890223 0.059943169
58833.702433 24.823995 0.051970458
58833.702997 24.879473 0.038975498
58833.703569 24.797513 0.037962693
58833.704138 24.82197 0.038972392
58833.704693 24.845182 0.042972784
58833.705269 24.820066 0.035957796
58833.705842 24.852052 0.04296341
58833.706416 24.795727 0.040950218
58833.706995 24.790348 0.03797046
58833.70756 24.834896 0.039966669
58833.708139 24.870615 0.037970539
58833.708701 24.823068 0.040968044
58833.709269 24.800446 0.039955824
58833.709837 24.729572 0.036962684
58833.710398 24.810909 0.040955296
58833.710961 24.806344 0.044945536
58833.711531 24.845068 0.042951962
58833.712096 24.819525 0.041953456
58833.712678 24.781351 0.040944437
58833.713245 24.829641 0.041955216
58833.713811 24.85142 0.037955367
58833.71438 24.757055 0.032968208
58833.714942 24.819872 0.034970032
58833.715515 24.771099 0.032954515
58833.716099 24.79602 0.03397287
58833.716662 24.798984 0.034973661
58833.717217 24.846772 0.037935644
58833.717786 24.862746 0.037954715
58833.718352 24.859537 0.038962
58833.718933 24.884998 0.035956655
58833.719515 24.923917 0.042956751
58833.720081 24.861292 0.041925673
58833.720652 24.835462 0.040942888
58833.721229 24.832618 0.03695982
58833.721798 24.791531 0.04093949
58833.722365 24.8379 0.035966173
58833.722938 24.872232 0.036969916
58833.723517 24.865853 0.035966534
58833.724095 24.852759 0.03197063
58833.724659 24.834104 0.039952318
58833.725228 24.758098 0.031968263
58833.725794 24.821679 0.036950561
58833.726369 24.758347 0.040900971
58833.726949 24.875205 0.043857642
58833.727521 24.671825 0.036920126
58833.728085 24.831054 0.037935245
58833.728659 24.795605 0.039941813
58833.729226 24.779222 0.035948792
58833.729803 24.765759 0.035958478
58833.730359 24.811033 0.037948
58833.730924 24.837282 0.031970582
58833.731502 24.849943 0.044953896
58833.732059 24.894314 0.04789617
58833.732632 24.742624 0.038909493
58833.733194 24.805216 0.04491768
58833.733759 24.887176 0.049816846
58833.734321 24.855664 0.049909444
58833.734879 24.850011 0.048884997
58833.735444 24.772233 0.049854347
58833.736003 24.872718 0.057855953
58833.736571 24.803127 0.06086416
58833.737136 24.835012 0.055849206
58833.737691 24.786515 0.044923959
58833.738267 24.906026 0.058756373
58833.738823 24.848735 0.047870243
58833.739382 24.885107 0.054871145
58833.739948 24.814952 0.049852049
58833.740522 24.746088 0.049824858
58833.741085 24.739569 0.054697143
58833.741647 24.779998 0.046897044
58833.742215 24.741481 0.037916103
58833.742788 24.748814 0.045853804
58833.743365 24.898259 0.051908222
58833.743953 24.845224 0.047880586
58833.744526 24.81313 0.04286569
58833.745093 24.836777 0.039934713
58833.745664 24.8124 0.042939087
58833.746226 24.809261 0.040934563
58833.746789 24.814422 0.03995077
58833.747358 24.827929 0.03795894
58833.747921 24.834852 0.036957359
58833.748478 24.815473 0.036951907
58833.749035 24.85971 0.037961117
58833.749599 24.810785 0.032963582
58833.750168 24.8153 0.04089822
58833.750733 24.844996 0.040911058
58833.751298 24.779766 0.039883078
58833.751854 24.77367 0.050785399
58833.752416 24.807337 0.043901528
58833.752988 24.765024 0.038912584
58833.753539 24.854665 0.042920248
58833.7541 24.851353 0.038951522
58833.754655 24.830207 0.037949929
58833.75523 24.782414 0.036963453
58833.755803 24.861837 0.04295467
58833.756377 24.815152 0.039960307
58833.756948 24.813861 0.040954861
58833.757519 24.807868 0.041961358
58833.758074 24.882715 0.043962886
58833.758639 24.77916 0.039937377
58833.759204 24.759331 0.049914458
58833.759765 24.770794 0.043957188
58833.760341 24.893435 0.04796119
58833.760921 24.789431 0.042958156
58833.761489 24.848757 0.057911819
58833.76205 24.870251 0.049958102
58833.762618 24.851879 0.045936349
58833.763196 24.785568 0.038971875
58833.763771 24.869991 0.042971865
58833.764345 24.817417 0.037966767
58833.764904 24.769421 0.042966684
58833.765469 24.780943 0.040969708
58833.766035 24.813581 0.042966585
58833.766604 24.817961 0.046963011
58833.767179 24.925137 0.047968357
58833.767754 24.8636 0.048973931
58833.768337 24.808484 0.03895213
58833.768906 24.764908 0.039966894
58833.769468 24.775123 0.048955525
58833.770037 24.778469 0.044963416
58833.770609 24.753203 0.04296617
58833.771176 24.778228 0.050923196
58833.77175 24.873102 0.051940519
58833.772312 24.833739 0.053930428
58833.772873 24.838345 0.056884975
58833.773436 24.837035 0.066860002
58833.774013 24.795954 0.065783245
58833.774581 24.797785 0.056858639
58833.775149 24.80362 0.055909298
58833.775718 24.811117 0.05989919
58833.776274 24.809862 0.057895577
58833.776849 24.707301 0.049941587
58833.777425 24.825118 0.06094116
58833.777996 24.817008 0.055910735
58833.778564 24.740262 0.049942771
58833.779126 24.888923 0.056925611
58833.779701 24.830958 0.054901307
58833.780275 24.852023 0.055908704
58833.780836 24.779166 0.057856717
58833.781394 24.746058 0.056896659
58833.781959 24.84312 0.051919246
58833.78252 24.755729 0.051929232
58833.783078 24.747772 0.049908713
58833.783656 24.784248 0.054935974
58833.784224 24.826372 0.049956286
58833.784791 24.881518 0.052944473
58833.785359 24.866752 0.048956166
58833.785923 24.786362 0.039960042
58833.786499 24.805597 0.041961828
58833.787075 24.80019 0.049947804
58833.787657 24.879777 0.048960058
58833.788243 24.841105 0.049952124
58833.788815 24.908073 0.050945615
58833.789431 24.778293 0.04096598
58833.789993 24.810852 0.051959155
58833.790558 24.736132 0.040978642
58833.791114 24.793424 0.046963198
58833.791692 24.889372 0.040975514
58833.792254 24.796017 0.036966506
58833.792819 24.741686 0.033971059
58833.793386 24.829341 0.036962931
58833.793945 24.868899 0.036968418
58833.794517 24.733327 0.03496365
58833.79508 24.845725 0.036963379
58833.795646 24.783478 0.035975449
58833.796225 24.909909 0.035973218
58833.79679 24.835789 0.038976309
58833.797352 24.802803 0.030978974
58833.797908 24.82709 0.036973403
58833.798484 24.839912 0.036974704
58833.799061 24.826599 0.031978982
58833.799624 24.776527 0.036957363
58833.800185 24.85149 0.036977327
58833.800756 24.771142 0.036969259
58833.801313 24.809915 0.034955046
58833.801876 24.835604 0.033967503
58833.802443 24.801059 0.036966203
58833.803031 24.8748 0.038976946
58833.803608 24.815697 0.034971394
58833.804175 24.812097 0.0389767
58833.804741 24.874758 0.033980925
58833.805316 24.775571 0.035979348
58833.805876 24.854424 0.04096749
58833.806445 24.767155 0.040979146
58833.807016 24.812446 0.042975204
58833.807582 24.81166 0.043962776
58833.80816 24.762697 0.038969827
58833.808724 24.84084 0.037978882
58833.809281 24.784332 0.034969866
58833.809857 24.811636 0.041975585
58833.810432 24.797111 0.040977114
58833.811002 24.811276 0.043973738
58833.81157 24.86478 0.040975896
58833.812141 24.875975 0.039977192
58833.81271 24.863688 0.036979007
58833.813283 24.792998 0.033974465
58833.81385 24.80819 0.033975475
58833.814425 24.802745 0.03197818
58833.81499 24.809343 0.036979992
58833.815567 24.820536 0.037973818
58833.816133 24.77739 0.034977874
58833.816698 24.896067 0.036973007
58833.817289 24.809474 0.037954255
58833.817864 24.791977 0.041968822
58833.818429 24.863801 0.040969335
58833.819011 24.848985 0.036964773
58833.819573 24.813031 0.037963756
58833.820146 24.79138 0.03796057
58833.82073 24.852441 0.034968003
58833.821295 24.870159 0.043961006
58833.821869 24.863676 0.044972191
58833.822431 24.875163 0.054969056
58833.822986 24.888509 0.045973739
58833.823546 24.85324 0.047966145
58833.824122 24.812066 0.04496202
58833.82469 24.790703 0.055949806
58833.82527 24.860159 0.052971405
58833.825842 24.804876 0.04796959
58833.826414 24.874842 0.050958085
58833.826987 24.834421 0.047966255
58833.827559 24.840188 0.043962176
58833.828123 24.808856 0.050969141
58833.828694 24.781768 0.03895182
58833.829263 24.871709 0.040963187
58833.829826 24.815525 0.041961824
58833.830398 24.818182 0.042942737
58833.830961 24.76262 0.040949707
58833.831526 24.795279 0.034969511
58833.832097 24.843089 0.037962478
58833.83267 24.796577 0.036954385
58833.833228 24.834573 0.040966256
58833.833798 24.840272 0.037964131
58833.834371 24.831602 0.040945197
58833.834936 24.790919 0.036964258
58833.83551 24.819011 0.037959259
58833.836083 24.813741 0.041969717
58833.836648 24.807311 0.040944181
58833.837231 24.80114 0.037964207
58833.837806 24.87004 0.046932706
58833.83839 24.820058 0.039951335
58833.838952 24.765781 0.042930872
58833.839512 24.793326 0.041961606
58833.840078 24.781288 0.044962129
58833.840638 24.803843 0.039954959
58833.841214 24.849116 0.045966041
58833.841784 24.816422 0.039971536
58833.842354 24.760064 0.040968965
58833.842932 24.801393 0.040965258
58833.8435 24.793043 0.04196158
58833.844068 24.826812 0.041970754
58833.84464 24.851823 0.043969797
58833.845192 24.783332 0.044972599
58833.845764 24.83599 0.040979213
58833.846315 24.793522 0.040974495
58833.846882 24.811482 0.045976086
58833.847447 24.939705 0.052975422
58833.848017 24.869829 0.052961899
58833.848583 24.878835 0.051970109
58833.849139 24.784966 0.047967574
58833.849713 24.86258 0.045959017
58833.850286 24.841742 0.053971775
