HJD mag magerr
58833.526351 24.456413 0.090785676
58833.526938 24.366023 0.077625885
58833.527497 24.41257 0.069802613
58833.528073 24.392866 0.066774627
58833.52864 24.348131 0.044813065
58833.529223 24.381588 0.058642772
58833.529794 24.325849 0.062494627
58833.530369 24.377189 0.047741632
58833.530936 24.310434 0.040835692
58833.531508 24.421225 0.035899718
58833.532068 24.403007 0.03291359
58833.532639 24.442214 0.03686018
58833.533201 24.363594 0.030919051
58833.533765 24.389447 0.030920636
58833.534319 24.348428 0.033799439
58833.534878 24.378632 0.02788589
58833.535457 24.414851 0.029873381
58833.536022 24.403935 0.029874019
58833.536586 24.393396 0.027923408
58833.537148 24.388347 0.0249281
58833.537706 24.413032 0.02787522
58833.538275 24.393748 0.024937869
58833.538843 24.417214 0.024935708
58833.539403 24.421522 0.024927735
58833.539961 24.420412 0.022929874
58833.540691 24.391466 0.023954413
58833.54127 24.433376 0.024917466
58833.541834 24.37885 0.021954398
58833.542384 24.400256 0.026901128
58833.542946 24.376622 0.022933755
58833.543507 24.397517 0.020968012
58833.544071 24.409368 0.020965035
58833.544644 24.415423 0.021962982
58833.545206 24.388049 0.020943381
58833.545767 24.384516 0.020950549
58833.54634 24.464889 0.025925886
58833.546924 24.387141 0.023926189
58833.547488 24.38948 0.023930043
58833.548053 24.464624 0.021931489
58833.548633 24.426584 0.023937693
58833.549203 24.410786 0.019967892
58833.549779 24.375533 0.019954675
58833.550355 24.415271 0.021956126
58833.550911 24.401409 0.019965413
58833.551466 24.461434 0.019935599
58833.552025 24.461303 0.024876488
58833.552609 24.412994 0.025930518
58833.553172 24.369836 0.023917753
58833.553736 24.451704 0.022941508
58833.554298 24.36579 0.020963542
58833.554862 24.420714 0.02195389
58833.55542 24.433644 0.021971104
58833.556007 24.399244 0.022969345
58833.556565 24.408813 0.024973705
58833.557125 24.407296 0.022969098
58833.557676 24.385606 0.022970561
58833.558245 24.390257 0.022958587
58833.558811 24.378921 0.022953612
58833.559373 24.404779 0.020930928
58833.559928 24.413187 0.023897136
58833.560497 24.413081 0.029779572
58833.561052 24.420242 0.02293024
58833.561629 24.42438 0.027902947
58833.562183 24.489697 0.025929219
58833.562742 24.427572 0.022947478
58833.563315 24.440973 0.023931491
58833.563889 24.372025 0.022889155
58833.564461 24.473629 0.027736616
58833.565019 24.401987 0.016966701
58833.565576 24.403688 0.018988057
58833.566153 24.450975 0.01995596
58833.566722 24.447613 0.023938621
58833.56729 24.514615 0.024932383
58833.56785 24.38772 0.021907344
58833.568406 24.34592 0.017959961
58833.568961 24.413492 0.01897261
58833.569533 24.416391 0.018980244
58833.570095 24.414319 0.018972547
58833.57065 24.410255 0.018981532
58833.57121 24.405374 0.017982298
58833.571768 24.423676 0.0209632
58833.572322 24.420559 0.018975382
58833.572898 24.464512 0.021942236
58833.573468 24.419398 0.021926516
58833.574037 24.432169 0.02392231
58833.574593 24.439821 0.021934397
58833.575159 24.405832 0.027746527
58833.575726 24.440073 0.023838145
58833.576286 24.383496 0.021829089
58833.576839 24.412735 0.023849568
58833.577403 24.428275 0.021921198
58833.577964 24.466128 0.023945391
58833.578544 24.460468 0.022948727
58833.579114 24.438202 0.021926304
58833.579688 24.447533 0.023903904
58833.580238 24.435083 0.023916286
58833.58081 24.453673 0.021898793
58833.581375 24.410309 0.023874761
58833.581944 24.401335 0.021896851
58833.582509 24.460676 0.020944203
58833.58308 24.431399 0.023912111
58833.583647 24.369275 0.023894094
58833.584215 24.390407 0.024772096
58833.584762 24.486939 0.022880776
58833.585316 24.424081 0.021891371
58833.585886 24.440113 0.019943492
58833.586442 24.429635 0.021907357
58833.587001 24.421495 0.02093834
58833.587566 24.459282 0.029842036
58833.58814 24.453481 0.026884396
58833.588711 24.413225 0.019947844
58833.589285 24.5023 0.018956629
58833.589857 24.420776 0.020921921
58833.590423 24.470026 0.027774518
58833.590994 24.500898 0.027880805
58833.591559 24.483846 0.035613736
58833.592112 24.514255 0.033720153
58833.592665 24.504613 0.034781364
58833.593224 24.439924 0.033828707
58833.593796 24.408269 0.036787296
58833.594369 24.517141 0.046238221
58833.59492 24.576421 0.043537013
58833.595528 24.459873 0.027846126
58833.596082 24.480048 0.032810751
58833.596665 24.391283 0.030819726
58833.597231 24.437616 0.027857579
58833.597797 24.471698 0.025899997
58833.59838 24.469167 0.02392814
58833.598947 24.419146 0.020929704
58833.599512 24.466322 0.023914801
58833.60009 24.473638 0.023920734
58833.600655 24.482846 0.02494183
58833.601221 24.474153 0.026905111
58833.601788 24.418622 0.02293433
58833.602358 24.474246 0.024922853
58833.602926 24.486336 0.026915283
58833.60349 24.488081 0.031752441
58833.604047 24.44655 0.023919258
58833.604615 24.489177 0.029858887
58833.605171 24.479067 0.028880865
58833.605736 24.458439 0.02886577
58833.606292 24.444837 0.028880801
58833.606846 24.447868 0.02784742
58833.607409 24.423755 0.025878052
58833.607972 24.439629 0.027873058
58833.608554 24.441316 0.030849565
58833.609122 24.532265 0.028918369
58833.609691 24.536434 0.03175851
58833.61027 24.453722 0.025873891
58833.610843 24.424689 0.023891139
58833.611415 24.471209 0.023859572
58833.611993 24.503495 0.026836985
58833.612577 24.478919 0.023826663
58833.613137 24.459336 0.025855711
58833.613696 24.492912 0.024794979
58833.614278 24.516749 0.023861994
58833.614853 24.492479 0.025810371
58833.615407 24.447542 0.025816605
58833.615983 24.480712 0.026857221
58833.616534 24.475973 0.024895992
58833.617093 24.466453 0.025880324
58833.617655 24.490151 0.026915994
58833.618216 24.521189 0.027872127
58833.618781 24.497721 0.024946831
58833.619336 24.487076 0.025917626
58833.619908 24.451399 0.026892534
58833.620489 24.49298 0.023911913
58833.621073 24.449748 0.021942686
58833.621643 24.474223 0.026895833
58833.622212 24.492733 0.023910048
58833.622786 24.435695 0.027872357
58833.623339 24.484199 0.027889228
58833.623898 24.551894 0.026903607
58833.624467 24.479332 0.025926643
58833.625042 24.476523 0.023918592
58833.625625 24.515359 0.024919247
58833.626195 24.524655 0.022948782
58833.626758 24.480648 0.024923041
58833.627345 24.479658 0.023947615
58833.627901 24.45956 0.022950176
58833.628481 24.475433 0.023950294
58833.629058 24.497792 0.023946275
58833.629625 24.490997 0.021967246
58833.630194 24.471022 0.020966846
58833.630754 24.5073 0.022959151
58833.631339 24.576166 0.02883145
58833.631919 24.552773 0.031745082
58833.632476 24.516917 0.030851462
58833.633035 24.47481 0.026866848
58833.633609 24.493254 0.024887606
58833.634176 24.578526 0.037894667
58833.63477 24.535078 0.027904977
58833.63533 24.483738 0.023953455
58833.635896 24.528621 0.024916433
58833.636454 24.486252 0.022957777
58833.637031 24.477913 0.02491708
58833.637603 24.499825 0.023936088
58833.638178 24.513131 0.022934578
58833.638751 24.47211 0.021953602
58833.639317 24.44946 0.022945274
58833.639885 24.506591 0.024950406
58833.640451 24.521695 0.021978788
58833.641017 24.506301 0.020971392
58833.641587 24.492955 0.023953625
58833.642165 24.488137 0.024953174
58833.642733 24.509194 0.024954882
58833.643298 24.525374 0.024965266
58833.643881 24.511632 0.022963136
58833.644463 24.510079 0.020975111
58833.645038 24.481726 0.023957704
58833.645621 24.524893 0.023953121
58833.646196 24.473711 0.024925456
58833.646775 24.498866 0.024955805
58833.647352 24.502678 0.025955787
58833.647947 24.525105 0.025923772
58833.648518 24.485148 0.024973093
58833.649091 24.535846 0.023959071
58833.649661 24.501843 0.023955489
58833.650234 24.542837 0.024964346
58833.650812 24.504924 0.022971605
58833.651385 24.522243 0.026953624
58833.651942 24.496908 0.02595144
58833.652501 24.485518 0.025952512
58833.653051 24.520675 0.022974391
58833.653627 24.507886 0.024958499
58833.654196 24.514464 0.024965153
58833.654761 24.494654 0.022960314
58833.655332 24.555154 0.025970456
58833.655903 24.504449 0.02397838
58833.656459 24.50963 0.023977349
58833.657018 24.513707 0.023976128
58833.657575 24.55681 0.023978832
58833.658134 24.512983 0.024957548
58833.658729 24.52593 0.023968407
58833.659291 24.533441 0.02297164
58833.659866 24.528451 0.022977376
58833.660428 24.500471 0.023954964
58833.660996 24.550839 0.025967399
58833.661568 24.555395 0.025962897
58833.662129 24.538622 0.02893873
58833.662686 24.506109 0.030923384
58833.663254 24.577362 0.026970801
58833.663845 24.507235 0.027934061
58833.664399 24.513591 0.02695532
58833.664959 24.499526 0.025957527
58833.66553 24.537945 0.027966795
58833.666087 24.521956 0.022980147
58833.666661 24.526842 0.022981771
58833.66724 24.544308 0.024979444
58833.667808 24.557775 0.027972486
58833.668374 24.541521 0.025978319
58833.66894 24.555991 0.02697436
58833.669515 24.521546 0.024977991
58833.670105 24.563165 0.027966963
58833.670664 24.499635 0.024948655
58833.671231 24.513869 0.028951121
58833.671792 24.561844 0.027948709
58833.672357 24.527401 0.026945898
58833.672921 24.595203 0.027956642
58833.6735 24.540312 0.027967446
58833.674063 24.531546 0.024970141
58833.674632 24.544169 0.028943114
58833.675223 24.534542 0.031912178
58833.67579 24.563215 0.032933033
58833.67635 24.520389 0.030918977
58833.676916 24.590738 0.031947504
58833.677484 24.545169 0.032932132
58833.678056 24.535281 0.033928681
58833.678616 24.572548 0.039817299
58833.679182 24.53065 0.036877702
58833.679761 24.587567 0.040840028
58833.680323 24.615766 0.050635422
58833.680894 24.569445 0.042744455
58833.681455 24.543141 0.039834097
58833.68202 24.596332 0.041751358
58833.682591 24.541354 0.044736259
58833.683157 24.561865 0.038845148
58833.683728 24.619757 0.039853692
58833.68429 24.602046 0.044814124
58833.684864 24.528147 0.036889496
58833.685427 24.582331 0.038888193
58833.686006 24.572352 0.03886871
58833.68663 24.545941 0.034930875
58833.687197 24.575916 0.034928427
58833.687766 24.584791 0.035933653
58833.688335 24.555854 0.031942469
58833.6889 24.568378 0.030926498
58833.689473 24.561881 0.032917698
58833.690035 24.576314 0.033922362
58833.690606 24.554104 0.028938615
58833.691182 24.582303 0.031943651
58833.691769 24.606678 0.034913212
58833.692334 24.587291 0.039899429
58833.692912 24.582324 0.035884441
58833.693482 24.553449 0.033907623
58833.694055 24.583263 0.032917396
58833.694629 24.589445 0.034950063
58833.695214 24.584296 0.035925499
58833.695788 24.539451 0.03392188
58833.696709 24.581622 0.036899433
58833.697282 24.514082 0.038866232
58833.697854 24.572122 0.035904988
58833.698426 24.596803 0.038921082
58833.698997 24.60416 0.041901849
58833.699574 24.569208 0.034944853
58833.700162 24.573694 0.031952601
58833.700738 24.606367 0.03594097
58833.701314 24.52101 0.032949548
58833.701879 24.587078 0.050937722
58833.702433 24.584745 0.037962637
58833.702997 24.543949 0.027968084
58833.703569 24.565926 0.034967425
58833.704138 24.569742 0.032971676
58833.704693 24.518966 0.031963032
58833.705269 24.557203 0.02895825
58833.705842 24.595942 0.033948673
58833.706416 24.544821 0.035937603
58833.706995 24.555502 0.031973054
58833.70756 24.54862 0.036954311
58833.708139 24.516816 0.027960123
58833.708701 24.621114 0.032958176
58833.709269 24.573894 0.03395968
58833.709837 24.526755 0.032930976
58833.710398 24.5884 0.030954657
58833.710961 24.537957 0.032945815
58833.711531 24.588005 0.03493558
58833.712096 24.569269 0.036920147
58833.712678 24.546072 0.031956604
58833.713245 24.5443 0.031919619
58833.713811 24.55323 0.030950418
58833.71438 24.57247 0.029954396
58833.714942 24.559467 0.031945321
58833.715515 24.514338 0.028954458
58833.716099 24.592813 0.030974757
58833.716662 24.57188 0.030964429
58833.717217 24.512326 0.026965903
58833.717786 24.57541 0.031939833
58833.718352 24.534127 0.030933904
58833.718933 24.551238 0.034928292
58833.719515 24.530197 0.032953409
58833.720081 24.531267 0.033920908
58833.720652 24.605775 0.036940655
58833.721229 24.557636 0.032938062
58833.721798 24.539562 0.035933181
58833.722365 24.547008 0.02795835
58833.722938 24.589082 0.026959872
58833.723517 24.532897 0.029955481
58833.724095 24.565339 0.025963523
58833.724659 24.509744 0.030927573
58833.725228 24.493456 0.026943789
58833.725794 24.53166 0.027955948
58833.726369 24.536805 0.029901439
58833.726949 24.516579 0.034895602
58833.727521 24.497252 0.030871276
58833.728085 24.522619 0.027924421
58833.728659 24.554985 0.029948333
58833.729226 24.488915 0.031929826
58833.729803 24.50757 0.026956035
58833.730359 24.516449 0.02795491
58833.730924 24.505559 0.026963219
58833.731502 24.504493 0.028944166
58833.732059 24.490073 0.034910297
58833.732632 24.49852 0.029925385
58833.733194 24.458565 0.031932732
58833.733759 24.445023 0.0358514
58833.734321 24.505173 0.034882293
58833.734879 24.453348 0.032863877
58833.735444 24.496029 0.036819296
58833.736003 24.432754 0.034886962
58833.736571 24.494059 0.046803659
58833.737136 24.431872 0.037866744
58833.737691 24.435829 0.033864682
58833.738267 24.445132 0.040728911
58833.738823 24.469402 0.03586239
58833.739382 24.396681 0.033846384
58833.739948 24.466753 0.038826443
58833.740522 24.490917 0.043789744
58833.741085 24.345518 0.037762661
58833.741647 24.408213 0.035871029
58833.742215 24.392954 0.03489214
58833.742788 24.381124 0.03280452
58833.743365 24.42015 0.035877754
58833.743953 24.419948 0.034867271
58833.744526 24.386177 0.03188399
58833.745093 24.329568 0.02791849
58833.745664 24.322588 0.025906817
58833.746226 24.348699 0.028911348
58833.746789 24.352247 0.027916472
58833.747358 24.313341 0.026936503
58833.747921 24.321081 0.0279322
58833.748478 24.298461 0.025953884
58833.749035 24.288869 0.024956921
58833.749599 24.305297 0.02295892
58833.750168 24.312538 0.028880602
58833.750733 24.280356 0.028885192
58833.751298 24.258754 0.029796997
58833.751854 24.244297 0.030870221
58833.752416 24.290665 0.027895201
58833.752988 24.247973 0.027909453
58833.753539 24.233543 0.025908672
58833.7541 24.202311 0.024926006
58833.754655 24.23009 0.022955386
58833.75523 24.267039 0.025956287
58833.755803 24.221683 0.025949744
58833.756377 24.227925 0.025947651
58833.756948 24.195512 0.023972311
58833.757519 24.194981 0.027958589
58833.758074 24.166562 0.027941431
58833.758639 24.192752 0.030859708
58833.759204 24.216837 0.033912177
58833.759765 24.163252 0.028938456
58833.760341 24.141167 0.02695526
58833.760921 24.156906 0.026946886
58833.761489 24.137661 0.033880537
58833.76205 24.15264 0.027944736
58833.762618 24.175978 0.027925191
58833.763196 24.154655 0.024956822
58833.763771 24.184694 0.022962063
58833.764345 24.182508 0.02595978
58833.764904 24.149378 0.024971496
58833.765469 24.157476 0.026963063
58833.766035 24.145232 0.024960191
58833.766604 24.131201 0.026940939
58833.767179 24.136261 0.028955512
58833.767754 24.175059 0.025966685
58833.768337 24.158754 0.025958037
58833.768906 24.173957 0.027958071
58833.769468 24.173041 0.028949081
58833.770037 24.171786 0.026953636
58833.770609 24.15096 0.028952202
58833.771176 24.127103 0.030899352
58833.77175 24.175626 0.034899645
58833.772312 24.139931 0.03285413
58833.772873 24.236019 0.036832888
58833.773436 24.183799 0.03981661
58833.774013 24.152723 0.03785109
58833.774581 24.125305 0.032880278
58833.775149 24.143299 0.034873672
58833.775718 24.116311 0.031876362
58833.776274 24.1659 0.031905327
58833.776849 24.117306 0.032928669
58833.777425 24.125516 0.032918911
58833.777996 24.14469 0.034879991
58833.778564 24.139248 0.028934154
58833.779126 24.139169 0.031917083
58833.779701 24.110292 0.030878882
58833.780275 24.149461 0.032905665
58833.780836 24.129502 0.033841021
58833.781394 24.134593 0.034877863
58833.781959 24.148262 0.029917408
58833.78252 24.137136 0.029930242
58833.783078 24.132584 0.032873306
58833.783656 24.126483 0.029901911
58833.784224 24.116347 0.031938283
58833.784791 24.074146 0.028907402
58833.785359 24.108372 0.027931494
58833.785923 24.091347 0.025952713
58833.786499 24.109731 0.028936553
58833.787075 24.12967 0.02993516
58833.787657 24.113218 0.028935269
58833.788243 24.089608 0.028943435
58833.788815 24.063263 0.023950635
58833.789431 24.077093 0.022939376
58833.789993 24.06775 0.02594599
58833.790558 24.069826 0.026955996
58833.791114 24.082988 0.024956878
58833.791692 24.07211 0.022975701
58833.792254 24.044774 0.020961346
58833.792819 24.052482 0.021967584
58833.793386 24.072627 0.021957616
58833.793945 24.016945 0.022949697
58833.794517 24.041897 0.023934861
58833.79508 24.050463 0.020971031
58833.795646 24.060228 0.02096142
58833.796225 24.06643 0.019971076
58833.79679 24.085802 0.022973672
58833.797352 24.032652 0.020970525
58833.797908 24.021814 0.019977461
58833.798484 24.027991 0.020977387
58833.799061 24.007286 0.019966156
58833.799624 24.020858 0.021964243
58833.800185 23.999535 0.019976093
58833.800756 24.05336 0.019976324
58833.801313 24.034771 0.020951771
58833.801876 24.01476 0.021961853
58833.802443 24.005383 0.02096222
58833.803031 23.710346 0.04996428
58833.803608 23.999948 0.02196267
58833.804175 23.989772 0.02097572
58833.804741 24.039972 0.019974859
58833.805316 24.022854 0.021967742
58833.805876 24.005923 0.02495923
58833.806445 23.977078 0.020978295
58833.807016 23.981948 0.022970928
58833.807582 24.025713 0.025943564
58833.80816 24.000424 0.020966389
58833.808724 23.954931 0.021962608
58833.809281 24.004185 0.021961532
58833.809857 23.982573 0.02197248
58833.810432 23.996519 0.020972097
58833.811002 24.008848 0.021972008
58833.81157 24.012137 0.022971659
58833.812141 23.995219 0.024969141
58833.81271 23.978093 0.020975424
58833.813283 23.991106 0.017981316
58833.81385 23.988011 0.018978319
58833.814425 23.96757 0.020974984
58833.81499 24.001004 0.020979529
58833.815567 23.980875 0.020973361
58833.816133 24.001927 0.020975981
58833.816698 23.982512 0.021974593
58833.817289 24.00756 0.021972521
58833.817864 24.00013 0.022964219
58833.818429 23.986979 0.019959809
58833.819011 23.983242 0.020956489
58833.819573 23.980917 0.021964395
58833.820146 23.956924 0.020958976
58833.82073 23.991026 0.021962194
58833.821295 24.011197 0.021967636
58833.821869 23.968547 0.024969517
58833.822431 23.956798 0.023962856
58833.822986 23.990094 0.025966241
58833.823546 23.983478 0.026942262
58833.824122 24.004867 0.025963756
58833.82469 23.965553 0.025961885
58833.82527 23.991914 0.026954363
58833.825842 23.98459 0.024959588
58833.826414 23.970266 0.025947856
58833.826987 23.997272 0.025928003
58833.827559 23.984601 0.023950985
58833.828123 23.973986 0.021975828
58833.828694 23.980096 0.021958338
58833.829263 23.978744 0.021965193
58833.829826 23.959156 0.019971372
58833.830398 24.004109 0.025935624
58833.830961 24.002797 0.020962634
58833.831526 23.979932 0.019966128
58833.832097 24.049011 0.023964485
58833.83267 23.99041 0.020966003
58833.833228 23.988434 0.02196325
58833.833798 23.998835 0.022965073
58833.834371 24.016412 0.023944867
58833.834936 24.004959 0.018969761
58833.83551 23.987596 0.019971037
58833.836083 24.010392 0.022959345
58833.836648 24.006843 0.023937604
58833.837231 24.005534 0.023953475
58833.837806 24.006363 0.023943088
58833.83839 24.01404 0.02294302
58833.838952 24.049831 0.025914434
58833.839512 23.996928 0.022951323
58833.840078 24.01982 0.02695108
58833.840638 24.005128 0.024930136
58833.841214 24.003867 0.023951416
58833.841784 24.00651 0.024962768
58833.842354 24.011072 0.020966517
58833.842932 24.016282 0.024953699
58833.8435 24.030364 0.023965101
58833.844068 24.040753 0.024952767
58833.84464 24.020958 0.024928844
58833.845192 23.993599 0.024957694
58833.845764 24.023793 0.022968871
58833.846315 24.028938 0.024974711
58833.846882 23.992167 0.022967759
58833.847447 24.048537 0.02597021
58833.848017 24.014232 0.027968289
58833.848583 24.022616 0.025959758
58833.849139 23.995814 0.025958126
58833.849713 24.004678 0.025958323
58833.850286 24.05413 0.026969957
