HJD mag magerr
58833.526351 23.378413 0.036804644
58833.526938 23.422023 0.036649957
58833.527497 23.37857 0.032824829
58833.528073 23.386866 0.029794485
58833.52864 23.388131 0.024831495
58833.529223 23.427588 0.028674548
58833.529794 23.411849 0.030524752
58833.530369 23.424189 0.025766391
58833.530936 23.462434 0.022854139
58833.531508 23.447225 0.018920184
58833.532068 23.448007 0.01793261
58833.532639 23.408214 0.018884095
58833.533201 23.441594 0.017935955
58833.533765 23.436447 0.018934757
58833.534319 23.414428 0.019827488
58833.534878 23.435632 0.016911683
58833.535457 23.413851 0.016903862
58833.536022 23.448935 0.018891775
58833.536586 23.419396 0.015944059
58833.537148 23.450347 0.015945546
58833.537706 23.436032 0.017894599
58833.538275 23.438748 0.015952922
58833.538843 23.448214 0.01595129
58833.539403 23.423522 0.015942397
58833.539961 23.458412 0.016939729
58833.540691 23.459466 0.015964907
58833.54127 23.431376 0.016930895
58833.541834 23.43985 0.014966305
58833.542384 23.450256 0.016918919
58833.542946 23.452622 0.016943057
58833.543507 23.434517 0.01597386
58833.544071 23.428368 0.01597143
58833.544644 23.424423 0.013975388
58833.545206 23.450049 0.015953775
58833.545767 23.429516 0.016956004
58833.54634 23.427889 0.017936147
58833.546924 23.447141 0.01594046
58833.547488 23.41748 0.014950239
58833.548053 23.490624 0.014949442
58833.548633 23.435584 0.016949136
58833.549203 23.417786 0.014975066
58833.549779 23.457533 0.016958798
58833.550355 23.421271 0.015964964
58833.550911 23.435409 0.013975845
58833.551466 23.443434 0.016941482
58833.552025 23.439303 0.015906691
58833.552609 23.423994 0.015948069
58833.553172 23.455836 0.017929664
58833.553736 23.437704 0.016949708
58833.554298 23.42279 0.014972433
58833.554862 23.461714 0.016960932
58833.55542 23.476644 0.017974824
58833.556007 23.430244 0.017973296
58833.556565 23.419813 0.018977475
58833.557125 23.423296 0.016974311
58833.557676 23.456606 0.017974934
58833.558245 23.413257 0.017963934
58833.558811 23.423921 0.015963678
58833.559373 23.483779 0.015943635
58833.559928 23.418187 0.014930606
58833.560497 23.463081 0.017825117
58833.561052 23.394242 0.013954626
58833.561629 23.44338 0.017921189
58833.562183 23.441697 0.016943856
58833.562742 23.413572 0.015958886
58833.563315 23.443973 0.015947318
58833.563889 23.360025 0.013932319
58833.564461 23.446629 0.016797463
58833.565019 23.435987 0.012980062
58833.565576 23.431688 0.013991749
58833.566153 23.428975 0.013973638
58833.566722 23.403613 0.016949892
58833.56729 23.489615 0.016945637
58833.56785 23.38272 0.015928666
58833.568406 23.41392 0.014966683
58833.568961 23.434492 0.015976777
58833.569533 23.463391 0.015982887
58833.570095 23.447319 0.016974389
58833.57065 23.456255 0.01698303
58833.57121 23.467374 0.013986737
58833.571768 23.481676 0.014970785
58833.572322 23.434559 0.015978679
58833.572898 23.436512 0.015953899
58833.573468 23.456398 0.014945787
58833.574037 23.371169 0.014944764
58833.574593 23.429821 0.01495158
58833.575159 23.426832 0.016805
58833.575726 23.392073 0.013897239
58833.576286 23.422496 0.014880019
58833.576839 23.435735 0.016872845
58833.577403 23.449275 0.016931218
58833.577964 23.439128 0.015957979
58833.578544 23.468468 0.017955358
58833.579114 23.447202 0.01593878
58833.579688 23.446533 0.015922567
58833.580238 23.397083 0.014940502
58833.58081 23.385673 0.014925448
58833.581375 23.428309 0.015903948
58833.581944 23.436335 0.014919892
58833.582509 23.475676 0.013962106
58833.58308 23.447399 0.016925537
58833.583647 23.414275 0.01393247
58833.584215 23.395407 0.016824238
58833.584762 23.498939 0.013936252
58833.585316 23.464081 0.014928703
58833.585886 23.427113 0.012968367
58833.586442 23.412635 0.014928008
58833.587001 23.440495 0.014953437
58833.587566 23.449282 0.016880234
58833.58814 23.405481 0.016909561
58833.588711 23.451225 0.014959536
58833.589285 23.4223 0.012980164
58833.589857 23.465776 0.012960033
58833.590423 23.497026 0.016826323
58833.590994 23.409898 0.015917426
58833.591559 23.396846 0.018695769
58833.592112 23.460255 0.017784839
58833.592665 23.427613 0.017832461
58833.593224 23.426924 0.017873499
58833.593796 23.402269 0.019838576
58833.594369 23.439141 0.021402675
58833.59492 23.428421 0.019636389
58833.595528 23.404873 0.015898183
58833.596082 23.401048 0.016859902
58833.596665 23.428283 0.018852288
58833.597231 23.439616 0.016889905
58833.597797 23.430698 0.016917214
58833.59838 23.404167 0.014945708
58833.598947 23.424146 0.014944296
58833.599512 23.423322 0.017924941
58833.60009 23.414638 0.016932821
58833.600655 23.421846 0.017950964
58833.601221 23.424153 0.016922172
58833.601788 23.437622 0.015948623
58833.602358 23.458246 0.015944095
58833.602926 23.422336 0.01594045
58833.60349 23.442081 0.01879078
58833.604047 23.42255 0.01593489
58833.604615 23.458177 0.016887149
58833.605171 23.393067 0.016908709
58833.605736 23.460439 0.017887528
58833.606292 23.411837 0.017900066
58833.606846 23.432868 0.017871246
58833.607409 23.433755 0.0178951
58833.607972 23.427629 0.017892781
58833.608554 23.436316 0.018871692
58833.609122 23.433265 0.01594097
58833.609691 23.435434 0.017802366
58833.61027 23.433722 0.016895715
58833.610843 23.446689 0.016907841
58833.611415 23.415209 0.015887086
58833.611993 23.434495 0.015873257
58833.612577 23.417919 0.013881426
58833.613137 23.436336 0.015892564
58833.613696 23.404912 0.015837667
58833.614278 23.421749 0.014902232
58833.614853 23.449479 0.015851352
58833.615407 23.470542 0.016848702
58833.615983 23.424712 0.015888869
58833.616534 23.426973 0.015917226
58833.617093 23.442453 0.017897047
58833.617655 23.442151 0.017928331
58833.618216 23.453189 0.01689616
58833.618781 23.459721 0.01695723
58833.619336 23.430076 0.016931758
58833.619908 23.445399 0.016911904
58833.620489 23.44098 0.01692537
58833.621073 23.444748 0.016951455
58833.621643 23.440223 0.015918754
58833.622212 23.448733 0.016923795
58833.622786 23.408695 0.017892192
58833.623339 23.429199 0.015914365
58833.623898 23.440894 0.016920944
58833.624467 23.442332 0.017936798
58833.625042 23.447523 0.016931012
58833.625625 23.437359 0.016932382
58833.626195 23.450655 0.015959904
58833.626758 23.436648 0.01593867
58833.627345 23.433658 0.0159577
58833.627901 23.42656 0.016957148
58833.628481 23.442433 0.016957828
58833.629058 23.431792 0.01595662
58833.629625 23.465997 0.013978216
58833.630194 23.428022 0.014974926
58833.630754 23.4613 0.016966053
58833.631339 23.418166 0.016864432
58833.631919 23.463773 0.017791492
58833.632476 23.419917 0.014902748
58833.633035 23.44481 0.015901987
58833.633609 23.451254 0.015915044
58833.634176 23.419526 0.018916988
58833.63477 23.446078 0.016922723
58833.63533 23.429738 0.016961981
58833.635896 23.438621 0.016930033
58833.636454 23.445252 0.01397248
58833.637031 23.438913 0.015933939
58833.637603 23.442825 0.016947829
58833.638178 23.435131 0.01594648
58833.638751 23.44011 0.015961411
58833.639317 23.43646 0.01695294
58833.639885 23.456591 0.016958422
58833.640451 23.427695 0.015983622
58833.641017 23.425301 0.01497836
58833.641587 23.459955 0.017959099
58833.642165 23.424137 0.016962323
58833.642733 23.442194 0.015963987
58833.643298 23.444374 0.015973646
58833.643881 23.449632 0.016968281
58833.644463 23.446079 0.015979655
58833.645038 23.439726 0.01596583
58833.645621 23.450893 0.016960222
58833.646196 23.446711 0.016934486
58833.646775 23.428866 0.015964722
58833.647352 23.450678 0.016963315
58833.647947 23.428105 0.017931567
58833.648518 23.445148 0.017977297
58833.649091 23.461846 0.015966932
58833.649661 23.443843 0.015964044
58833.650234 23.453837 0.017968918
58833.650812 23.449924 0.014979404
58833.651385 23.440243 0.015963717
58833.651942 23.449908 0.016959715
58833.652501 23.450518 0.015962498
58833.653051 23.444675 0.016978707
58833.653627 23.449886 0.015966868
58833.654196 23.433464 0.015973561
58833.654761 23.431654 0.016965856
58833.655332 23.429154 0.016976527
58833.655903 23.446449 0.015984011
58833.656459 23.43263 0.015983249
58833.657018 23.460707 0.014982973
58833.657575 23.45081 0.016983255
58833.658134 23.440983 0.016964399
58833.658729 23.44693 0.014977476
58833.659291 23.436441 0.01497943
58833.659866 23.443451 0.01598293
58833.660428 23.453471 0.017960279
58833.660996 23.437839 0.016974101
58833.661568 23.427395 0.015972224
58833.662129 23.430622 0.017945949
58833.662686 23.456109 0.018934494
58833.663254 23.423362 0.016977074
58833.663845 23.424235 0.017944184
58833.664399 23.439591 0.01796183
58833.664959 23.442526 0.018962214
58833.66553 23.430945 0.016972922
58833.666087 23.450956 0.016983975
58833.666661 23.435842 0.015986243
58833.66724 23.478308 0.015984393
58833.667808 23.456775 0.017977603
58833.668374 23.460521 0.0179825
58833.66894 23.448991 0.017978903
58833.669515 23.448546 0.016982896
58833.670105 23.452165 0.017973113
58833.670664 23.433635 0.017955261
58833.671231 23.451869 0.017960624
58833.671792 23.441844 0.016960194
58833.672357 23.445401 0.017953796
58833.672921 23.419203 0.015968276
58833.6735 23.457312 0.016974716
58833.674063 23.454546 0.017974809
58833.674632 23.449169 0.016954011
58833.675223 23.438542 0.017927676
58833.67579 23.447215 0.017945096
58833.67635 23.444389 0.017932871
58833.676916 23.427738 0.015964958
58833.677484 23.423169 0.017947031
58833.678056 23.416281 0.017944692
58833.678616 23.432548 0.020842948
58833.679182 23.43065 0.018898553
58833.679761 23.423567 0.020862807
58833.680323 23.419766 0.02268522
58833.680894 23.442445 0.020772491
58833.681455 23.424141 0.020862785
58833.68202 23.433332 0.021775075
58833.682591 23.435354 0.021772618
58833.683157 23.442865 0.019869241
58833.683728 23.406757 0.018879987
58833.68429 23.411046 0.020842371
58833.684864 23.416147 0.018908295
58833.685427 23.434331 0.019905452
58833.686006 23.449352 0.019883563
58833.68663 23.449941 0.018942081
58833.687197 23.401916 0.018940034
58833.687766 23.436791 0.017949107
58833.688335 23.420854 0.018953019
58833.6889 23.431378 0.01893715
58833.689473 23.443881 0.018930421
58833.690035 23.420314 0.016939097
58833.690606 23.444104 0.017950572
58833.691182 23.429303 0.016957734
58833.691769 23.435678 0.017929569
58833.692334 23.423291 0.017924352
58833.692912 23.417324 0.01691031
58833.693482 23.422449 0.017924712
58833.694055 23.452263 0.017932319
58833.694629 23.446445 0.017961462
58833.695214 23.420296 0.018937848
58833.695788 23.421451 0.018934269
58833.696709 23.451622 0.01891651
58833.697282 23.437082 0.019886965
58833.697854 23.438122 0.019918726
58833.698426 23.443803 0.017936892
58833.698997 23.43916 0.019917703
58833.699574 23.446208 0.018955799
58833.700162 23.447694 0.017962725
58833.700738 23.434367 0.017954706
58833.701314 23.43001 0.016962401
58833.701879 23.456078 0.024946109
58833.702433 23.429745 0.020969757
58833.702997 23.445949 0.018973019
58833.703569 23.431926 0.018974899
58833.704138 23.455742 0.018977855
58833.704693 23.452966 0.018969791
58833.705269 23.483203 0.016967898
58833.705842 23.457942 0.017960163
58833.706416 23.456821 0.018950269
58833.706995 23.461502 0.01997797
58833.70756 23.45262 0.017965097
58833.708139 23.449816 0.017967553
58833.708701 23.421114 0.017967323
58833.709269 23.463894 0.017968692
58833.709837 23.446755 0.017943414
58833.710398 23.4354 0.016965721
58833.710961 23.446957 0.017957687
58833.711531 23.448005 0.018948384
58833.712096 23.431269 0.018933655
58833.712678 23.446072 0.01696743
58833.713245 23.4353 0.020928369
58833.713811 23.45223 0.018957571
58833.71438 23.43247 0.017963579
58833.714942 23.429467 0.01795491
58833.715515 23.430338 0.016963163
58833.716099 23.482813 0.017980786
58833.716662 23.46488 0.018970717
58833.717217 23.441326 0.016973234
58833.717786 23.42941 0.017950396
58833.718352 23.440127 0.018943469
58833.718933 23.448238 0.017941769
58833.719515 23.426197 0.017963606
58833.720081 23.435267 0.016941505
58833.720652 23.435775 0.017954691
58833.721229 23.438636 0.017949209
58833.721798 23.453562 0.018946753
58833.722365 23.409008 0.015969524
58833.722938 23.438082 0.016968508
58833.723517 23.448897 0.017964444
58833.724095 23.434339 0.016971026
58833.724659 23.440744 0.018938067
58833.725228 23.442456 0.01695382
58833.725794 23.44166 0.016967225
58833.726369 23.426805 0.018915256
58833.726949 23.392579 0.018912637
58833.727521 23.447252 0.01888514
58833.728085 23.427619 0.017936046
58833.728659 23.440985 0.016960637
58833.729226 23.434915 0.018940335
58833.729803 23.44157 0.015967488
58833.730359 23.432449 0.016964998
58833.730924 23.459559 0.016971131
58833.731502 23.432493 0.017955032
58833.732059 23.439073 0.018931017
58833.732632 23.40752 0.016943213
58833.733194 23.444565 0.017947142
58833.733759 23.434023 0.019873102
58833.734321 23.444173 0.018901547
58833.734879 23.416348 0.020879504
58833.735444 23.417029 0.019846453
58833.736003 23.416754 0.019906663
58833.736571 23.426059 0.02183115
58833.737136 23.433872 0.01988701
58833.737691 23.418829 0.018886374
58833.738267 23.404132 0.019761784
58833.738823 23.421402 0.018885468
58833.739382 23.451681 0.019867679
58833.739948 23.395753 0.01885733
58833.740522 23.434917 0.019825313
58833.741085 23.423518 0.020794937
58833.741647 23.433213 0.019889795
58833.742215 23.435954 0.018909752
58833.742788 23.412124 0.018827344
58833.743365 23.41315 0.01989552
58833.743953 23.409948 0.018889044
58833.744526 23.446177 0.019898927
58833.745093 23.443568 0.017931042
58833.745664 23.421588 0.018917208
58833.746226 23.449699 0.019921213
58833.746789 23.423247 0.01792934
58833.747358 23.443341 0.017945789
58833.747921 23.428081 0.016944795
58833.748478 23.447461 0.017961627
58833.749035 23.432869 0.015967328
58833.749599 23.436297 0.017964223
58833.750168 23.417538 0.0178999
58833.750733 23.426356 0.018900647
58833.751298 23.429754 0.018818483
58833.751854 23.402297 0.019886314
58833.752416 23.395665 0.018908581
58833.752988 23.430973 0.017923421
58833.753539 23.441543 0.017921361
58833.7541 23.437311 0.01793557
58833.754655 23.45309 0.01696293
58833.75523 23.436039 0.017963623
58833.755803 23.412683 0.015962403
58833.756377 23.452925 0.018954758
58833.756948 23.446512 0.017976893
58833.757519 23.427981 0.017967484
58833.758074 23.446562 0.018948839
58833.758639 23.420752 0.018874867
58833.759204 23.421837 0.021923302
58833.759765 23.435252 0.019946866
58833.760341 23.460167 0.019961438
58833.760921 23.435906 0.018954643
58833.761489 23.446661 0.020898104
58833.76205 23.43764 0.018953312
58833.762618 23.446978 0.019932981
58833.763196 23.420655 0.016965253
58833.763771 23.450694 0.01696847
58833.764345 23.441508 0.01896523
58833.764904 23.456378 0.018975584
58833.765469 23.469476 0.019967435
58833.766035 23.440232 0.019964007
58833.766604 23.445201 0.01994662
58833.767179 23.414261 0.017964155
58833.767754 23.455059 0.019970868
58833.768337 23.425754 0.018963724
58833.768906 23.432957 0.017967078
58833.769468 23.456041 0.019956028
58833.770037 23.420786 0.019959132
58833.770609 23.46096 0.022955781
58833.771176 23.468103 0.021908155
58833.77175 23.420626 0.019913809
58833.772312 23.478931 0.021868487
58833.772873 23.405019 0.021852055
58833.773436 23.402799 0.023834478
58833.774013 23.457723 0.024862947
58833.774581 23.432305 0.023888744
58833.775149 23.405299 0.022885325
58833.775718 23.416311 0.021887881
58833.776274 23.4299 0.020918134
58833.776849 23.412306 0.020938702
58833.777425 23.443516 0.022927311
58833.777996 23.41669 0.021892765
58833.778564 23.447248 0.019943158
58833.779126 23.428169 0.021926627
58833.779701 23.424292 0.021889518
58833.780275 23.465461 0.019921116
58833.780836 23.425502 0.022855114
58833.781394 23.409593 0.020896435
58833.781959 23.432262 0.020927448
58833.78252 23.447136 0.020938706
58833.783078 23.409584 0.021885729
58833.783656 23.450483 0.021909916
58833.784224 23.422347 0.021946599
58833.784791 23.425146 0.020915916
58833.785359 23.449372 0.023934916
58833.785923 23.425347 0.019957819
58833.786499 23.428731 0.020943749
58833.787075 23.45967 0.018946242
58833.787657 23.436218 0.021941293
58833.788243 23.425608 0.018952676
58833.788815 23.456263 0.019954699
58833.789431 23.428093 0.017945819
58833.789993 23.43975 0.018953325
58833.790558 23.443826 0.01996121
58833.791114 23.458988 0.018963075
58833.791692 23.44711 0.017979308
58833.792254 23.444774 0.016966492
58833.792819 23.440482 0.016973238
58833.793386 23.440627 0.01796236
58833.793945 23.436945 0.018954501
58833.794517 23.439897 0.017942581
58833.79508 23.461463 0.015977041
58833.795646 23.452228 0.016966556
58833.796225 23.45043 0.017973015
58833.79679 23.478802 0.016978753
58833.797352 23.433652 0.017973219
58833.797908 23.449814 0.017979201
58833.798484 23.454991 0.017979767
58833.799061 23.453286 0.017968427
58833.799624 23.441858 0.017968241
58833.800185 23.454535 0.018976951
58833.800756 23.44636 0.016979294
58833.801313 23.443771 0.017955398
58833.801876 23.45176 0.01796612
58833.802443 23.455383 0.017965678
58833.803031 23.458346 0.018974204
58833.803608 23.449948 0.016968362
58833.804175 23.445772 0.016979412
58833.804741 23.447972 0.018975761
58833.805316 23.441854 0.018970238
58833.805876 23.460923 0.018964282
58833.806445 23.493078 0.018979878
58833.807016 23.445948 0.018974136
58833.807582 23.467713 0.019948506
58833.80816 23.441424 0.018968583
58833.808724 23.436931 0.018965504
58833.809281 23.460185 0.017965835
58833.809857 23.443573 0.017976023
58833.810432 23.421519 0.016976342
58833.811002 23.448848 0.018974518
58833.81157 23.451137 0.017975868
58833.812141 23.463219 0.018973568
58833.81271 23.465093 0.016979161
58833.813283 23.450106 0.017981316
58833.81385 23.461011 0.015981615
58833.814425 23.47957 0.016978788
58833.81499 23.464004 0.016982974
58833.815567 23.471875 0.017976167
58833.816133 23.470927 0.016979633
58833.816698 23.456512 0.017978234
58833.817289 23.47056 0.01697731
58833.817864 23.42213 0.016971134
58833.818429 23.433979 0.017962509
58833.819011 23.455242 0.018958943
58833.819573 23.464917 0.015972526
58833.820146 23.449924 0.01696444
58833.82073 23.463026 0.018965122
58833.821295 23.460197 0.01697328
58833.821869 23.427547 0.017975635
58833.822431 23.458798 0.019966412
58833.822986 23.459094 0.01997048
58833.823546 23.457478 0.020947748
58833.824122 23.433867 0.018969447
58833.82469 23.446553 0.019966675
58833.82527 23.461914 0.020960079
58833.825842 23.45259 0.020962976
58833.826414 23.425266 0.019954421
58833.826987 23.450272 0.019934329
58833.827559 23.426601 0.018956416
58833.828123 23.451986 0.019977175
58833.828694 23.447096 0.017963001
58833.829263 23.460744 0.016971265
58833.829826 23.453156 0.016974966
58833.830398 23.449109 0.01894276
58833.830961 23.450797 0.016968326
58833.831526 23.457932 0.0179684
58833.832097 23.473011 0.016971919
58833.83267 23.45041 0.016970526
58833.833228 23.456434 0.016968853
58833.833798 23.439835 0.016971822
58833.834371 23.449412 0.018950982
58833.834936 23.446959 0.015974364
58833.83551 23.445596 0.016974674
58833.836083 23.448392 0.016967207
58833.836648 23.451843 0.017944995
58833.837231 23.446534 0.018958628
58833.837806 23.428363 0.016955035
58833.83839 23.43004 0.017950396
58833.838952 23.487831 0.020922891
58833.839512 23.441928 0.017958573
58833.840078 23.45382 0.017961104
58833.840638 23.442128 0.018937227
58833.841214 23.444867 0.018956799
58833.841784 23.44751 0.017969484
58833.842354 23.442072 0.016971615
58833.842932 23.441282 0.015966399
58833.8435 23.442364 0.017970881
58833.844068 23.414753 0.017960171
58833.84464 23.454958 0.019934401
58833.845192 23.444599 0.019961752
58833.845764 23.460793 0.017973496
58833.846315 23.448938 0.017979784
58833.846882 23.464167 0.018971319
58833.847447 23.455537 0.018975441
58833.848017 23.453232 0.017975865
58833.848583 23.462616 0.021962734
58833.849139 23.463814 0.021961224
58833.849713 23.432678 0.018964872
58833.850286 23.43613 0.018975631
