HJD mag magerr
58833.526351 24.60453 0.1017758
58833.526938 24.430369 0.08963659
58833.527497 24.610691 0.0838289
58833.528073 24.552487 0.077687506
58833.52864 24.527482 0.057832367
58833.529223 24.583811 0.076619196
58833.529794 24.578158 0.074620867
58833.530369 24.664823 0.058761636
58833.530936 24.616031 0.050900446
58833.531508 24.533471 0.041893236
58833.532068 24.551108 0.038909902
58833.532639 24.606549 0.036900037
58833.533201 24.607663 0.038934711
58833.533765 24.598383 0.036940277
58833.534319 24.557642 0.043735906
58833.534878 24.538599 0.035818202
58833.535457 24.595559 0.039837483
58833.536022 24.562126 0.03193018
58833.536586 24.548358 0.029945864
58833.537148 24.579252 0.028941174
58833.537706 24.547356 0.031891026
58833.538275 24.56961 0.027932368
58833.538843 24.55818 0.027935893
58833.539403 24.526106 0.026936756
58833.539961 24.564315 0.026947601
58833.540691 24.578745 0.025965667
58833.54127 24.591259 0.027933508
58833.541834 24.532391 0.024949952
58833.542384 24.600006 0.026945052
58833.542946 24.599841 0.024940723
58833.543507 24.560959 0.02195804
58833.544071 24.544739 0.021974454
58833.544644 24.597962 0.021968709
58833.545206 24.52649 0.025943731
58833.545767 24.574124 0.025956024
58833.54634 24.577443 0.023966313
58833.546924 24.585703 0.025949504
58833.547488 24.520297 0.023945575
58833.548053 24.613412 0.023950314
58833.548633 24.617975 0.023966728
58833.549203 24.568682 0.022963006
58833.549779 24.566018 0.023960839
58833.550355 24.539411 0.024947874
58833.550911 24.57181 0.024938988
58833.551466 24.575793 0.023947311
58833.552025 24.56848 0.024924075
58833.552609 24.553588 0.026922148
58833.553172 24.584958 0.026949902
58833.553736 24.573925 0.023957804
58833.554298 24.597185 0.021970162
58833.554862 24.584157 0.023967772
58833.55542 24.607631 0.026978357
58833.556007 24.610579 0.026982066
58833.556565 24.583006 0.026980192
58833.557125 24.600076 0.025975928
58833.557676 24.585059 0.023982276
58833.558245 24.617408 0.024967155
58833.558811 24.557491 0.025950908
58833.559373 24.598237 0.023943876
58833.559928 24.586963 0.02887535
0.0 0.0 0.0
58833.561052 24.565311 0.023920571
58833.561629 24.573233 0.030911812
58833.562183 24.580503 0.024949689
58833.562742 24.597149 0.023953819
58833.563315 24.527017 0.024954779
58833.563889 24.516797 0.027851984
58833.564461 24.584277 0.029782226
58833.565019 24.524862 0.017974097
58833.565576 24.548639 0.017990663
58833.566153 24.529409 0.022943061
58833.566722 24.588002 0.02394973
58833.56729 24.595705 0.023947676
58833.56785 24.622882 0.026916736
58833.568406 24.54775 0.018980213
58833.568961 24.57712 0.020978309
58833.569533 24.561144 0.019983898
58833.570095 24.525323 0.019976185
58833.57065 24.594482 0.021985609
58833.57121 24.570783 0.020976808
58833.571768 24.571466 0.02297725
58833.572322 24.576543 0.020972873
58833.572898 24.579464 0.023963254
58833.573468 24.546253 0.025870151
58833.574037 24.497161 0.023911145
58833.574593 24.619075 0.025916047
58833.575159 24.569527 0.030748202
58833.575726 24.598156 0.027819981
58833.576286 24.549468 0.023869908
58833.576839 24.651331 0.025886452
58833.577403 24.615476 0.022958231
58833.577964 24.576116 0.021963679
58833.578544 24.530771 0.022943317
58833.579114 24.57774 0.021962651
58833.579688 24.56722 0.024926006
58833.580238 24.54179 0.025915524
58833.58081 24.55625 0.022932137
58833.581375 24.694214 0.028819651
58833.581944 24.636095 0.025917061
58833.582509 24.610521 0.021953967
58833.58308 24.594605 0.027915653
58833.583647 24.605991 0.027881041
58833.584215 24.551536 0.02880869
58833.584762 24.542412 0.023907871
58833.585316 24.482013 0.022884968
58833.585886 24.584191 0.021933025
58833.586442 24.585513 0.022941019
58833.587001 24.54695 0.023928118
58833.587566 24.491813 0.028880366
58833.58814 24.68533 0.030899691
58833.588711 24.569299 0.019973902
58833.589285 24.582694 0.019960279
58833.589857 24.531737 0.024801639
58833.590423 24.593982 0.030787745
58833.590994 24.455091 0.027827763
58833.591559 24.56776 0.038750741
58833.592112 24.613018 0.035774228
58833.592665 24.571098 0.036754789
58833.593224 24.55108 0.036828284
58833.593796 24.566419 0.043834223
58833.594369 24.513698 0.049547978
58833.59492 24.560219 0.038770827
58833.595528 24.560224 0.032804237
58833.596082 24.570575 0.034870783
58833.596665 24.593704 0.029875405
58833.597231 24.54838 0.031845928
58833.597797 24.533239 0.027917258
58833.59838 24.49478 0.022955518
58833.598947 24.542714 0.023944004
58833.599512 24.596178 0.028924126
58833.60009 24.546975 0.025945845
58833.600655 24.601684 0.028950343
58833.601221 24.555339 0.023931074
58833.601788 24.552407 0.025951904
58833.602358 24.617453 0.025938635
58833.602926 24.592916 0.026906481
58833.60349 24.591357 0.033825441
58833.604047 24.616782 0.028930852
58833.604615 24.590309 0.029895403
58833.605171 24.514501 0.03284287
58833.605736 24.619664 0.030896502
58833.606292 24.56407 0.029897885
58833.606846 24.563861 0.029875627
58833.607409 24.539398 0.029890671
58833.607972 24.583683 0.03091673
58833.608554 24.694251 0.036857959
58833.609122 24.568471 0.029906926
58833.609691 24.643722 0.033848357
58833.61027 24.558504 0.026904043
58833.610843 24.561318 0.024902228
58833.611415 24.552823 0.026884934
58833.611993 24.606245 0.028866593
58833.612577 24.591765 0.025865435
58833.613137 24.62127 0.029865217
58833.613696 24.621876 0.028846808
58833.614278 24.582413 0.024889756
58833.614853 24.62318 0.028822056
58833.615407 24.588039 0.029855127
58833.615983 24.573102 0.027882348
58833.616534 24.558609 0.024914199
58833.617093 24.549776 0.03190145
58833.617655 24.543365 0.026932824
58833.618216 24.583158 0.027937727
58833.618781 24.575051 0.026944824
58833.619336 24.577107 0.027934133
58833.619908 24.549643 0.02792376
58833.620489 24.595676 0.024931857
58833.621073 24.570969 0.024941054
58833.621643 24.564754 0.027912884
58833.622212 24.566297 0.026923598
58833.622786 24.55356 0.031887691
58833.623339 24.522186 0.025934985
58833.623898 24.579107 0.028918087
58833.624467 24.560081 0.026939608
58833.625042 24.556671 0.027928606
58833.625625 24.615512 0.0269366
58833.626195 24.61723 0.025946672
58833.626758 24.581993 0.024902982
58833.627345 24.576094 0.02496093
58833.627901 24.602396 0.025960307
58833.628481 24.598126 0.02496184
58833.629058 24.587234 0.025957956
58833.629625 24.541466 0.023962536
58833.630194 24.56745 0.026962133
58833.630754 24.576832 0.025967563
58833.631339 24.602284 0.026912271
58833.631919 24.65374 0.032817056
58833.632476 24.530231 0.031844813
58833.633035 24.617575 0.028893595
58833.633609 24.613341 0.029882873
58833.634176 24.599541 0.037926459
58833.63477 24.512264 0.028912158
58833.63533 24.582054 0.026951972
58833.635896 24.597396 0.026926906
58833.636454 24.540415 0.024966444
58833.637031 24.55656 0.027897431
58833.637603 24.561952 0.02694406
58833.638178 24.508964 0.02590946
58833.638751 24.589869 0.025961754
58833.639317 24.625339 0.025959401
58833.639885 24.546243 0.023963838
58833.640451 24.601156 0.024980102
58833.641017 24.575963 0.022978277
58833.641587 24.575745 0.025962339
58833.642165 24.611389 0.026966496
58833.642733 24.575535 0.021967412
58833.643298 24.559726 0.024961233
58833.643881 24.541198 0.02395057
58833.644463 24.572944 0.022980122
58833.645038 24.550646 0.024967976
58833.645621 24.519913 0.025946616
58833.646196 24.596449 0.027947714
58833.646775 24.595225 0.026964845
58833.647352 24.551081 0.025968747
58833.647947 24.560575 0.02794158
58833.648518 24.558991 0.025981063
58833.649091 24.59076 0.023970845
58833.649661 24.582211 0.026977636
58833.650234 24.577044 0.024978124
58833.650812 24.57817 0.024971906
58833.651385 24.591476 0.026964878
58833.651942 24.632682 0.025965776
58833.652501 24.582075 0.025975989
58833.653051 24.532797 0.021982192
58833.653627 24.574309 0.025977238
58833.654196 24.580232 0.025962499
58833.654761 24.571452 0.023970006
58833.655332 24.526961 0.024977063
58833.655903 24.588097 0.026979739
58833.656459 24.582215 0.026979983
58833.657018 24.573974 0.027982711
58833.657575 24.611597 0.026983484
58833.658134 24.597494 0.024976909
58833.658729 24.565839 0.026966099
58833.659291 24.553365 0.026970602
58833.659866 24.596443 0.024982722
58833.660428 24.551716 0.026966499
58833.660996 24.557136 0.025968674
58833.661568 24.585383 0.027967289
58833.662129 24.58132 0.026950833
58833.662686 24.539034 0.031944338
58833.663254 24.569282 0.025979402
58833.663845 24.545097 0.03192383
58833.664399 24.571428 0.029963274
58833.664959 24.545006 0.028978924
58833.66553 24.591909 0.028974106
58833.666087 24.609154 0.02898111
58833.666661 24.562857 0.023983029
58833.66724 24.564531 0.02398639
58833.667808 24.574138 0.027983374
58833.668374 24.571282 0.025981086
58833.66894 24.563607 0.030974864
58833.669515 24.553946 0.02797261
58833.670105 24.543817 0.029965074
58833.670664 24.520058 0.025964443
58833.671231 24.573626 0.030967523
58833.671792 24.64435 0.030962844
58833.672357 24.531731 0.031963446
58833.672921 24.541806 0.028961709
58833.6735 24.54479 0.030976185
58833.674063 24.577885 0.025980301
58833.674632 24.560181 0.030961725
58833.675223 24.553853 0.032911872
58833.67579 24.591046 0.033952104
58833.67635 24.547708 0.0329442
58833.676916 24.563602 0.032963385
58833.677484 24.579078 0.033957151
58833.678056 24.529326 0.031952699
58833.678616 24.626313 0.042857247
58833.679182 24.555866 0.039875134
58833.679761 24.575068 0.04180671
58833.680323 24.511778 0.050604306
58833.680894 24.506127 0.041810043
58833.681455 24.577421 0.046684856
58833.68202 24.527062 0.040792451
58833.682591 24.557783 0.043788062
58833.683157 24.550614 0.041883737
58833.683728 24.618361 0.04387078
58833.68429 24.590165 0.044780229
58833.684864 24.54857 0.033926762
58833.685427 24.53843 0.03791853
58833.686006 24.597672 0.037892366
58833.68663 24.511072 0.03595099
58833.687197 24.540917 0.034965753
58833.687766 24.562865 0.037954188
58833.688335 24.62183 0.035962573
58833.6889 24.559052 0.035950916
58833.689473 24.556705 0.036945599
58833.690035 24.60434 0.033945371
58833.690606 24.556335 0.036922156
58833.691182 24.600973 0.034954645
58833.691769 24.527629 0.032936433
58833.692334 24.582904 0.038894529
58833.692912 24.571743 0.033922725
58833.693482 24.619104 0.034937058
58833.694055 24.586574 0.032939819
58833.694629 24.601396 0.032961443
58833.695214 24.574842 0.033954451
58833.695788 24.551517 0.033948433
58833.696709 24.557645 0.037948296
58833.697282 24.586398 0.039911449
58833.697854 24.627369 0.041929236
58833.698426 24.613278 0.037948028
58833.698997 24.61082 0.040934255
58833.699574 24.581425 0.034966054
58833.700162 24.585895 0.035970048
58833.700738 24.558507 0.031959679
58833.701314 24.564078 0.036958518
58833.701879 24.517265 0.050961363
58833.702433 24.56889 0.041974439
58833.702997 24.55344 0.031978001
58833.703569 24.562664 0.03196599
58833.704138 24.538686 0.032981038
58833.704693 24.522688 0.029976656
58833.705269 24.571417 0.031966748
58833.705842 24.562254 0.033955349
58833.706416 24.591428 0.036944261
58833.706995 24.587402 0.029975466
58833.70756 24.524938 0.032960701
58833.708139 24.573491 0.031963396
58833.708701 24.521495 0.030970952
58833.709269 24.571633 0.034970695
58833.709837 24.573789 0.033968361
58833.710398 24.58538 0.03297197
58833.710961 24.565016 0.037938215
58833.711531 24.604672 0.035957787
58833.712096 24.601712 0.036954301
58833.712678 24.510018 0.030952671
58833.713245 24.585455 0.031961221
58833.713811 24.563722 0.029963091
58833.71438 24.597767 0.029970116
58833.714942 24.539823 0.030964265
58833.715515 24.575451 0.030962505
58833.716099 24.623938 0.029975155
58833.716662 24.55626 0.033975983
58833.717217 24.555437 0.029973928
58833.717786 24.50414 0.030961935
58833.718352 24.536428 0.030955455
58833.718933 24.573253 0.031961265
58833.719515 24.586934 0.036957534
58833.720081 24.593775 0.031948664
58833.720652 24.587531 0.03396112
58833.721229 24.592106 0.035949311
58833.721798 24.528663 0.035949589
58833.722365 24.549522 0.029958123
58833.722938 24.524862 0.026974928
58833.723517 24.524107 0.028959681
58833.724095 24.568346 0.028965647
58833.724659 24.554969 0.031961389
58833.725228 24.534046 0.029962883
58833.725794 24.562592 0.032962792
58833.726369 24.566539 0.031944652
58833.726949 24.596816 0.035926267
58833.727521 24.568465 0.031893344
58833.728085 24.588294 0.033912275
58833.728659 24.611422 0.035946381
58833.729226 24.565184 0.029949992
58833.729803 24.627707 0.032963274
58833.730359 24.544827 0.029953158
58833.730924 24.567376 0.028964746
58833.731502 24.602765 0.031961443
58833.732059 24.513195 0.037899696
58833.732632 24.588078 0.033942516
58833.733194 24.571294 0.035918985
58833.733759 24.572312 0.036878475
58833.734321 24.59438 0.039912852
58833.734879 24.604405 0.040894868
58833.735444 24.656002 0.043847121
58833.736003 24.548905 0.042865429
58833.736571 24.591995 0.049857663
58833.737136 24.642331 0.047860494
58833.737691 24.542215 0.039903658
58833.738267 24.492155 0.043785799
58833.738823 24.581478 0.038882363
58833.739382 24.609661 0.040899482
58833.739948 24.550141 0.042841171
58833.740522 24.540676 0.043846666
58833.741085 24.626013 0.048811591
58833.741647 24.572985 0.03790348
58833.742215 24.505462 0.03392526
58833.742788 24.547168 0.036843365
58833.743365 24.543601 0.040899136
58833.743953 24.624901 0.041888385
58833.744526 24.597866 0.035913208
58833.745093 24.531364 0.031941868
58833.745664 24.569042 0.03892529
58833.746226 24.537645 0.032937823
58833.746789 24.57657 0.03293724
58833.747358 24.592197 0.031954196
58833.747921 24.606401 0.031948997
58833.748478 24.569116 0.029956153
58833.749035 24.575673 0.032954228
58833.749599 24.573103 0.029952342
58833.750168 24.569929 0.03490483
58833.750733 24.514113 0.03191457
58833.751298 24.521276 0.035868555
58833.751854 24.583386 0.041875185
58833.752416 24.53066 0.034917107
58833.752988 24.542721 0.033922756
58833.753539 24.578555 0.032931592
58833.7541 24.576362 0.032939557
58833.754655 24.565921 0.029954553
58833.75523 24.610602 0.032968608
58833.755803 24.605855 0.035943571
58833.756377 24.579723 0.034945626
58833.756948 24.575087 0.029969666
58833.757519 24.517533 0.035972229
58833.758074 24.55598 0.034967891
58833.758639 24.59877 0.037926373
58833.759204 24.599133 0.045912385
58833.759765 24.55919 0.037960331
58833.760341 24.599615 0.037961064
58833.760921 24.515986 0.035961887
58833.761489 24.574286 0.044925866
58833.76205 24.521483 0.033963723
58833.762618 24.574201 0.03794839
58833.763196 24.556057 0.034958861
58833.763771 24.534022 0.036975458
58833.764345 24.546603 0.032969183
58833.764904 24.575893 0.034974102
58833.765469 24.529312 0.030981742
58833.766035 24.663131 0.039971241
58833.766604 24.590671 0.039953335
58833.767179 24.54038 0.03597569
58833.767754 24.606632 0.040974305
58833.768337 24.562404 0.032968177
58833.768906 24.599918 0.039970232
58833.769468 24.607529 0.037949662
58833.770037 24.565422 0.036964978
58833.770609 24.532825 0.034958451
58833.771176 24.630925 0.044904116
58833.77175 24.574076 0.046925973
58833.772312 24.618939 0.048903995
58833.772873 24.603537 0.048883579
58833.773436 24.527303 0.05185191
58833.774013 24.551867 0.053868669
58833.774581 24.609715 0.051909835
58833.775149 24.602998 0.051906286
58833.775718 24.548909 0.047909438
58833.776274 24.592038 0.048936031
58833.776849 24.576057 0.045949027
58833.777425 24.554847 0.047945286
58833.777996 24.606741 0.045923763
58833.778564 24.561326 0.041945022
58833.779126 24.497707 0.040931946
58833.779701 24.556778 0.040930393
58833.780275 24.68485 0.048940191
58833.780836 24.574341 0.05285809
58833.781394 24.568769 0.052858292
58833.781959 24.590458 0.045935324
58833.78252 24.602264 0.043947846
58833.783078 24.557785 0.043901964
58833.783656 24.553156 0.043918581
58833.784224 24.561012 0.043949343
58833.784791 24.545306 0.04195314
58833.785359 24.637004 0.04095745
58833.785923 24.569628 0.038966354
58833.786499 24.573831 0.038951951
58833.787075 24.614068 0.042956881
58833.787657 24.551198 0.041957473
58833.788243 24.626721 0.041953643
58833.788815 24.541933 0.036964691
58833.789431 24.533514 0.031971455
58833.789993 24.546417 0.035962579
58833.790558 24.505982 0.033975798
58833.791114 24.565164 0.034955606
58833.791692 24.543897 0.033971905
58833.792254 24.552581 0.033954592
58833.792819 24.566833 0.033966679
58833.793386 24.539455 0.030957127
58833.793945 24.582093 0.03296378
58833.794517 24.546386 0.029968258
58833.79508 24.584886 0.031967533
58833.795646 24.542754 0.029971397
58833.796225 24.543031 0.029966702
58833.79679 24.519476 0.028979842
58833.797352 24.518531 0.027984157
58833.797908 24.575146 0.030978097
58833.798484 24.572769 0.027980623
58833.799061 24.537372 0.027976437
58833.799624 24.522874 0.02997345
58833.800185 24.505612 0.027977893
58833.800756 24.559068 0.031962975
58833.801313 24.541553 0.029970769
58833.801876 24.563271 0.029972423
58833.802443 24.535146 0.030957691
58833.803031 24.613664 0.033980135
58833.803608 24.539334 0.028973855
58833.804175 24.564387 0.030980781
58833.804741 24.561795 0.033979485
58833.805316 24.527149 0.029979051
58833.805876 24.560965 0.033972168
58833.806445 24.545835 0.031982792
58833.807016 24.576953 0.032978241
58833.807582 24.566892 0.03396415
58833.80816 24.525959 0.03097808
58833.808724 24.56094 0.03197934
58833.809281 24.577144 0.031974339
58833.809857 24.587317 0.034978638
58833.810432 24.530755 0.032972237
58833.811002 24.522498 0.033976842
58833.81157 24.555395 0.030981286
58833.812141 24.566664 0.032980638
58833.81271 24.568707 0.027983208
58833.813283 24.591615 0.029984565
58833.81385 24.529507 0.029983652
58833.814425 24.606265 0.032982526
58833.81499 24.574429 0.02698416
58833.815567 24.527158 0.030980361
58833.816133 24.513119 0.030978944
58833.816698 24.606732 0.039958207
58833.817289 24.53623 0.03397124
58833.817864 24.546363 0.033966602
58833.818429 24.508026 0.030968335
58833.819011 24.540136 0.031968258
58833.819573 24.563566 0.033976064
58833.820146 24.568471 0.033963311
58833.82073 24.562103 0.032971084
58833.821295 24.561151 0.033970796
58833.821869 24.627015 0.037970157
58833.822431 24.55011 0.036976858
58833.822986 24.627106 0.036978515
58833.823546 24.557628 0.037962278
58833.824122 24.521359 0.035960692
58833.82469 24.604948 0.043974387
58833.82527 24.575687 0.039977314
58833.825842 24.598587 0.040973011
58833.826414 24.482518 0.036960132
58833.826987 24.535379 0.03696171
58833.827559 24.55979 0.033967503
58833.828123 24.540659 0.036973301
58833.828694 24.475104 0.030959299
58833.829263 24.585181 0.034966786
58833.829826 24.55732 0.032956867
58833.830398 24.514839 0.031967334
58833.830961 24.526293 0.031968865
58833.831526 24.554866 0.031958918
58833.832097 24.562163 0.03097461
58833.83267 24.54102 0.029969274
58833.833228 24.548546 0.029969481
58833.833798 24.550882 0.030975654
58833.834371 24.556165 0.033956516
58833.834936 24.572483 0.027976072
58833.83551 24.510528 0.030972923
58833.836083 24.566627 0.031971212
58833.836648 24.585627 0.033972591
58833.837231 24.566963 0.030973019
58833.837806 24.553311 0.035939234
58833.83839 24.570443 0.034954015
58833.838952 24.575589 0.037937847
58833.839512 24.536446 0.03496595
58833.840078 24.573227 0.03795648
58833.840638 24.560864 0.032969806
58833.841214 24.556631 0.035968064
58833.841784 24.547092 0.031976283
58833.842354 24.526781 0.036972102
58833.842932 24.550663 0.03596926
58833.8435 24.553422 0.032972901
58833.844068 24.599738 0.031974367
58833.84464 24.571457 0.036971908
58833.845192 24.586928 0.033977461
58833.845764 24.538165 0.032979409
58833.846315 24.537884 0.036979104
58833.846882 24.559146 0.032982588
58833.847447 24.49473 0.039970007
58833.848017 24.544924 0.040977901
58833.848583 24.60253 0.042971749
58833.849139 24.591923 0.04197478
58833.849713 24.557477 0.04296338
58833.850286 24.554412 0.036978808
