HJD mag magerr
58833.526351 24.741413 0.1157832
58833.526938 24.698023 0.10662077
58833.527497 24.67657 0.087798964
58833.528073 24.777866 0.086771538
58833.52864 24.835131 0.068806636
58833.529223 24.658588 0.070638397
58833.529794 24.938849 0.10048577
58833.530369 24.793189 0.06773461
58833.530936 24.751434 0.054830904
58833.531508 24.775225 0.047895239
58833.532068 24.846007 0.047908147
58833.532639 24.881214 0.047855894
58833.533201 24.873594 0.042913982
58833.533765 24.814447 0.043915395
58833.534319 24.762428 0.04479188
58833.534878 24.867632 0.04187583
58833.535457 24.832851 0.039865771
58833.536022 24.782935 0.036869491
58833.536586 24.799396 0.033919713
58833.537148 24.812347 0.035920977
58833.537706 24.780032 0.037868328
58833.538275 24.846748 0.035931725
58833.538843 24.822214 0.032930568
58833.539403 24.801522 0.031923621
58833.539961 24.789412 0.031923951
58833.540691 24.878466 0.032950034
58833.54127 24.803376 0.030913262
58833.541834 24.85485 0.027950215
58833.542384 24.788256 0.031897562
58833.542946 24.802622 0.030928579
58833.543507 24.869517 0.02896394
58833.544071 24.887368 0.028960581
58833.544644 24.828423 0.029958839
58833.545206 24.805049 0.028936137
58833.545767 24.770516 0.028945585
58833.54634 24.828889 0.029923429
58833.546924 24.814141 0.026923776
58833.547488 24.81248 0.029924981
58833.548053 24.844624 0.030923156
58833.548633 24.826584 0.029933191
58833.549203 24.839786 0.02796319
58833.549779 24.818533 0.03094837
58833.550355 24.858271 0.031950452
58833.550911 24.845409 0.025961233
58833.551466 24.876434 0.027928117
58833.552025 24.886303 0.034864871
58833.552609 24.821994 0.030927
58833.553172 24.804836 0.029911788
58833.553736 24.826704 0.029937343
58833.554298 24.89679 0.028958897
58833.554862 24.865714 0.031947924
58833.55542 24.811644 0.029967232
58833.556007 24.886244 0.033965618
58833.556565 24.900813 0.037970238
58833.557125 24.866296 0.030966038
58833.557676 24.845606 0.032966498
58833.558245 24.811257 0.029954841
58833.558811 24.809921 0.028949856
58833.559373 24.798779 0.029921376
58833.559928 24.885187 0.033884257
58833.560497 24.768081 0.037768135
58833.561052 24.861242 0.028924566
58833.561629 24.78138 0.034897653
58833.562183 24.830697 0.030925635
58833.562742 24.793572 0.027943769
58833.563315 24.929973 0.032924882
58833.563889 24.839025 0.030875796
58833.564461 24.991629 0.038716197
58833.565019 24.778987 0.023955537
58833.565576 24.843688 0.022986579
58833.566153 24.789975 0.023949518
58833.566722 24.839613 0.028934765
58833.56729 24.790615 0.02992858
58833.56785 24.74072 0.028895907
58833.568406 24.78192 0.025951879
58833.568961 24.876492 0.026967047
58833.569533 24.844391 0.022978169
58833.570095 24.815319 0.02696886
58833.57065 24.873255 0.028977949
58833.57121 24.799374 0.022979684
58833.571768 24.841676 0.024960949
58833.572322 24.886559 0.027970882
58833.572898 24.849512 0.0269376
58833.573468 24.825398 0.028918953
58833.574037 24.839169 0.027918216
58833.574593 24.893821 0.026929123
58833.575159 24.900832 0.038726909
58833.575726 24.915073 0.031823481
58833.576286 24.725496 0.027809975
58833.576839 24.827735 0.030839837
58833.577403 24.769275 0.024917853
58833.577964 24.829128 0.028941964
58833.578544 24.897468 0.027945106
58833.579114 24.821202 0.028920338
58833.579688 24.772533 0.02889912
58833.580238 24.896083 0.027911869
58833.58081 24.902673 0.030886404
58833.581375 24.757309 0.030864506
58833.581944 24.741335 0.0278893
58833.582509 24.880676 0.027937674
58833.58308 24.804399 0.027908451
58833.583647 24.783275 0.027888484
58833.584215 24.764407 0.030753937
58833.584762 24.904939 0.030860243
58833.585316 24.799081 0.028874058
58833.585886 24.773113 0.024936357
58833.586442 24.790635 0.026901438
58833.587001 24.822495 0.027931116
58833.587566 24.790282 0.034836443
58833.58814 24.784481 0.034876738
58833.588711 24.830225 0.025941518
58833.589285 24.8303 0.023944976
58833.589857 24.702776 0.024913713
58833.590423 24.702026 0.031766506
58833.590994 24.786898 0.031875814
58833.591559 24.871846 0.047595693
58833.592112 24.733255 0.040710397
58833.592665 24.816613 0.040775154
58833.593224 24.880924 0.045818015
58833.593796 24.857269 0.054770196
58833.594369 25.156141 0.082186073
58833.59492 24.741421 0.046532744
58833.595528 24.826873 0.035833046
58833.596082 24.828048 0.039803763
58833.596665 24.871283 0.041808914
58833.597231 24.802616 0.034849749
58833.597797 24.776698 0.030896004
58833.59838 24.857167 0.028924583
58833.598947 24.895146 0.02992207
58833.599512 24.848322 0.033907905
58833.60009 24.804638 0.029916221
58833.600655 24.852846 0.031937609
58833.601221 24.848153 0.032901165
58833.601788 24.863622 0.031927247
58833.602358 24.916246 0.031916106
58833.602926 25.028336 0.038906375
58833.60349 24.949081 0.042741587
58833.604047 24.76555 0.02991466
58833.604615 24.864177 0.037853259
58833.605171 24.733067 0.033876295
58833.605736 24.791439 0.036859954
58833.606292 24.842837 0.037875196
58833.606846 24.793868 0.03484085
58833.607409 24.828755 0.036869437
58833.607972 24.832629 0.036866535
58833.608554 24.768316 0.038844021
58833.609122 24.783265 0.035914302
58833.609691 24.899434 0.040749349
58833.61027 24.869722 0.032867345
58833.610843 24.797689 0.0298849
58833.611415 24.792209 0.029851466
58833.611993 24.809495 0.031831025
58833.612577 24.849919 0.028817883
58833.613137 24.786336 0.033845136
58833.613696 24.786912 0.030784248
58833.614278 24.894749 0.031849546
58833.614853 24.833479 0.033799386
58833.615407 24.771542 0.032806965
58833.615983 24.859712 0.032851223
58833.616534 24.781973 0.026893863
58833.617093 24.795453 0.035872378
58833.617655 24.834151 0.03391208
58833.618216 24.764189 0.034866651
58833.618781 24.841721 0.033942229
58833.619336 24.781076 0.030914349
58833.619908 24.840399 0.0338875
58833.620489 24.84798 0.031905749
58833.621073 24.767748 0.026938086
58833.621643 24.811223 0.031892072
58833.622212 24.789733 0.030904309
58833.622786 24.805695 0.034866891
58833.623339 24.817199 0.031886203
58833.623898 24.848894 0.032899598
58833.624467 24.818332 0.031923288
58833.625042 24.803523 0.030913408
58833.625625 24.799359 0.029915672
58833.626195 24.849655 0.02894463
58833.626758 24.821648 0.030919126
58833.627345 24.831658 0.030944301
58833.627901 24.84056 0.026947849
58833.628481 24.814433 0.026948678
58833.629058 24.878792 0.031942545
58833.629625 24.830997 0.03096329
58833.630194 24.812022 0.025963812
58833.630754 24.7963 0.026956738
58833.631339 24.669166 0.029830252
58833.631919 24.671773 0.034741159
58833.632476 24.808917 0.036845849
58833.633035 24.78081 0.034858001
58833.633609 24.865254 0.033877772
58833.634176 24.767526 0.046891308
58833.63477 24.801078 0.030902957
58833.63533 24.864738 0.031949327
58833.635896 24.786621 0.032911192
58833.636454 24.808252 0.029953957
58833.637031 24.803913 0.031912349
58833.637603 24.861825 0.029931469
58833.638178 24.804131 0.030929467
58833.638751 24.82911 0.03194891
58833.639317 24.81546 0.031940668
58833.639885 24.822591 0.036946394
58833.640451 24.804695 0.026976772
58833.641017 24.803301 0.026968403
58833.641587 24.816955 0.032950148
58833.642165 24.776137 0.028950984
58833.642733 24.812194 0.026953971
58833.643298 24.816374 0.027963995
58833.643881 24.781632 0.029960525
58833.644463 24.815079 0.026972512
58833.645038 24.788726 0.027955961
58833.645621 24.792893 0.029950472
58833.646196 24.770711 0.029923145
58833.646775 24.837866 0.030953573
58833.647352 24.803678 0.030954043
58833.647947 24.778105 0.031921334
58833.648518 24.844148 0.029971591
58833.649091 24.827846 0.028957059
58833.649661 24.777843 0.030952678
58833.650234 24.791837 0.031962334
58833.650812 24.817924 0.029969042
58833.651385 24.780243 0.030952246
58833.651942 24.787908 0.031949231
58833.652501 24.821518 0.030950637
58833.653051 24.770675 0.027972591
58833.653627 24.735886 0.030956404
58833.654196 24.842464 0.032962382
58833.654761 24.749654 0.028957794
58833.655332 24.824154 0.028969488
58833.655903 24.779449 0.028976766
58833.656459 24.82663 0.031974943
58833.657018 24.782707 0.027974882
58833.657575 24.77081 0.029977012
58833.658134 24.839983 0.028955989
58833.658729 24.77493 0.029966137
58833.659291 24.792441 0.030968832
58833.659866 24.834451 0.030974689
58833.660428 24.789471 0.03095212
58833.660996 24.779839 0.02896633
58833.661568 24.792395 0.031960742
58833.662129 24.825622 0.034937271
58833.662686 24.787109 0.03992035
58833.663254 24.811362 0.027970487
58833.663845 24.819235 0.037930465
58833.664399 24.784591 0.031953728
58833.664959 24.787526 0.034954943
58833.66553 24.832945 0.033965556
58833.666087 24.791956 0.028978231
58833.666661 24.815842 0.028980013
58833.66724 24.859308 0.030978123
58833.667808 24.846775 0.034971003
58833.668374 24.804521 0.029977231
58833.66894 24.786991 0.032973014
58833.669515 24.857546 0.032975888
58833.670105 24.759165 0.033965381
58833.670664 24.812635 0.034944945
58833.671231 24.845869 0.034948974
58833.671792 24.760844 0.035945642
58833.672357 24.792401 0.029944638
58833.672921 24.774203 0.031955148
58833.6735 24.779312 0.040964744
58833.674063 24.823546 0.03496738
58833.674632 24.834169 0.037940474
58833.675223 24.713542 0.034910871
58833.67579 24.778215 0.036931853
58833.67635 24.815389 0.036916622
58833.676916 24.810738 0.039944756
58833.677484 24.775169 0.039929675
58833.678056 24.781281 0.039926559
58833.678616 24.762548 0.044814808
58833.679182 24.82665 0.044874771
58833.679761 24.873567 0.047837301
58833.680323 24.718766 0.054633044
58833.680894 24.728445 0.04774238
58833.681455 24.789141 0.055826834
58833.68202 24.822332 0.057746036
58833.682591 24.769354 0.048733995
58833.683157 24.719865 0.049840923
58833.683728 24.796757 0.045851376
58833.68429 24.758046 0.046813299
58833.684864 24.827147 0.048885909
58833.685427 24.839331 0.046885828
58833.686006 24.817352 0.042867636
58833.68663 24.832941 0.040929391
58833.687197 24.855916 0.045925969
58833.687766 24.791791 0.039932439
58833.688335 24.851854 0.044938949
58833.6889 24.793378 0.038923832
58833.689473 24.837881 0.042914665
58833.690035 24.805314 0.041920109
58833.690606 24.782104 0.038934658
58833.691182 24.785303 0.037941713
58833.691769 24.758678 0.036912506
58833.692334 24.828291 0.047896835
58833.692912 24.809324 0.042881788
58833.693482 24.804449 0.037906105
58833.694055 24.847263 0.039915071
58833.694629 24.812445 0.039948878
58833.695214 24.787296 0.039924441
58833.695788 24.848451 0.046918655
58833.696709 24.813622 0.044897033
58833.697282 24.787082 0.04886285
58833.697854 24.761122 0.040903345
58833.698426 24.808803 0.040920594
58833.698997 24.90916 0.052899606
58833.699574 24.826208 0.039943544
58833.700162 24.822694 0.039950557
58833.700738 24.973367 0.048938198
58833.701314 24.77901 0.040947526
58833.701879 24.772078 0.0599367
58833.702433 24.863745 0.045961329
58833.702997 24.802949 0.035966182
58833.703569 24.833926 0.038966655
58833.704138 24.888742 0.04297005
58833.704693 24.828966 0.038961598
58833.705269 24.870203 0.038955567
58833.705842 24.793942 0.04494624
58833.706416 24.868821 0.045935179
58833.706995 24.838502 0.036972093
58833.70756 24.86662 0.043953055
58833.708139 24.852816 0.040956809
58833.708701 24.873114 0.036957231
58833.709269 24.935894 0.042958035
58833.709837 24.799755 0.037929503
58833.710398 24.8704 0.039952353
58833.710961 24.869957 0.043943063
58833.711531 24.873005 0.040933795
58833.712096 24.835269 0.041918859
58833.712678 24.886072 0.04095456
58833.713245 24.8333 0.042916213
58833.713811 24.81223 0.036948987
58833.71438 24.76647 0.035952557
58833.714942 24.912467 0.036944064
58833.715515 24.789338 0.036952522
58833.716099 24.835813 0.039973207
58833.716662 24.85988 0.033963699
58833.717217 24.822326 0.035963481
58833.717786 24.82041 0.033939218
58833.718352 24.818127 0.040931089
58833.718933 24.801238 0.038927201
58833.719515 24.898197 0.041951368
58833.720081 24.811267 0.039918552
58833.720652 24.822775 0.037940378
58833.721229 24.809636 0.041935958
58833.721798 24.869562 0.041931449
58833.722365 24.894008 0.038955243
58833.722938 24.856082 0.034957249
58833.723517 24.829897 0.033954199
58833.724095 24.861339 0.0339609
58833.724659 24.835744 0.039924708
58833.725228 24.845456 0.035940673
58833.725794 24.88866 0.035952769
58833.726369 24.786805 0.039896864
58833.726949 24.826579 0.039893663
58833.727521 24.801252 0.038867991
58833.728085 24.844619 0.037920291
58833.728659 24.825985 0.03894549
58833.729226 24.783915 0.041927052
58833.729803 24.78057 0.035952908
58833.730359 24.896449 0.037951754
58833.730924 24.822559 0.033961041
58833.731502 24.856493 0.040940097
58833.732059 24.813073 0.044905758
58833.732632 24.83952 0.042920075
58833.733194 24.863565 0.041929297
58833.733759 24.779023 0.044847216
58833.734321 24.864173 0.047877706
58833.734879 24.840348 0.051856167
58833.735444 24.746029 0.043815359
58833.736003 24.811754 0.049880683
58833.736571 24.693059 0.052801504
58833.737136 24.835872 0.051862183
58833.737691 24.822829 0.044859649
58833.738267 24.842132 0.054723301
58833.738823 24.807402 0.044858524
58833.739382 24.777681 0.044840649
58833.739948 24.769753 0.045823109
58833.740522 24.824917 0.05178631
58833.741085 24.814518 0.055752872
58833.741647 24.753213 0.046866829
58833.742215 24.784954 0.043888923
58833.742788 24.818124 0.046798067
58833.743365 24.81815 0.047873523
58833.743953 24.861948 0.054860454
58833.744526 24.801177 0.042879039
58833.745093 24.818568 0.040913203
58833.745664 24.800588 0.044897897
58833.746226 24.762699 0.039906593
58833.746789 24.786247 0.03691222
58833.747358 24.766341 0.033933557
58833.747921 24.810081 0.03992803
58833.748478 24.784461 0.034950276
58833.749035 24.819869 0.035952675
58833.749599 24.859297 0.037952947
58833.750168 24.782538 0.038874558
58833.750733 24.734356 0.036880239
58833.751298 24.763754 0.042788997
58833.751854 24.774297 0.042863871
58833.752416 24.837665 0.042887756
58833.752988 24.813973 0.040903568
58833.753539 24.788543 0.038901572
58833.7541 24.775311 0.036919987
58833.754655 24.81709 0.037948896
58833.75523 24.766039 0.036952379
58833.755803 24.776683 0.03794499
58833.756377 24.745925 0.040941989
58833.756948 24.787512 0.036968276
58833.757519 24.703981 0.038954845
58833.758074 24.770562 0.039937836
58833.758639 24.644752 0.039855793
58833.759204 24.794837 0.049906778
58833.759765 24.738252 0.046932707
58833.760341 24.808167 0.042949681
58833.760921 24.753906 0.04094184
58833.761489 24.694661 0.050872868
58833.76205 24.75564 0.039940359
58833.762618 24.810978 0.04391971
58833.763196 24.781655 0.037952107
58833.763771 24.784694 0.043955564
58833.764345 24.744508 0.040955439
58833.764904 24.813378 0.042966975
58833.765469 24.741476 0.037960056
58833.766035 24.817232 0.040955302
58833.766604 24.709201 0.038936979
58833.767179 24.848261 0.041952104
58833.767754 24.784059 0.03796288
58833.768337 24.764754 0.037954073
58833.768906 24.785957 0.040953839
58833.769468 24.725041 0.041945176
58833.770037 24.803786 0.040949236
58833.770609 24.72096 0.044948039
58833.771176 24.694103 0.044893942
58833.77175 24.736626 0.048895548
58833.772312 24.752931 0.054845143
58833.772873 24.766019 0.055825444
58833.773436 24.781799 0.060809217
58833.774013 24.808723 0.061843919
58833.774581 24.775305 0.055872764
58833.775149 24.863299 0.061866037
58833.775718 24.726311 0.055867889
58833.776274 24.7359 0.051897724
58833.776849 24.813306 0.054923034
58833.777425 24.817516 0.054912494
58833.777996 24.74769 0.052874217
58833.778564 24.821248 0.050927299
58833.779126 24.730169 0.04991083
58833.779701 24.759292 0.050870814
58833.780275 24.823461 0.052898575
58833.780836 24.730502 0.053832286
58833.781394 24.828593 0.058868837
58833.781959 24.778262 0.051909395
58833.78252 24.801136 0.053923183
58833.783078 24.874584 0.055865343
58833.783656 24.714483 0.045895748
58833.784224 24.750347 0.042934187
58833.784791 24.798146 0.046900691
58833.785359 24.767372 0.044924778
58833.785923 24.826347 0.038948016
58833.786499 24.774731 0.046930624
58833.787075 24.66867 0.042930554
58833.787657 24.694218 0.046929219
58833.788243 24.814608 0.044938501
58833.788815 24.843263 0.043943141
58833.789431 24.809093 0.03893228
58833.789993 24.80775 0.042939725
58833.790558 24.808826 0.041951647
58833.791114 24.870988 0.043949827
58833.791692 24.75811 0.040971009
58833.792254 24.789774 0.034954506
58833.792819 24.791482 0.034961699
58833.793386 24.810627 0.032951811
58833.793945 24.801945 0.03794237
58833.794517 24.828897 0.035928998
58833.79508 24.760463 0.034964854
58833.795646 24.794228 0.034954593
58833.796225 24.77943 0.031965704
58833.79679 24.836802 0.037969049
58833.797352 24.856652 0.032965732
58833.797908 24.787814 0.030972674
58833.798484 24.822991 0.037972071
58833.799061 24.826286 0.033959338
58833.799624 24.824858 0.036958434
58833.800185 24.838535 0.03497009
58833.800756 24.82736 0.034970379
58833.801313 24.828771 0.034945115
58833.801876 24.81576 0.040954897
58833.802443 24.829383 0.037954864
58833.803031 24.796346 0.037965911
58833.803608 24.816948 0.03595682
58833.804175 24.810772 0.035970356
58833.804741 24.829972 0.035968341
58833.805316 24.779854 0.034962891
58833.805876 24.783923 0.040954222
58833.806445 24.831078 0.037972355
58833.807016 24.764948 0.035966216
58833.807582 24.812713 0.039939018
58833.80816 24.806424 0.041957664
58833.808724 24.787931 0.033957227
58833.809281 24.826185 0.039954691
58833.809857 24.774573 0.038966719
58833.810432 24.806519 0.041964862
58833.811002 24.830848 0.041965672
58833.81157 24.744137 0.036966867
58833.812141 24.749219 0.034965696
58833.81271 24.860093 0.041969055
58833.813283 24.781106 0.032974043
58833.81385 24.804011 0.032972271
58833.814425 24.74357 0.031970331
58833.81499 24.781004 0.033974675
58833.815567 24.790875 0.035967474
58833.816133 24.786927 0.034970865
58833.816698 24.793512 0.04196788
58833.817289 24.77656 0.034967536
58833.817864 24.84113 0.042956932
58833.818429 24.818979 0.037950687
58833.819011 24.757242 0.03894778
58833.819573 24.804917 0.038956931
58833.820146 24.797924 0.039950568
58833.82073 24.815026 0.037955846
58833.821295 24.790197 0.039960661
58833.821869 24.703547 0.040964222
58833.822431 24.805798 0.042956182
58833.822986 24.762094 0.043961346
58833.823546 24.834478 0.047935399
58833.824122 24.852867 0.046958061
58833.82469 24.760553 0.043956355
58833.82527 24.760914 0.044947248
58833.825842 24.79259 0.043952983
58833.826414 24.765266 0.046939642
58833.826987 24.869272 0.045920968
58833.827559 24.808601 0.041943917
58833.828123 24.778986 0.044970012
58833.828694 24.781096 0.036951563
58833.829263 24.715744 0.03495887
58833.829826 24.748156 0.033964425
58833.830398 24.754109 0.040930221
58833.830961 24.803797 0.03595436
58833.831526 24.796932 0.034959069
58833.832097 24.792011 0.034959807
58833.83267 24.83041 0.035959778
58833.833228 24.787434 0.03795708
58833.833798 24.764835 0.033959948
58833.834371 24.824412 0.039937376
58833.834936 24.806959 0.032961311
58833.83551 24.828596 0.037963095
58833.836083 24.791392 0.036952458
58833.836648 24.833843 0.035931991
58833.837231 24.762534 0.038947379
58833.837806 24.770363 0.0409334
58833.83839 24.79404 0.036935014
58833.838952 24.733831 0.043901927
58833.839512 24.788928 0.047940347
58833.840078 24.72682 0.042944977
58833.840638 24.788128 0.039923683
58833.841214 24.812867 0.04594371
58833.841784 24.78551 0.035958338
58833.842354 24.773072 0.04095801
58833.842932 24.721282 0.041946555
58833.8435 24.808364 0.041959003
58833.844068 24.825753 0.040946959
58833.84464 24.807958 0.042921612
58833.845192 24.768599 0.039952678
58833.845764 24.850793 0.038963207
58833.846315 24.822938 0.040970321
58833.846882 24.794167 0.042961197
58833.847447 24.841537 0.040965662
58833.848017 24.786232 0.04596374
58833.848583 24.809616 0.049953008
58833.849139 24.780814 0.049951101
58833.849713 24.813678 0.048951471
58833.850286 24.86013 0.051964412
