HJD mag magerr
58833.526351 22.235489 0.017844049
58833.526938 22.288207 0.017752708
58833.527497 22.26123 0.015915762
58833.528073 22.298472 0.017778853
58833.52864 22.26327 0.013898005
58833.529223 22.327739 0.017558064
58833.529794 22.336112 0.017610824
58833.530369 22.203505 0.014814271
58833.530936 22.267492 0.013900574
58833.531508 22.25832 0.01293579
58833.532068 22.235001 0.011958118
58833.532639 22.27611 0.013876034
58833.533201 22.244561 0.011962143
58833.533765 22.251687 0.012967208
58833.534319 22.215526 0.013855535
58833.534878 22.331777 0.012868987
58833.535457 22.309765 0.011924437
58833.536022 22.2597 0.010983926
58833.536586 22.234785 0.01197603
58833.537148 22.259221 0.011978113
58833.537706 22.253967 0.011945258
58833.538275 22.270119 0.011965714
58833.538843 22.234763 0.011978023
58833.539403 22.265663 0.012954696
58833.539961 22.279071 0.012929451
58833.540691 22.273915 0.011976783
58833.54127 22.240729 0.012971635
58833.541834 22.259952 0.010989553
58833.542384 22.263636 0.011985263
58833.542946 22.266018 0.011968069
58833.543507 22.261296 0.010991286
58833.544071 22.250947 0.010992206
58833.544644 22.267373 0.011974528
58833.545206 22.267018 0.011977173
58833.545767 22.250406 0.011985774
58833.54634 22.259886 0.011987683
58833.546924 22.239714 0.01098631
58833.547488 22.266653 0.011962696
58833.548053 22.300816 0.01098382
58833.548633 22.237527 0.011984939
58833.549203 22.251299 0.011980681
58833.549779 22.268263 0.0099999998
58833.550355 22.253957 0.010990343
58833.550911 22.269122 0.010986274
58833.551466 22.25465 0.011969846
58833.552025 22.261451 0.011966379
58833.552609 22.218989 0.012959194
58833.553172 22.228259 0.012966868
58833.553736 22.251393 0.012961214
58833.554298 22.241329 0.011989132
58833.554862 22.250813 0.010993937
58833.55542 22.261912 0.012984982
58833.556007 22.26337 0.010996234
58833.556565 22.25488 0.011992573
58833.557125 22.272251 0.012984942
58833.557676 22.257954 0.011991797
58833.558245 22.259038 0.011983591
58833.558811 22.26955 0.010990417
58833.559373 22.286803 0.01294983
58833.559928 22.283602 0.011929318
58833.560497 22.309512 0.01285381
58833.561052 22.292115 0.011959101
58833.561629 22.183838 0.011953479
58833.562183 22.291727 0.012954503
58833.562742 22.292142 0.010986238
58833.563315 22.287334 0.011981894
58833.563889 22.28891 0.011946569
58833.564461 22.326725 0.011891947
58833.565019 22.296976 0.010989407
58833.565576 22.260341 0.010996098
58833.566153 22.31161 0.011974664
58833.566722 22.207842 0.013953848
58833.56729 22.309545 0.011979065
58833.56785 22.225596 0.011975092
58833.568406 22.229642 0.011988817
58833.568961 22.280348 0.010993254
58833.569533 22.283225 0.012982705
58833.570095 22.256159 0.012988108
58833.57065 22.266266 0.010997006
58833.57121 22.280179 0.012983067
58833.571768 22.282344 0.011982508
58833.572322 22.285561 0.011990025
58833.572898 22.284522 0.011982528
58833.573468 22.302771 0.011956342
58833.574037 22.301433 0.011963746
58833.574593 22.313669 0.011970434
58833.575159 22.342179 0.0127971
58833.575726 22.312274 0.010966442
58833.576286 22.343143 0.0099999998
58833.576839 22.286311 0.0109688
58833.577403 22.275995 0.011969278
58833.577964 22.266519 0.01296327
58833.578544 22.242247 0.011979643
58833.579114 22.299853 0.012939014
58833.579688 22.288445 0.012951807
58833.580238 22.274017 0.011950688
58833.58081 22.323798 0.011944824
58833.581375 22.239753 0.012914567
58833.581944 22.244786 0.011972186
58833.582509 22.268307 0.010988568
58833.58308 22.256239 0.014934985
58833.583647 22.318919 0.012908801
58833.584215 22.278345 0.012914652
58833.584762 22.326395 0.010980424
58833.585316 22.342984 0.011952782
58833.585886 22.281105 0.011975604
58833.586442 22.324204 0.010972923
58833.587001 22.330054 0.013887221
58833.587566 22.331505 0.011937302
58833.58814 22.318972 0.012898099
58833.588711 22.299203 0.0099999998
58833.589285 22.308488 0.010992499
58833.589857 22.398792 0.011895494
58833.590423 22.230907 0.012832057
58833.590994 22.269846 0.012911862
58833.591559 22.35254 0.011928743
58833.592112 22.32147 0.01284512
58833.592665 22.330567 0.012851954
58833.593224 22.384883 0.014774222
58833.593796 22.297478 0.011942127
58833.594369 22.249078 0.012813041
58833.59492 22.338824 0.012856154
58833.595528 22.313706 0.011921335
58833.596082 22.29926 0.011948292
58833.596665 22.308425 0.012935572
58833.597231 22.274439 0.012915985
58833.597797 22.304798 0.012944067
58833.59838 22.296062 0.01295355
58833.598947 22.29674 0.011970216
58833.599512 22.292077 0.011960482
58833.60009 22.28935 0.010985683
58833.600655 22.309945 0.011975543
58833.601221 22.272432 0.010987561
58833.601788 22.320525 0.012950583
58833.602358 22.292081 0.011967466
58833.602926 22.288828 0.01098349
58833.60349 22.31119 0.011915737
58833.604047 22.314873 0.012960935
58833.604615 22.320801 0.011950026
58833.605171 22.249245 0.012936825
58833.605736 22.284308 0.011949633
58833.606292 22.32302 0.01292999
58833.606846 22.316068 0.012923506
58833.607409 22.314683 0.011944829
58833.607972 22.351964 0.013900519
58833.608554 22.285984 0.013905118
58833.609122 22.336663 0.011944818
58833.609691 22.298217 0.012922938
58833.61027 22.3012 0.012939954
58833.610843 22.295919 0.012937326
58833.611415 22.331683 0.012866507
58833.611993 22.29969 0.01193881
58833.612577 22.312579 0.01095813
58833.613137 22.353159 0.011934474
58833.613696 22.304435 0.011899619
58833.614278 22.318595 0.011933401
58833.614853 22.314338 0.011919289
58833.615407 22.316421 0.012856148
58833.615983 22.291278 0.011940877
58833.616534 22.394843 0.012899439
58833.617093 22.32914 0.012933505
58833.617655 22.317713 0.011961267
58833.618216 22.303182 0.011958789
58833.618781 22.306567 0.010987932
58833.619336 22.302893 0.012955798
58833.619908 22.302203 0.012949751
58833.620489 22.316049 0.0119647
58833.621073 22.318546 0.011962822
58833.621643 22.331521 0.012898564
58833.622212 22.315165 0.011961851
58833.622786 22.31837 0.012878323
58833.623339 22.315404 0.011953585
58833.623898 22.308848 0.011960019
58833.624467 22.305956 0.011967677
58833.625042 22.317078 0.011961755
58833.625625 22.307607 0.010987391
58833.626195 22.295583 0.012967342
58833.626758 22.311493 0.01196655
58833.627345 22.313432 0.011978448
58833.627901 22.307015 0.010992122
58833.628481 22.30022 0.011977428
58833.629058 22.309718 0.010991162
58833.629625 22.311273 0.011979687
58833.630194 22.307416 0.011980675
58833.630754 22.31189 0.01198547
58833.631339 22.257832 0.011970312
58833.631919 22.317453 0.01290976
58833.632476 22.294099 0.01290984
58833.633035 22.364951 0.011924855
58833.633609 22.312744 0.012945059
58833.634176 22.306704 0.012966285
58833.63477 22.324684 0.012908763
58833.63533 22.305027 0.010990934
58833.635896 22.300746 0.011968556
58833.636454 22.311301 0.010985159
58833.637031 22.325272 0.011937279
58833.637603 22.310472 0.013934882
58833.638178 22.345045 0.012930144
58833.638751 22.317002 0.011978654
58833.639317 22.305257 0.010987225
58833.639885 22.304047 0.0099999998
58833.640451 22.308615 0.011991244
58833.641017 22.311821 0.011984205
58833.641587 22.308684 0.011985975
58833.642165 22.310383 0.010991268
58833.642733 22.316377 0.011980631
58833.643298 22.329395 0.012973375
58833.643881 22.31279 0.011981334
58833.644463 22.327396 0.011983961
58833.645038 22.325928 0.01198216
58833.645621 22.330406 0.012959222
58833.646196 22.317227 0.0129577
58833.646775 22.307448 0.010992975
58833.647352 22.326293 0.01198824
58833.647947 22.327551 0.012972407
58833.648518 22.309432 0.010994244
58833.649091 22.324707 0.01295965
58833.649661 22.329795 0.01198952
58833.650234 22.32229 0.01198984
58833.650812 22.329284 0.011984216
58833.651385 22.328941 0.012956445
58833.651942 22.328746 0.011980917
58833.652501 22.309268 0.010992588
58833.653051 22.31106 0.014958349
58833.653627 22.314177 0.010993667
58833.654196 22.325531 0.011979943
58833.654761 22.321963 0.011982638
58833.655332 22.327715 0.011982134
58833.655903 22.317565 0.011984728
58833.656459 22.310286 0.012988412
58833.657018 22.317185 0.011987386
58833.657575 22.310008 0.012987146
58833.658134 22.317085 0.011987797
58833.658729 22.314339 0.012978742
58833.659291 22.312749 0.010993896
58833.659866 22.31361 0.012987304
58833.660428 22.340882 0.010993239
58833.660996 22.317106 0.012978839
58833.661568 22.305145 0.011985869
58833.662129 22.306876 0.012977633
58833.662686 22.327208 0.011973948
58833.663254 22.315724 0.010993968
58833.663845 22.337318 0.011976142
58833.664399 22.316847 0.013972396
58833.664959 22.310707 0.011989516
58833.66553 22.320962 0.011991235
58833.666087 22.317197 0.011993931
58833.666661 22.326486 0.011991832
58833.66724 22.323945 0.012991161
58833.667808 22.317685 0.012989192
58833.668374 22.332108 0.010996649
58833.66894 22.325622 0.010994884
58833.669515 22.314223 0.011990693
58833.670105 22.315569 0.01298258
58833.670664 22.327318 0.011980447
58833.671231 22.331595 0.011985823
58833.671792 22.333074 0.011985247
58833.672357 22.34938 0.011979532
58833.672921 22.308235 0.012974372
58833.6735 22.313619 0.011992442
58833.674063 22.325716 0.012988232
58833.674632 22.346002 0.011979817
58833.675223 22.346175 0.012936709
58833.67579 22.336375 0.012970842
58833.67635 22.339587 0.011971519
58833.676916 22.326265 0.010991752
58833.677484 22.327885 0.011982517
58833.678056 22.334143 0.011978844
58833.678616 22.341396 0.012917559
58833.679182 22.3431 0.012910834
58833.679761 22.333268 0.012921583
58833.680323 22.3518 0.014686064
58833.680894 22.387118 0.01292264
58833.681455 22.33164 0.013774601
58833.68202 22.3636 0.013831848
58833.682591 22.330717 0.013793476
58833.683157 22.348169 0.012929973
58833.683728 22.369458 0.012925935
58833.68429 22.320252 0.013825585
58833.684864 22.324506 0.011963736
58833.685427 22.343353 0.012956201
58833.686006 22.345008 0.013912852
58833.68663 22.338247 0.012971453
58833.687197 22.329061 0.012971155
58833.687766 22.348449 0.012956388
58833.688335 22.318375 0.011981908
58833.6889 22.351494 0.011985362
58833.689473 22.334437 0.01296707
58833.690035 22.334567 0.012962552
58833.690606 22.344374 0.011977643
58833.691182 22.358059 0.012960343
58833.691769 22.34805 0.011966093
58833.692334 22.361958 0.012932845
58833.692912 22.343253 0.012953898
58833.693482 22.336495 0.012962982
58833.694055 22.332006 0.010988862
58833.694629 22.352799 0.01296388
58833.695214 22.341061 0.012971395
58833.695788 22.344881 0.011974093
58833.696709 22.337468 0.012972816
58833.697282 22.327038 0.013903293
58833.697854 22.351097 0.012961998
58833.698426 22.345003 0.013964104
58833.698997 22.353886 0.012976176
58833.699574 22.3575 0.012972665
58833.700162 22.348436 0.012983739
58833.700738 22.347895 0.012968607
58833.701314 22.321881 0.012981566
58833.701879 22.357223 0.014962521
58833.702433 22.335995 0.013983865
58833.702997 22.337473 0.010994449
58833.703569 22.345513 0.012979439
58833.704138 22.34597 0.012986576
58833.704693 22.338182 0.012986961
58833.705269 22.365066 0.011981295
58833.705842 22.335052 0.011986394
58833.706416 22.360727 0.011981394
58833.706995 22.327348 0.012985577
58833.70756 22.354896 0.011987466
58833.708139 22.350615 0.011988822
58833.708701 22.353068 0.012984591
58833.709269 22.350446 0.012975831
58833.709837 22.338572 0.011985792
58833.710398 22.340909 0.012975615
58833.710961 22.378344 0.011979923
58833.711531 22.345068 0.012977037
58833.712096 22.335525 0.011982658
58833.712678 22.358351 0.011975836
58833.713245 22.355641 0.012978513
58833.713811 22.34942 0.010987768
58833.71438 22.358055 0.011987614
58833.714942 22.362872 0.01198846
58833.715515 22.350099 0.012974428
58833.716099 22.35602 0.011989489
58833.716662 22.359984 0.012986942
58833.717217 22.358772 0.012958975
58833.717786 22.357746 0.012975066
58833.718352 22.339537 0.011985662
58833.718933 22.352998 0.012978666
58833.719515 22.363917 0.010990379
58833.720081 22.344292 0.012959712
58833.720652 22.354462 0.012968893
58833.721229 22.360618 0.012980314
58833.721798 22.382531 0.012970913
58833.722365 22.3569 0.01198705
58833.722938 22.364232 0.011988534
58833.723517 22.376853 0.011987188
58833.724095 22.347759 0.011988477
58833.724659 22.367104 0.01297696
58833.725228 22.354098 0.011987552
58833.725794 22.369679 0.011981208
58833.726369 22.375347 0.012946332
58833.726949 22.379205 0.013900965
58833.727521 22.376825 0.011964943
58833.728085 22.386054 0.012964428
58833.728659 22.370605 0.012968219
58833.729226 22.361222 0.012971614
58833.729803 22.368759 0.010990491
58833.730359 22.358033 0.011977159
58833.730924 22.344282 0.011988458
58833.731502 22.378943 0.011982985
58833.732059 22.373314 0.011966858
58833.732632 22.385624 0.0129506
58833.733194 22.388216 0.012955752
58833.733759 22.366176 0.013874206
58833.734321 22.372664 0.012951856
58833.734879 22.363011 0.012938929
58833.735444 22.376233 0.013911774
58833.736003 22.355718 0.013913761
58833.736571 22.370127 0.013918894
58833.737136 22.376012 0.013909547
58833.737691 22.377515 0.012963987
58833.738267 22.381026 0.014822603
58833.738823 22.363735 0.012931086
58833.739382 22.390107 0.012932343
58833.739948 22.376952 0.013910401
58833.740522 22.356088 0.013894212
58833.741085 22.387569 0.014779784
58833.741647 22.375998 0.012945034
58833.742215 22.367481 0.011963332
58833.742788 22.395814 0.01292219
58833.743365 22.387259 0.012957352
58833.743953 22.390224 0.0129365
58833.744526 22.36213 0.012916038
58833.745093 22.366777 0.012964371
58833.745664 22.3564 0.011977426
58833.746226 22.364261 0.013959241
58833.746789 22.381422 0.011981528
58833.747358 22.356929 0.011984447
58833.747921 22.374852 0.010990285
58833.748478 22.379473 0.011978786
58833.749035 22.37371 0.010991176
58833.749599 22.382785 0.010991507
58833.750168 22.3803 0.012944859
58833.750733 22.375996 0.012951741
58833.751298 22.382766 0.012936583
58833.751854 22.38167 0.013853266
58833.752416 22.375337 0.012947049
58833.752988 22.378024 0.012952269
58833.753539 22.380665 0.012956913
58833.7541 22.388353 0.011981735
58833.754655 22.385207 0.012972446
58833.75523 22.378414 0.012982087
58833.755803 22.379837 0.011983165
58833.756377 22.385152 0.011985087
58833.756948 22.389861 0.012975379
58833.757519 22.368868 0.011985587
58833.758074 22.372715 0.012982294
58833.758639 22.38416 0.011976547
58833.759204 22.387331 0.013947884
58833.759765 22.380794 0.011984145
58833.760341 22.368435 0.012981694
58833.760921 22.366431 0.013976628
58833.761489 22.387757 0.013952614
58833.76205 22.375251 0.012980339
58833.762618 22.371879 0.013960836
58833.763196 22.370568 0.012987669
58833.763771 22.400991 0.013984266
58833.764345 22.387417 0.012983781
58833.764904 22.379421 0.012984049
58833.765469 22.388943 0.011988648
58833.766035 22.371581 0.012984002
58833.766604 22.381961 0.012982505
58833.767179 22.378137 0.011988393
58833.767754 22.3666 0.012988999
58833.768337 22.378484 0.012973739
58833.768906 22.356908 0.01198901
58833.769468 22.383123 0.013975579
58833.770037 22.385469 0.01198648
58833.770609 22.388203 0.012983804
58833.771176 22.397228 0.011972199
58833.77175 22.390102 0.012972262
58833.772312 22.390739 0.013962288
58833.772873 22.394345 0.013930854
58833.773436 22.371035 0.014908938
58833.774013 22.404954 0.015834233
58833.774581 22.409785 0.014895986
58833.775149 22.36562 0.013945274
58833.775718 22.395117 0.013939535
58833.776274 22.395862 0.014931235
58833.776849 22.401301 0.01396804
58833.777425 22.383118 0.014964905
58833.777996 22.383008 0.012952969
58833.778564 22.384262 0.014965176
58833.779126 22.387923 0.012965688
58833.779701 22.385958 0.013940417
58833.780275 22.400023 0.012951911
58833.780836 22.384166 0.013914212
58833.781394 22.394058 0.013944452
58833.781959 22.39312 0.013956097
58833.78252 22.396729 0.013956968
58833.783078 22.393772 0.013944414
58833.783656 22.405248 0.012970331
58833.784224 22.413372 0.011987493
58833.784791 22.365518 0.013969805
58833.785359 22.368752 0.012981536
58833.785923 22.387362 0.011984988
58833.786499 22.385597 0.012983511
58833.787075 22.38519 0.012975534
58833.787657 22.392777 0.012983169
58833.788243 22.394105 0.01397378
58833.788815 22.391073 0.012971009
58833.789431 22.391293 0.012983599
58833.789993 22.388852 0.012980914
58833.790558 22.387132 0.011993642
58833.791114 22.380424 0.011988118
58833.791692 22.373372 0.012989362
58833.792254 22.395017 0.012983578
58833.792819 22.405686 0.010994198
58833.793386 22.401341 0.011985886
58833.793945 22.370899 0.012986007
58833.794517 22.388327 0.011986015
58833.79508 22.389725 0.011986055
58833.795646 22.404478 0.011991661
58833.796225 22.406909 0.011989737
58833.79679 22.405789 0.012989608
58833.797352 22.399803 0.011992581
58833.797908 22.39509 0.01298695
58833.798484 22.396912 0.012987587
58833.799061 22.381599 0.010995715
58833.799624 22.406527 0.012976432
58833.800185 22.38649 0.010995537
58833.800756 22.388142 0.012984923
58833.801313 22.391915 0.011980002
58833.801876 22.401604 0.011987419
58833.802443 22.399059 0.011987126
58833.803031 22.4068 0.012989887
58833.803608 22.393697 0.012985822
58833.804175 22.406097 0.01298978
58833.804741 22.396758 0.011994051
58833.805316 22.413571 0.011992982
58833.805876 22.400424 0.012984325
58833.806445 22.396155 0.010996454
58833.807016 22.430446 0.012989319
58833.807582 22.38866 0.011986204
58833.80816 22.433697 0.012986774
58833.808724 22.42484 0.011992907
58833.809281 22.409332 0.012985067
58833.809857 22.417636 0.01298944
58833.810432 22.412111 0.011992428
58833.811002 22.396276 0.012988733
58833.81157 22.40278 0.012989528
58833.812141 22.399975 0.012990044
58833.81271 22.399688 0.011992909
58833.813283 22.431998 0.012988458
58833.81385 22.39719 0.01298777
58833.814425 22.393745 0.012989979
58833.81499 22.410343 0.01099606
58833.815567 22.396536 0.012988458
58833.816133 22.42339 0.011992435
58833.816698 22.413067 0.012988035
58833.817289 22.425474 0.012974814
58833.817864 22.410977 0.01198974
58833.818429 22.403801 0.012986686
58833.819011 22.418985 0.012982732
58833.819573 22.410031 0.012982317
58833.820146 22.41338 0.01298077
58833.82073 22.409441 0.011987682
58833.821295 22.409159 0.011985551
58833.821869 22.398676 0.012988115
58833.822431 22.424163 0.013984759
58833.822986 22.414509 0.014985073
58833.823546 22.41124 0.0119891
58833.824122 22.399066 0.013978911
58833.82469 22.415703 0.015964476
58833.82527 22.412159 0.014985217
58833.825842 22.408876 0.013984745
58833.826414 22.403842 0.012982439
58833.826987 22.411421 0.011989135
58833.827559 22.423188 0.012981957
58833.828123 22.432856 0.012987057
58833.828694 22.403768 0.01297357
58833.829263 22.400709 0.011986216
58833.829826 22.416525 0.01298167
58833.830398 22.408182 0.012968979
58833.830961 22.42062 0.012972585
58833.831526 22.419279 0.01198826
58833.832097 22.411089 0.012981696
58833.83267 22.428577 0.012974795
58833.833228 22.403573 0.012983732
58833.833798 22.418272 0.011986403
58833.834371 22.426602 0.013969211
58833.834936 22.430919 0.01298248
58833.83551 22.427011 0.011984567
58833.836083 22.400741 0.011990033
58833.836648 22.420311 0.0139652
58833.837231 22.43014 0.012982536
58833.837806 22.44104 0.013962938
58833.83839 22.435058 0.011983876
58833.838952 22.422781 0.01197441
58833.839512 22.423326 0.012983416
58833.840078 22.427288 0.013980824
58833.840638 22.431843 0.013971808
58833.841214 22.402116 0.010993588
58833.841784 22.401422 0.01099449
58833.842354 22.439064 0.010994023
58833.842932 22.403393 0.011988522
58833.8435 22.417043 0.012981553
58833.844068 22.431812 0.011990373
58833.84464 22.427823 0.01398464
58833.845192 22.426332 0.013986113
58833.845764 22.41099 0.012991746
58833.846315 22.442522 0.013986863
58833.846882 22.406482 0.011992241
58833.847447 22.414705 0.012990685
58833.848017 22.436829 0.013979248
58833.848583 22.419835 0.01398517
58833.849139 22.418966 0.013983736
58833.849713 22.44558 0.012980571
58833.850286 22.430742 0.01199105
