HJD mag magerr
58833.526351 24.164482 0.06771893
58833.526938 24.183152 0.068727886
58833.527497 24.233753 0.059900257
58833.528073 24.139945 0.059744111
58833.52864 24.084761 0.039840432
58833.529223 24.10252 0.05365451
58833.529794 24.106413 0.060420111
58833.530369 24.202489 0.038813801
58833.530936 24.15736 0.036832897
58833.531508 24.083771 0.028893534
58833.532068 24.157347 0.026933739
58833.532639 24.1678 0.029851547
58833.533201 24.155315 0.027923487
58833.533765 24.19568 0.027923736
58833.534319 24.192462 0.031821871
58833.534878 24.111519 0.026856693
58833.535457 24.13853 0.028802011
58833.536022 24.122391 0.023940942
58833.536586 24.156479 0.024932558
58833.537148 24.171616 0.021937293
58833.537706 24.254762 0.024912688
58833.538275 24.201012 0.0249025
58833.538843 24.191853 0.021943965
58833.539403 24.145953 0.019943054
58833.539961 24.160026 0.019947827
58833.540691 24.164164 0.021936428
58833.54127 24.179594 0.022943625
58833.541834 24.147562 0.019957897
58833.542384 24.170036 0.021945561
58833.542946 24.170803 0.02194844
58833.543507 24.168172 0.021941166
58833.544071 24.146745 0.020943844
58833.544644 24.162721 0.017970797
58833.545206 24.135785 0.019932253
58833.545767 24.148188 0.018962428
58833.54634 24.225016 0.019972441
58833.546924 24.129673 0.017960024
58833.547488 24.161007 0.019936429
58833.548053 24.206614 0.019939218
58833.548633 24.158216 0.018960402
58833.549203 24.160317 0.018968285
58833.549779 24.149442 0.019965563
58833.550355 24.191272 0.020949758
58833.550911 24.151355 0.017967892
58833.551466 24.144789 0.017955961
58833.552025 24.142692 0.021943009
58833.552609 24.13415 0.018959853
58833.553172 24.138421 0.01995827
58833.553736 24.185507 0.022946611
58833.554298 24.178776 0.018967039
58833.554862 24.166143 0.018966282
58833.55542 24.171868 0.020969139
58833.556007 24.156925 0.02195662
58833.556565 24.134214 0.021979577
58833.557125 24.17983 0.021975625
58833.557676 24.236267 0.025978968
58833.558245 24.145633 0.019972089
58833.558811 24.144464 0.02195572
58833.559373 24.160552 0.018950912
58833.559928 24.19282 0.020909136
58833.560497 24.233561 0.027652971
58833.561052 24.219406 0.021922027
58833.561629 24.16468 0.020937727
58833.562183 24.202432 0.021932158
58833.562742 24.119097 0.017953729
58833.563315 24.162975 0.021958007
58833.563889 24.198343 0.02387687
58833.564461 24.061242 0.022635236
58833.565019 24.130736 0.01794889
58833.565576 24.157639 0.015992405
58833.566153 24.209834 0.019935845
58833.566722 24.170291 0.018972803
58833.56729 24.186189 0.019952948
58833.56785 24.177098 0.018960678
58833.568406 24.151214 0.017975258
58833.568961 24.183003 0.016972926
58833.569533 24.130922 0.015980057
58833.570095 24.165058 0.015981167
58833.57065 24.14203 0.01998224
58833.57121 24.167777 0.01697809
58833.571768 24.147792 0.017957351
58833.572322 24.173104 0.016984145
58833.572898 24.181079 0.016971755
58833.573468 24.180753 0.020941853
58833.574037 24.176548 0.019927849
58833.574593 24.198159 0.020924862
58833.575159 24.230039 0.025656445
58833.575726 24.189719 0.020870491
58833.576286 24.19546 0.021874318
58833.576839 24.195477 0.020901762
58833.577403 24.208198 0.019935618
58833.577964 24.16446 0.017967711
58833.578544 24.143523 0.018955096
58833.579114 24.229895 0.0209508
58833.579688 24.179728 0.019928213
58833.580238 24.214708 0.022916888
58833.58081 24.15998 0.01988572
58833.581375 24.161298 0.019924331
58833.581944 24.173969 0.0189391
58833.582509 24.179214 0.018950065
58833.58308 24.169148 0.019935218
58833.583647 24.199335 0.02589798
58833.584215 24.268951 0.023822972
58833.584762 24.19722 0.020900719
58833.585316 24.236773 0.022854135
58833.585886 24.140209 0.017946375
58833.586442 24.210284 0.017947821
58833.587001 24.173717 0.019933404
58833.587566 24.238842 0.025871042
58833.58814 24.155891 0.022879954
58833.588711 24.190199 0.017967206
58833.589285 24.177568 0.015972823
58833.589857 24.14455 0.021801652
58833.590423 24.161673 0.020879178
58833.590994 24.188554 0.024806194
58833.591559 24.225768 0.033719469
58833.592112 24.224871 0.029748599
58833.592665 24.178008 0.029756255
58833.593224 24.182331 0.030785286
58833.593796 24.223587 0.029871335
58833.594369 24.104343 0.030766923
58833.59492 24.071006 0.029694839
58833.595528 24.170442 0.025830635
58833.596082 24.292607 0.026858919
58833.596665 24.150809 0.023882312
58833.597231 24.204876 0.02290245
58833.597797 24.226332 0.023916641
58833.59838 24.240058 0.019956557
58833.598947 24.147557 0.018958354
58833.599512 24.225983 0.020931392
58833.60009 24.189102 0.023942888
58833.600655 24.193052 0.02395658
58833.601221 24.202365 0.018952667
58833.601788 24.194224 0.022928034
58833.602358 24.210362 0.019962448
58833.602926 24.209501 0.022949688
58833.60349 24.115244 0.02583438
58833.604047 24.158792 0.018955797
58833.604615 24.233055 0.024908237
58833.605171 24.212304 0.025895293
58833.605736 24.238105 0.024910698
58833.606292 24.199347 0.02393265
58833.606846 24.195419 0.024869829
58833.607409 24.187586 0.023901102
58833.607972 24.253859 0.026882446
58833.608554 24.286688 0.025898795
58833.609122 24.217855 0.024902823
58833.609691 24.174214 0.023876557
58833.61027 24.200543 0.02390504
58833.610843 24.208212 0.021916968
58833.611415 24.260001 0.02088339
58833.611993 24.191213 0.022855508
58833.612577 24.205869 0.021871951
58833.613137 24.235832 0.02482536
58833.613696 24.215273 0.022802043
58833.614278 24.205978 0.0228578
58833.614853 24.194123 0.022839504
58833.615407 24.213399 0.021864306
58833.615983 24.218961 0.023887019
58833.616534 24.195476 0.023871538
58833.617093 24.194448 0.023897593
58833.617655 24.180089 0.021934902
58833.618216 24.23463 0.021928799
58833.618781 24.167999 0.02291952
58833.619336 24.168329 0.022914992
58833.619908 24.246351 0.023925829
58833.620489 24.185072 0.020941999
58833.621073 24.211694 0.019952971
58833.621643 24.2273 0.023870755
58833.622212 24.268494 0.027920785
58833.622786 24.212448 0.023905006
58833.623339 24.186466 0.022913993
58833.623898 24.201377 0.022944824
58833.624467 24.185175 0.021947364
58833.625042 24.225561 0.021934589
58833.625625 24.171978 0.020945176
58833.626195 24.192946 0.020944902
58833.626758 24.213209 0.022946305
58833.627345 24.194838 0.018959422
58833.627901 24.212381 0.01996828
58833.628481 24.20402 0.021962709
58833.629058 24.200795 0.021935961
58833.629625 24.207955 0.018970562
58833.630194 24.204535 0.018969846
58833.630754 24.189878 0.019965817
58833.631339 24.200979 0.019931398
58833.631919 24.220972 0.023902221
58833.632476 24.261493 0.023903573
58833.633035 24.241541 0.022880269
58833.633609 24.204824 0.025813528
58833.634176 24.190615 0.026938915
58833.63477 24.197747 0.022911546
58833.63533 24.189307 0.020939751
58833.635896 24.221492 0.022905553
58833.636454 24.189275 0.019968525
58833.637031 24.23275 0.020945559
58833.637603 24.223202 0.023927468
58833.638178 24.195727 0.022916235
58833.638751 24.190802 0.024944605
58833.639317 24.196 0.021943922
58833.639885 24.229527 0.021949907
58833.640451 24.210121 0.020963727
58833.641017 24.197391 0.020959075
58833.641587 24.189042 0.020971508
58833.642165 24.219479 0.020964727
58833.642733 24.179155 0.020947544
58833.643298 24.184531 0.020965851
58833.643881 24.187827 0.019972016
58833.644463 24.19657 0.02097075
58833.645038 24.189679 0.022953833
58833.645621 24.197536 0.02195071
58833.646196 24.216441 0.022951427
58833.646775 24.17645 0.020971813
58833.647352 24.207351 0.021954249
58833.647947 24.1791 0.02294934
58833.648518 24.185019 0.018978826
58833.649091 24.2011 0.019973982
58833.649661 24.216808 0.021971257
58833.650234 24.220115 0.022973595
58833.650812 24.212754 0.021958615
58833.651385 24.178411 0.021952158
58833.651942 24.164243 0.021947475
58833.652501 24.230744 0.021968497
58833.653051 24.210336 0.021980437
58833.653627 24.192141 0.020980503
58833.654196 24.201807 0.021950106
58833.654761 24.214945 0.019974186
58833.655332 24.193178 0.021953237
58833.655903 24.222496 0.022976267
58833.656459 24.209568 0.01997728
58833.657018 24.209985 0.021977766
58833.657575 24.194493 0.020963839
58833.658134 24.216647 0.020971268
58833.658729 24.241299 0.022951627
58833.659291 24.207117 0.021974651
58833.659866 24.233331 0.021975051
58833.660428 24.193677 0.023950177
58833.660996 24.193533 0.020957579
58833.661568 24.212217 0.022952068
58833.662129 24.229069 0.023953425
58833.662686 24.211451 0.023925734
58833.663254 24.231642 0.023956134
58833.663845 24.205197 0.027955495
58833.664399 24.242046 0.023949305
58833.664959 24.222655 0.024971222
58833.66553 24.241566 0.022977153
58833.666087 24.228384 0.022976058
58833.666661 24.226067 0.02197968
58833.66724 24.236417 0.022981149
58833.667808 24.249694 0.02097834
58833.668374 24.223036 0.020984735
58833.66894 24.239019 0.022977395
58833.669515 24.185995 0.021974174
58833.670105 24.224148 0.024970104
58833.670664 24.219858 0.023967511
58833.671231 24.243406 0.025961796
58833.671792 24.231062 0.021968273
58833.672357 24.204952 0.022963253
58833.672921 24.283629 0.023977959
58833.6735 24.24445 0.025956319
58833.674063 24.234692 0.021974612
58833.674632 24.24443 0.026939371
58833.675223 24.200908 0.026907248
58833.67579 24.238851 0.028929908
58833.67635 24.223284 0.027938212
58833.676916 24.223019 0.025958512
58833.677484 24.247952 0.028955423
58833.678056 24.230768 0.028896769
58833.678616 24.268761 0.030869983
58833.679182 24.26399 0.033873308
58833.679761 24.183925 0.031822479
58833.680323 24.273241 0.040720856
58833.680894 24.257701 0.034793066
58833.681455 24.250224 0.036793806
58833.68202 24.280019 0.035857392
58833.682591 24.255684 0.034728044
58833.683157 24.238397 0.032893062
58833.683728 24.24141 0.032833202
58833.68429 24.258556 0.033790957
58833.684864 24.259389 0.02892709
58833.685427 24.256319 0.03292121
58833.686006 24.224557 0.029898001
58833.68663 24.263709 0.030924557
58833.687197 24.291821 0.029954091
58833.687766 24.274563 0.02796151
58833.688335 24.244828 0.027928161
58833.6889 24.274278 0.031923518
58833.689473 24.264073 0.027948809
58833.690035 24.28336 0.028920014
58833.690606 24.306677 0.029930017
58833.691182 24.322381 0.02994169
58833.691769 24.253209 0.028900051
58833.692334 24.248625 0.030893193
58833.692912 24.273017 0.029874793
58833.693482 24.236903 0.026940529
58833.694055 24.294169 0.029904833
58833.694629 24.25428 0.024955076
58833.695214 24.305788 0.030927096
58833.695788 24.289108 0.02795341
58833.696709 24.32114 0.029951463
58833.697282 24.296353 0.034904257
58833.697854 24.283174 0.031903705
58833.698426 24.316315 0.030944674
58833.698997 24.31728 0.036926038
58833.699574 24.352951 0.031952549
58833.700162 24.272796 0.02894214
58833.700738 24.298225 0.030927681
58833.701314 24.284101 0.030955605
58833.701879 24.307338 0.038962034
58833.702433 24.254859 0.031963945
58833.702997 24.3041 0.027970332
58833.703569 24.333917 0.027968542
58833.704138 24.305273 0.026979386
58833.704693 24.311168 0.028969782
58833.705269 24.26501 0.026964859
58833.705842 24.313019 0.029935583
58833.706416 24.346623 0.0329561
58833.706995 24.30356 0.027976984
58833.70756 24.340693 0.033961375
58833.708139 24.317973 0.027968287
58833.708701 24.327317 0.029942786
58833.709269 24.35354 0.03196008
58833.709837 24.326075 0.02893351
58833.710398 24.305858 0.027939699
58833.710961 24.318854 0.030941999
58833.711531 24.307288 0.028945875
58833.712096 24.323657 0.025961344
58833.712678 24.294778 0.029955927
58833.713245 24.364026 0.030951486
58833.713811 24.310073 0.025944424
58833.71438 24.360419 0.028954995
58833.714942 24.347359 0.030960968
58833.715515 24.359218 0.025963298
58833.716099 24.328317 0.027971387
58833.716662 24.328135 0.027968297
58833.717217 24.340527 0.02596661
58833.717786 24.363206 0.029943207
58833.718352 24.337362 0.028955372
58833.718933 24.343395 0.030958809
58833.719515 24.350052 0.029948138
58833.720081 24.338379 0.030898151
58833.720652 24.317415 0.028964339
58833.721229 24.350157 0.026956363
58833.721798 24.304055 0.031955118
58833.722365 24.333577 0.026963257
58833.722938 24.302235 0.023964341
58833.723517 24.347971 0.02794042
58833.724095 24.359132 0.025969471
58833.724659 24.356048 0.027961395
58833.725228 24.347668 0.026961183
58833.725794 24.346198 0.028913774
58833.726369 24.316371 0.028905889
58833.726949 24.348156 0.028924025
58833.727521 24.370929 0.030899814
58833.728085 24.34644 0.026913692
58833.728659 24.343782 0.028949926
58833.729226 24.375212 0.029928905
58833.729803 24.348422 0.028925413
58833.730359 24.382657 0.029957267
58833.730924 24.328069 0.024964719
58833.731502 24.361751 0.031947571
58833.732059 24.334255 0.030905477
58833.732632 24.315996 0.032918042
58833.733194 24.370769 0.030917991
58833.733759 24.304868 0.0319053
58833.734321 24.357115 0.034877717
58833.734879 24.339998 0.035908021
58833.735444 24.276904 0.034863861
58833.736003 24.333491 0.037882123
58833.736571 24.295347 0.037855636
58833.737136 24.306525 0.037825091
58833.737691 24.286973 0.031910831
58833.738267 24.396242 0.03778111
58833.738823 24.319632 0.03189547
58833.739382 24.289215 0.031886213
58833.739948 24.310976 0.034859492
58833.740522 24.368242 0.037846209
58833.741085 24.27606 0.041649699
58833.741647 24.322766 0.033909839
58833.742215 24.301965 0.031909115
58833.742788 24.299464 0.031872171
58833.743365 24.298886 0.034900302
58833.743953 24.331267 0.034903803
58833.744526 24.287726 0.02992531
58833.745093 24.298269 0.027908322
58833.745664 24.261895 0.028929332
58833.746226 24.282582 0.029943181
58833.746789 24.252631 0.02594272
58833.747358 24.250054 0.028955983
58833.747921 24.247621 0.028952848
58833.748478 24.253924 0.024960358
58833.749035 24.272301 0.025959929
58833.749599 24.233866 0.024960317
58833.750168 24.222594 0.02691532
58833.750733 24.188003 0.027910044
58833.751298 24.256945 0.030802255
58833.751854 24.210895 0.030888596
58833.752416 24.243723 0.028922362
58833.752988 24.212122 0.027924983
58833.753539 24.145849 0.026903276
58833.7541 24.185841 0.02690891
58833.754655 24.18272 0.024939396
58833.75523 24.176655 0.025960959
58833.755803 24.121142 0.028949173
58833.756377 24.141178 0.028950542
58833.756948 24.13026 0.020976568
58833.757519 24.117777 0.026969794
58833.758074 24.090478 0.024973562
58833.758639 24.100602 0.026933186
58833.759204 24.039517 0.028940127
58833.759765 24.073006 0.028941074
58833.760341 24.042767 0.026956771
58833.760921 24.023013 0.027966087
58833.761489 24.030602 0.031926619
58833.76205 23.962165 0.026950595
58833.762618 23.980462 0.024950596
58833.763196 23.952341 0.025942298
58833.763771 23.962503 0.023972622
58833.764345 23.944099 0.02496161
58833.764904 23.883736 0.024945536
58833.765469 23.938348 0.021976874
58833.766035 23.914573 0.023972981
58833.766604 23.895222 0.023968144
58833.767179 23.875678 0.022964708
58833.767754 23.861592 0.02497257
58833.768337 23.91002 0.023962793
58833.768906 23.864685 0.022971077
58833.769468 23.837533 0.022967136
58833.770037 23.799735 0.021961801
58833.770609 23.893782 0.022970263
58833.771176 23.846143 0.02691232
58833.77175 23.790449 0.024942408
58833.772312 23.861107 0.026919355
58833.772873 23.809366 0.028888904
58833.773436 23.856692 0.03187131
58833.774013 23.825113 0.031881736
58833.774581 23.841567 0.027918967
58833.775149 23.826987 0.029874597
58833.775718 23.793033 0.027911427
58833.776274 23.804428 0.025906955
58833.776849 23.786831 0.025955811
58833.777425 23.80765 0.026955544
58833.777996 23.854622 0.028923916
58833.778564 23.78135 0.024936069
58833.779126 23.78024 0.026914824
58833.779701 23.76376 0.02690764
58833.780275 23.764562 0.025914143
58833.780836 23.774989 0.027890956
58833.781394 23.714402 0.027884861
58833.781959 23.717069 0.023944114
58833.78252 23.730058 0.025940065
58833.783078 23.69729 0.026921997
58833.783656 23.676031 0.025930586
58833.784224 23.694952 0.024941912
58833.784791 23.660988 0.02196223
58833.785359 23.668212 0.021961906
58833.785923 23.672698 0.020969669
58833.786499 23.669015 0.022958334
58833.787075 23.62974 0.025916974
58833.787657 23.673367 0.021970566
58833.788243 23.612632 0.021960498
58833.788815 23.628161 0.020959054
58833.789431 23.620086 0.019974679
58833.789993 23.617909 0.017977
58833.790558 23.586875 0.020979283
58833.791114 23.60166 0.020964783
58833.791692 23.577391 0.016977209
58833.792254 23.58492 0.018972853
58833.792819 23.580458 0.019960889
58833.793386 23.541672 0.017961765
58833.793945 23.596311 0.019969383
58833.794517 23.561519 0.017972702
58833.79508 23.547669 0.01796672
58833.795646 23.566767 0.018963976
58833.796225 23.541982 0.017973497
58833.79679 23.55397 0.017980124
58833.797352 23.509845 0.016982362
58833.797908 23.529271 0.017980993
58833.798484 23.521811 0.017981437
58833.799061 23.525853 0.017968963
58833.799624 23.512838 0.016977763
58833.800185 23.51859 0.018971926
58833.800756 23.517117 0.01797799
58833.801313 23.524041 0.017978048
58833.801876 23.54227 0.017968334
58833.802443 23.543148 0.017965217
58833.803031 23.539326 0.016983538
58833.803608 23.532708 0.016980285
58833.804175 23.528669 0.016984911
58833.804741 23.501864 0.016980224
58833.805316 23.526458 0.017986637
58833.805876 23.548019 0.017975956
58833.806445 23.519213 0.015988051
58833.807016 23.547239 0.016977686
58833.807582 23.512153 0.01797392
58833.80816 23.538208 0.01898058
58833.808724 23.542774 0.017980218
58833.809281 23.52704 0.016977233
58833.809857 23.538976 0.018978292
58833.810432 23.560055 0.017981816
58833.811002 23.556584 0.017983312
58833.81157 23.518547 0.019983083
58833.812141 23.596781 0.017985367
58833.81271 23.559178 0.018986348
58833.813283 23.552081 0.016983856
58833.81385 23.537564 0.016983206
58833.814425 23.545887 0.015987612
58833.81499 23.559683 0.016981963
58833.815567 23.56095 0.017984016
58833.816133 23.539066 0.016977958
58833.816698 23.569336 0.016983545
58833.817289 23.544299 0.017975318
58833.817864 23.545806 0.018970912
58833.818429 23.53478 0.017978601
58833.819011 23.565164 0.017974138
58833.819573 23.569431 0.019973671
58833.820146 23.538362 0.017959252
58833.82073 23.565618 0.017968107
58833.821295 23.565277 0.019974657
58833.821869 23.585362 0.019976596
58833.822431 23.554102 0.017977994
58833.822986 23.586775 0.021974774
58833.823546 23.572271 0.018975693
58833.824122 23.571107 0.019969997
58833.82469 23.576222 0.018979429
58833.82527 23.597515 0.022973688
58833.825842 23.604388 0.022969503
58833.826414 23.640459 0.021970522
58833.826987 23.590196 0.018975893
58833.827559 23.60213 0.020969368
58833.828123 23.634641 0.020978987
58833.828694 23.616932 0.01897584
58833.829263 23.606177 0.019971525
58833.829826 23.600238 0.018973238
58833.830398 23.619779 0.020967629
58833.830961 23.617658 0.020962429
58833.831526 23.595663 0.018977804
58833.832097 23.614062 0.016980639
58833.83267 23.622912 0.017978921
58833.833228 23.618185 0.019964089
58833.833798 23.625492 0.017974736
58833.834371 23.640107 0.018973494
58833.834936 23.629287 0.01997438
58833.83551 23.617777 0.015981867
58833.836083 23.646355 0.01698047
58833.836648 23.657041 0.020957073
58833.837231 23.664039 0.020958261
58833.837806 23.605092 0.019927672
58833.83839 23.624468 0.01996115
58833.838952 23.675178 0.021946731
58833.839512 23.645281 0.019971168
58833.840078 23.67027 0.022963409
58833.840638 23.641916 0.019974104
58833.841214 23.632045 0.018975743
58833.841784 23.647735 0.017973891
58833.842354 23.64212 0.020977079
58833.842932 23.670486 0.018977147
58833.8435 23.663227 0.020970446
58833.844068 23.690937 0.021971101
58833.84464 23.656747 0.018973036
58833.845192 23.660445 0.021964911
58833.845764 23.681216 0.019982171
58833.846315 23.681848 0.021981895
58833.846882 23.711932 0.020982481
58833.847447 23.736973 0.021981959
58833.848017 23.678927 0.021973201
58833.848583 23.671016 0.022977629
58833.849139 23.666651 0.022965754
58833.849713 23.678882 0.02197249
58833.850286 23.682964 0.018979884
