HJD mag magerr
58833.526351 24.39253 0.088777004
58833.526938 24.455369 0.0856371
58833.527497 24.440691 0.06883063
58833.528073 24.435487 0.072688609
58833.52864 24.412482 0.050834086
58833.529223 24.323811 0.063622101
58833.529794 24.498158 0.068622678
58833.530369 24.432823 0.052763625
58833.530936 24.422031 0.043902261
58833.531508 24.394471 0.035895349
58833.532068 24.390108 0.033911658
58833.532639 24.414549 0.033901295
58833.533201 24.405663 0.031937159
58833.533765 24.440383 0.029942882
58833.534319 24.536642 0.039738876
58833.534878 24.461599 0.033819813
58833.535457 24.416559 0.038838007
58833.536022 24.393126 0.028931855
58833.536586 24.428358 0.027946857
58833.537148 24.383252 0.022945587
58833.537706 24.456356 0.030891659
58833.538275 24.42061 0.026932939
58833.538843 24.41818 0.025937033
58833.539403 24.420106 0.024938013
58833.539961 24.444315 0.02494864
58833.540691 24.433745 0.023966626
58833.54127 24.433259 0.025934691
58833.541834 24.431391 0.022951217
58833.542384 24.398006 0.024946425
58833.542946 24.379841 0.023941429
58833.543507 24.434959 0.023956794
58833.544071 24.397739 0.020975025
58833.544644 24.395962 0.019970208
58833.545206 24.46449 0.02394531
58833.545767 24.440124 0.021958244
58833.54634 24.373443 0.019969079
58833.546924 24.434703 0.022951751
58833.547488 24.445297 0.022946499
58833.548053 24.393412 0.020953178
58833.548633 24.396975 0.02096864
58833.549203 24.435682 0.02196358
58833.549779 24.396018 0.021961968
58833.550355 24.435411 0.022949192
58833.550911 24.42481 0.022940093
58833.551466 24.396793 0.021948834
58833.552025 24.38848 0.022926005
58833.552609 24.461588 0.025922883
58833.553172 24.383958 0.022953199
58833.553736 24.457925 0.023957804
58833.554298 24.413185 0.01997159
58833.554862 24.410157 0.022968317
58833.55542 24.443631 0.022979775
58833.556007 24.405579 0.022983241
58833.556565 24.421006 0.02198191
58833.557125 24.402076 0.022976995
58833.557676 24.402059 0.025981672
58833.558245 24.421408 0.023967644
58833.558811 24.432491 0.024951425
58833.559373 24.442237 0.022944828
58833.559928 24.436963 0.023882789
58833.560497 24.430557 0.029819152
58833.561052 24.439311 0.023920571
58833.561629 24.422233 0.026915057
58833.562183 24.406503 0.022951281
58833.562742 24.403149 0.022954602
58833.563315 24.390017 0.022956209
58833.563889 24.516797 0.025855356
58833.564461 24.475277 0.02678735
58833.565019 24.456862 0.017974097
58833.565576 24.398639 0.017990663
58833.566153 24.529409 0.022943061
58833.566722 24.417002 0.022950582
58833.56729 24.368705 0.019951986
58833.56785 24.453882 0.022922242
58833.568406 24.44175 0.019979386
58833.568961 24.43212 0.018979527
58833.569533 24.430144 0.017984975
58833.570095 24.412323 0.019976185
58833.57065 24.441482 0.017987212
58833.57121 24.403783 0.018977868
58833.571768 24.416466 0.019978756
58833.572322 24.433543 0.019973446
58833.572898 24.395464 0.020965368
58833.573468 24.447253 0.024871144
58833.574037 24.428161 0.022912662
58833.574593 24.403075 0.021920321
58833.575159 24.530527 0.030748202
58833.575726 24.432156 0.024825174
58833.576286 24.426468 0.023869908
58833.576839 24.407331 0.02289156
58833.577403 24.419476 0.020959957
58833.577964 24.443116 0.01996542
58833.578544 24.395771 0.022943317
58833.579114 24.42374 0.021962651
58833.579688 24.38122 0.022927886
58833.580238 24.42779 0.023917421
58833.58081 24.41325 0.021933458
58833.581375 24.339214 0.022833447
58833.581944 24.420095 0.021921282
58833.582509 24.404521 0.019956178
58833.58308 24.485605 0.02391902
58833.583647 24.454991 0.024884429
58833.584215 24.442536 0.02681339
58833.584762 24.441412 0.021912771
58833.585316 24.500013 0.023881977
58833.585886 24.369191 0.019936254
58833.586442 24.417513 0.021942165
58833.587001 24.41995 0.021930205
58833.587566 24.455813 0.028880366
58833.58814 24.38533 0.025904545
58833.588711 24.371299 0.016977828
58833.589285 24.486694 0.018962633
58833.589857 24.532737 0.0257989
58833.590423 24.358982 0.025798202
58833.590994 24.590091 0.02882572
58833.591559 24.41276 0.034756656
58833.592112 24.403018 0.032778226
58833.592665 24.455098 0.034756831
58833.593224 24.44108 0.034830086
58833.593796 24.441419 0.039837971
58833.594369 24.411698 0.042560726
58833.59492 24.413219 0.035774765
58833.595528 24.488224 0.029809479
58833.596082 24.404575 0.025880273
58833.596665 24.397704 0.029875405
58833.597231 24.43838 0.027850057
58833.597797 24.449239 0.02691796
58833.59838 24.47578 0.02195638
58833.598947 24.455714 0.021945624
58833.599512 24.396178 0.025926048
58833.60009 24.435975 0.023947364
58833.600655 24.398684 0.023952673
58833.601221 24.411339 0.023931074
58833.601788 24.391407 0.023953251
58833.602358 24.398453 0.023940358
58833.602926 24.400916 0.024908351
58833.60349 24.465357 0.030828265
58833.604047 24.440782 0.023934109
58833.604615 24.434309 0.025898778
58833.605171 24.480501 0.027847906
58833.605736 24.437664 0.027898659
58833.606292 24.46707 0.028898596
58833.606846 24.400861 0.02787745
58833.607409 24.446398 0.028891434
58833.607972 24.363683 0.026919792
58833.608554 24.412251 0.02886386
58833.609122 24.456471 0.030906333
58833.609691 24.343722 0.027853939
58833.61027 24.432504 0.025904953
58833.610843 24.403318 0.023903403
58833.611415 24.429823 0.024887246
58833.611993 24.411245 0.024871406
58833.612577 24.420765 0.023868491
58833.613137 24.40727 0.025870728
58833.613696 24.440876 0.023855993
58833.614278 24.450413 0.023891421
58833.614853 24.43218 0.02582666
58833.615407 24.429039 0.02585984
58833.615983 24.438102 0.025884464
58833.616534 24.445609 0.021918553
58833.617093 24.450776 0.027904061
58833.617655 24.410365 0.025933457
58833.618216 24.375158 0.022941839
58833.618781 24.451051 0.024945919
58833.619336 24.395107 0.025935305
58833.619908 24.409643 0.026924406
58833.620489 24.429676 0.024931857
58833.621073 24.422969 0.023941756
58833.621643 24.438754 0.025914441
58833.622212 24.418297 0.025924319
58833.622786 24.42356 0.027890675
58833.623339 24.452186 0.023936811
58833.623898 24.409107 0.025920165
58833.624467 24.423081 0.025940176
58833.625042 24.447671 0.024930619
58833.625625 24.413512 0.023938602
58833.626195 24.41923 0.021949369
58833.626758 24.402993 0.024902982
58833.627345 24.398094 0.022961915
58833.627901 24.385396 0.020962988
58833.628481 24.394126 0.022962802
58833.629058 24.430234 0.022959448
58833.629625 24.406466 0.020964271
58833.630194 24.40345 0.021964378
58833.630754 24.382832 0.020970281
58833.631339 24.409284 0.024914476
58833.631919 24.43874 0.026824482
58833.632476 24.438231 0.030845723
58833.633035 24.405575 0.025897014
58833.633609 24.414341 0.024887873
58833.634176 24.416541 0.033927977
58833.63477 24.473264 0.028912158
58833.63533 24.403054 0.023953483
58833.635896 24.432396 0.023929218
58833.636454 24.439415 0.021968132
58833.637031 24.46456 0.025898737
58833.637603 24.404952 0.02494517
58833.638178 24.425964 0.024910144
58833.638751 24.401869 0.023962604
58833.639317 24.416339 0.023960304
58833.639885 24.422243 0.024963404
58833.640451 24.401156 0.0219811
58833.641017 24.406963 0.020979172
58833.641587 24.405745 0.023963177
58833.642165 24.422389 0.022968361
58833.642733 24.409535 0.022966898
58833.643298 24.440726 0.026960451
58833.643881 24.401198 0.021951595
58833.644463 24.443944 0.019981437
58833.645038 24.393646 0.022968782
58833.645621 24.407913 0.024947014
58833.646196 24.408449 0.023949189
58833.646775 24.437225 0.02496554
58833.647352 24.414081 0.022969853
58833.647947 24.419575 0.025942314
58833.648518 24.413991 0.02198225
58833.649091 24.42476 0.022971238
58833.649661 24.391211 0.020979749
58833.650234 24.411044 0.021979222
58833.650812 24.42617 0.022972613
58833.651385 24.396476 0.022966439
58833.651942 24.409682 0.025965776
58833.652501 24.445075 0.022977053
58833.653051 24.421797 0.025981001
58833.653627 24.384309 0.022978246
58833.654196 24.405232 0.022963829
58833.654761 24.427452 0.022970411
58833.655332 24.432961 0.023977404
58833.655903 24.378097 0.024980243
58833.656459 24.399215 0.021981459
58833.657018 24.398974 0.020984509
58833.657575 24.397597 0.020985309
58833.658134 24.432494 0.023977252
58833.658729 24.397839 0.023967163
58833.659291 24.431365 0.023971524
58833.659866 24.416443 0.020984165
58833.660428 24.434716 0.02496716
58833.660996 24.408136 0.02396937
58833.661568 24.382383 0.024968444
58833.662129 24.41032 0.025951159
58833.662686 24.406034 0.027945801
58833.663254 24.402282 0.023979976
58833.663845 24.429097 0.028924841
58833.664399 24.436428 0.023965233
58833.664959 24.434006 0.025979592
58833.66553 24.411909 0.024975019
58833.666087 24.403154 0.024981949
58833.666661 24.364857 0.021983637
58833.66724 24.386531 0.021986877
58833.667808 24.441138 0.025983744
58833.668374 24.408282 0.023981613
58833.66894 24.364607 0.02397635
58833.669515 24.414946 0.025973093
58833.670105 24.432817 0.029965074
58833.670664 24.415058 0.025964443
58833.671231 24.432626 0.025969078
58833.671792 24.42335 0.027963815
58833.672357 24.400731 0.026964701
58833.672921 24.369806 0.025962672
58833.6735 24.38079 0.023977956
58833.674063 24.394885 0.026980066
58833.674632 24.401181 0.025963176
58833.675223 24.458853 0.028913369
58833.67579 24.431046 0.029953155
58833.67635 24.425708 0.031944495
58833.676916 24.402602 0.027965123
58833.677484 24.420078 0.029958349
58833.678056 24.506326 0.032952378
58833.678616 24.473313 0.038858914
58833.679182 24.451866 0.036876026
58833.679761 24.466068 0.037808408
58833.680323 24.496778 0.049604815
58833.680894 24.395127 0.03781171
58833.681455 24.449421 0.046684856
58833.68202 24.416062 0.039792894
58833.682591 24.416783 0.039790422
58833.683157 24.396614 0.035886043
58833.683728 24.395361 0.035874004
58833.68429 24.445165 0.04278099
58833.684864 24.41657 0.033926762
58833.685427 24.42843 0.034919481
58833.686006 24.437672 0.033893585
58833.68663 24.378072 0.033951413
58833.687197 24.360917 0.0299669
58833.687766 24.454865 0.030956033
58833.688335 24.42283 0.029964021
58833.6889 24.482052 0.032951576
58833.689473 24.395705 0.030947126
58833.690035 24.40934 0.029946572
58833.690606 24.376335 0.02992483
58833.691182 24.391973 0.027956971
58833.691769 24.410629 0.029937528
58833.692334 24.422904 0.032897099
58833.692912 24.413743 0.03192351
58833.693482 24.427104 0.029938721
58833.694055 24.415574 0.031940137
58833.694629 24.422396 0.030961983
58833.695214 24.422842 0.028955757
58833.695788 24.418517 0.030949247
58833.696709 24.423645 0.034949066
58833.697282 24.406398 0.03691235
58833.697854 24.457369 0.034930917
58833.698426 24.464278 0.032949109
58833.698997 24.46082 0.041934071
58833.699574 24.419425 0.030966928
58833.700162 24.409895 0.029971205
58833.700738 24.381507 0.030959974
58833.701314 24.386078 0.032959233
58833.701879 24.434265 0.040962446
58833.702433 24.41989 0.03797484
58833.702997 24.39944 0.027978731
58833.703569 24.450664 0.03296581
58833.704138 24.390686 0.025982416
58833.704693 24.399688 0.027977082
58833.705269 24.424417 0.029967145
58833.705842 24.376254 0.032955566
58833.706416 24.391428 0.032945224
58833.706995 24.428402 0.02897568
58833.70756 24.397938 0.03396051
58833.708139 24.426491 0.027964354
58833.708701 24.424495 0.029971183
58833.709269 24.399633 0.028971924
58833.709837 24.395789 0.028969513
58833.710398 24.44038 0.030972362
58833.710961 24.446016 0.034938933
58833.711531 24.407672 0.032958514
58833.712096 24.394712 0.030955938
58833.712678 24.420018 0.030952671
58833.713245 24.358455 0.027962511
58833.713811 24.408722 0.027963622
58833.71438 24.423767 0.025971317
58833.714942 24.412823 0.026965293
58833.715515 24.391451 0.026963585
58833.716099 24.389938 0.025976153
58833.716662 24.44526 0.030976465
58833.717217 24.368437 0.025974975
58833.717786 24.43214 0.029962173
58833.718352 24.455428 0.032954961
58833.718933 24.481253 0.029961856
58833.719515 24.433934 0.028959737
58833.720081 24.393775 0.029949448
58833.720652 24.390531 0.029962207
58833.721229 24.372106 0.02895119
58833.721798 24.471663 0.032950457
58833.722365 24.418522 0.026959074
58833.722938 24.396862 0.025975224
58833.723517 24.423107 0.028959681
58833.724095 24.419346 0.026966193
58833.724659 24.440969 0.030961672
58833.725228 24.417046 0.027963418
58833.725794 24.431592 0.026965009
58833.726369 24.421539 0.031944652
58833.726949 24.429816 0.031927649
58833.727521 24.409465 0.031893344
58833.728085 24.419294 0.0319129
58833.728659 24.408422 0.028948371
58833.729226 24.428184 0.028950336
58833.729803 24.382707 0.028964391
58833.730359 24.396827 0.025954652
58833.730924 24.439376 0.026965307
58833.731502 24.427765 0.029962031
58833.732059 24.417195 0.033901775
58833.732632 24.434078 0.029944127
58833.733194 24.394294 0.033919689
58833.733759 24.373312 0.034879463
58833.734321 24.43838 0.035914075
58833.734879 24.493405 0.036896252
58833.735444 24.435002 0.035850952
58833.736003 24.383905 0.039866571
58833.736571 24.328995 0.038861432
58833.737136 24.486331 0.038863674
58833.737691 24.411215 0.033905839
58833.738267 24.349155 0.041786585
58833.738823 24.430478 0.033884669
58833.739382 24.419661 0.036901181
58833.739948 24.469141 0.037843572
58833.740522 24.474676 0.040847896
58833.741085 24.450013 0.042814093
58833.741647 24.417985 0.035904207
58833.742215 24.439462 0.032925624
58833.742788 24.403168 0.033844764
58833.743365 24.431601 0.037900099
58833.743953 24.431901 0.035890597
58833.744526 24.386866 0.031914838
58833.745093 24.419364 0.029942565
58833.745664 24.365042 0.029928359
58833.746226 24.375645 0.031938152
58833.746789 24.48357 0.031937571
58833.747358 24.457197 0.028955056
58833.747921 24.396401 0.027950336
58833.748478 24.405116 0.026957149
58833.749035 24.408673 0.029955014
58833.749599 24.440103 0.02795303
58833.750168 24.449929 0.03090677
58833.750733 24.487113 0.032914114
58833.751298 24.436276 0.030871798
58833.751854 24.394386 0.032879334
58833.752416 24.43566 0.034917107
58833.752988 24.424721 0.031923541
58833.753539 24.448555 0.030932346
58833.7541 24.429362 0.030940222
58833.754655 24.448921 0.028954866
58833.75523 24.418602 0.028969562
58833.755803 24.407855 0.031944625
58833.756377 24.452723 0.03394587
58833.756948 24.425087 0.029969666
58833.757519 24.412533 0.031973023
58833.758074 24.42698 0.030968718
58833.758639 24.43077 0.034927231
58833.759204 24.342133 0.037914301
58833.759765 24.39219 0.030961927
58833.760341 24.420615 0.033961863
58833.760921 24.395986 0.032962542
58833.761489 24.489286 0.042926329
58833.76205 24.474483 0.034963513
58833.762618 24.426201 0.035948775
58833.763196 24.422057 0.032959244
58833.763771 24.414022 0.030976334
58833.764345 24.389603 0.029969856
58833.764904 24.395893 0.033974251
58833.765469 24.401312 0.028982105
58833.766035 24.402131 0.032972239
58833.766604 24.455671 0.031954842
58833.767179 24.42238 0.028977058
58833.767754 24.440632 0.035974976
58833.768337 24.413404 0.026969766
58833.768906 24.411918 0.030971956
58833.769468 24.428529 0.034950245
58833.770037 24.415422 0.035965151
58833.770609 24.365825 0.034958451
58833.771176 24.456925 0.038905686
58833.77175 24.468076 0.041926843
58833.772312 24.364939 0.040905764
58833.772873 24.420537 0.045884283
58833.773436 24.383303 0.042854628
58833.774013 24.445867 0.051869077
58833.774581 24.439715 0.042911472
58833.775149 24.466998 0.04790695
58833.775718 24.487909 0.043910225
58833.776274 24.399038 0.038938037
58833.776849 24.411057 0.038950238
58833.777425 24.396847 0.043945897
58833.777996 24.452741 0.043924111
58833.778564 24.400326 0.033947002
58833.779126 24.378707 0.037932777
58833.779701 24.387778 0.038930943
58833.780275 24.43285 0.037942318
58833.780836 24.490341 0.041861285
58833.781394 24.379769 0.045860114
58833.781959 24.457458 0.038936863
58833.78252 24.395264 0.039948573
58833.783078 24.342785 0.039903032
58833.783656 24.398156 0.037919993
58833.784224 24.394012 0.035951277
58833.784791 24.378306 0.031955408
58833.785359 24.349004 0.033959115
58833.785923 24.378628 0.029968103
58833.786499 24.428831 0.036952381
58833.787075 24.407068 0.034958332
58833.787657 24.428198 0.038957959
58833.788243 24.423721 0.033955311
58833.788815 24.426933 0.033965254
58833.789431 24.410514 0.030971664
58833.789993 24.394417 0.032963223
58833.790558 24.437982 0.032975979
58833.791114 24.499164 0.036955144
58833.791692 24.429897 0.033971905
58833.792254 24.404581 0.030955308
58833.792819 24.415833 0.02696854
58833.793386 24.375455 0.028957689
58833.793945 24.375093 0.02796522
58833.794517 24.397386 0.028968535
58833.79508 24.418886 0.026968946
58833.795646 24.430754 0.028971647
58833.796225 24.411031 0.023968477
58833.79679 24.409476 0.025980602
58833.797352 24.424531 0.026984358
58833.797908 24.431146 0.026978894
58833.798484 24.433769 0.029980263
58833.799061 24.411372 0.025976962
58833.799624 24.438874 0.026974212
58833.800185 24.396612 0.027977893
58833.800756 24.457068 0.028963668
58833.801313 24.442553 0.026971608
58833.801876 24.404271 0.027972927
58833.802443 24.471146 0.030957691
58833.803031 24.406664 0.028980999
58833.803608 24.433334 0.026974382
58833.804175 24.384387 0.026981615
58833.804741 24.401795 0.028980377
58833.805316 24.445149 0.028979234
58833.805876 24.394965 0.027973439
58833.806445 24.469835 0.027983576
58833.807016 24.392953 0.026979535
58833.807582 24.427892 0.029965152
58833.80816 24.404959 0.03097808
58833.808724 24.43394 0.030979521
58833.809281 24.382144 0.02897495
58833.809857 24.455317 0.028979709
58833.810432 24.436755 0.029972844
58833.811002 24.417498 0.029977616
58833.81157 24.381395 0.026982098
58833.812141 24.380664 0.027981555
58833.81271 24.400707 0.025983654
58833.813283 24.407615 0.027984952
58833.81385 24.416507 0.025984432
58833.814425 24.431265 0.026983565
58833.81499 24.407429 0.024984627
58833.815567 24.438158 0.028980752
58833.816133 24.398119 0.02597995
58833.816698 24.426732 0.033959143
58833.817289 24.42923 0.026972845
58833.817864 24.434363 0.02996772
58833.818429 24.426026 0.029968587
58833.819011 24.422136 0.031968258
58833.819573 24.443566 0.031976435
58833.820146 24.411471 0.029964336
58833.82073 24.451103 0.028971962
58833.821295 24.495151 0.029971611
58833.821869 24.398015 0.033970895
58833.822431 24.41311 0.030978004
58833.822986 24.450106 0.031979254
58833.823546 24.445628 0.034962839
58833.824122 24.505359 0.034960902
58833.82469 24.448948 0.036975214
58833.82527 24.402687 0.039977314
58833.825842 24.433587 0.037973408
58833.826414 24.415518 0.037959907
58833.826987 24.457379 0.0359619
58833.827559 24.46879 0.033967503
58833.828123 24.461659 0.031974219
58833.828694 24.434104 0.031959064
58833.829263 24.426181 0.030967641
58833.829826 24.44632 0.031957094
58833.830398 24.422839 0.028968113
58833.830961 24.395293 0.029969339
58833.831526 24.429866 0.027959994
58833.832097 24.402163 0.026975713
58833.83267 24.43502 0.028969542
58833.833228 24.474546 0.028969748
58833.833798 24.431882 0.026976711
58833.834371 24.353165 0.027958506
58833.834936 24.411483 0.026976375
58833.83551 24.373528 0.028973462
58833.836083 24.423627 0.028972033
58833.836648 24.456627 0.027974086
58833.837231 24.380963 0.02797386
58833.837806 24.451311 0.035939234
58833.83839 24.506443 0.03195487
58833.838952 24.440589 0.034938775
58833.839512 24.406446 0.032966438
58833.840078 24.426227 0.036956682
58833.840638 24.418864 0.030970228
58833.841214 24.425631 0.033968489
58833.841784 24.403092 0.028976959
58833.842354 24.387781 0.02897383
58833.842932 24.399663 0.027971324
58833.8435 24.427422 0.029973611
58833.844068 24.396738 0.031974367
58833.84464 24.414457 0.028973649
58833.845192 24.482928 0.033977461
58833.845764 24.413165 0.030979754
58833.846315 24.439884 0.031979823
58833.846882 24.388146 0.03198275
58833.847447 24.39473 0.039970007
58833.848017 24.416924 0.030979489
58833.848583 24.46353 0.038972255
58833.849139 24.445923 0.038975128
58833.849713 24.433477 0.035964421
58833.850286 24.449412 0.034979112
