HJD mag magerr
58833.526351 23.956413 0.057792589
58833.526938 23.850023 0.052635463
58833.527497 23.93357 0.048810641
58833.528073 23.974866 0.043782304
58833.52864 23.948131 0.033819827
58833.529223 23.990588 0.042653139
58833.529794 23.944849 0.045504322
58833.530369 23.979189 0.037748536
58833.530936 23.893434 0.02984354
58833.531508 23.904225 0.02391016
58833.532068 23.912007 0.022922549
58833.532639 23.946214 0.025869422
58833.533201 23.885594 0.0229264
58833.533765 23.947447 0.023926589
58833.534319 23.936428 0.025810421
58833.534878 23.918632 0.021895578
58833.535457 23.931851 0.021886299
58833.536022 23.913935 0.021884357
58833.536586 23.936396 0.02093145
58833.537148 23.910347 0.019935031
58833.537706 23.912032 0.021883756
58833.538275 23.950748 0.019943849
58833.538843 23.891214 0.017945814
58833.539403 23.913522 0.018935072
58833.539961 23.906412 0.018935352
58833.540691 23.874466 0.016962763
58833.54127 23.919376 0.019923927
58833.541834 23.89385 0.017959505
58833.542384 23.892256 0.018912997
58833.542946 23.915622 0.018938925
58833.543507 23.891517 0.017970937
58833.544071 23.899368 0.016969687
58833.544644 23.890423 0.016968626
58833.545206 23.900049 0.016950943
58833.545767 23.909516 0.017954269
58833.54634 23.874889 0.017936147
58833.546924 23.916141 0.017934952
58833.547488 23.92848 0.017940154
58833.548053 23.924624 0.016941991
58833.548633 23.875584 0.016949136
58833.549203 23.896786 0.016971416
58833.549779 23.913533 0.019954675
58833.550355 23.916271 0.019958232
58833.550911 23.891409 0.018966484
58833.551466 23.877434 0.016941482
58833.552025 23.893303 0.017896089
58833.552609 23.885994 0.017942227
58833.553172 23.872836 0.018926918
58833.553736 23.925704 0.018946066
58833.554298 23.90179 0.017966879
58833.554862 23.913714 0.017959055
58833.55542 23.886644 0.017974824
58833.556007 23.886244 0.018972263
58833.556565 23.893813 0.018977475
58833.557125 23.926296 0.017973081
58833.557676 23.881606 0.019972836
58833.558245 23.891257 0.017963934
58833.558811 23.913921 0.01895804
58833.559373 23.907779 0.017937287
58833.559928 23.915187 0.017914332
58833.560497 23.936081 0.021802393
58833.561052 23.904242 0.017939291
58833.561629 23.87238 0.018918107
58833.562183 23.934697 0.017941149
58833.562742 23.884572 0.01695637
58833.563315 23.851973 0.01794139
58833.563889 23.907025 0.016910795
58833.564461 23.825629 0.018778825
58833.565019 23.907987 0.014972274
58833.565576 23.878688 0.014990715
58833.566153 23.929975 0.01596607
58833.566722 23.888613 0.018945437
58833.56729 23.887615 0.015948779
58833.56785 23.92372 0.018915732
58833.568406 23.93892 0.017959961
58833.568961 23.875492 0.015976777
58833.569533 23.872391 0.01498416
58833.570095 23.894319 0.015975617
58833.57065 23.881255 0.018981532
58833.57121 23.889374 0.014985258
58833.571768 23.917676 0.016967248
58833.572322 23.886559 0.015978679
58833.572898 23.852512 0.01794872
58833.573468 23.867398 0.01693779
58833.574037 23.908169 0.018930961
58833.574593 23.909821 0.01794177
58833.575159 23.868832 0.019780027
58833.575726 23.858073 0.016868347
58833.576286 24.001496 0.018844743
58833.576839 23.920735 0.018863439
58833.577403 23.889275 0.016931218
58833.577964 23.895128 0.017953263
58833.578544 23.865468 0.017955358
58833.579114 23.907202 0.017933114
58833.579688 23.906533 0.018912663
58833.580238 23.928083 0.017928412
58833.58081 23.878673 0.017910239
58833.581375 23.940309 0.018888818
58833.581944 23.912335 0.018903449
58833.582509 23.864676 0.015954445
58833.58308 23.877399 0.017922576
58833.583647 23.929275 0.017909491
58833.584215 23.973407 0.019798235
58833.584762 23.876939 0.015917829
58833.585316 23.967081 0.016914262
58833.585886 23.908113 0.015953851
58833.586442 23.879635 0.017915954
58833.587001 23.880495 0.016946582
58833.587566 23.919282 0.021858231
58833.58814 23.931481 0.019898253
58833.588711 23.896225 0.016953589
58833.589285 23.8773 0.013975096
58833.589857 23.948776 0.014945353
58833.590423 23.886026 0.019804189
58833.590994 23.907898 0.018902418
58833.591559 23.780846 0.023655696
58833.592112 23.885255 0.022751637
58833.592665 23.892613 0.022806882
58833.593224 23.902924 0.021854438
58833.593796 23.878269 0.027805435
58833.594369 23.844141 0.030307436
58833.59492 23.837421 0.024595162
58833.595528 23.834873 0.019872218
58833.596082 23.935048 0.02183404
58833.596665 23.924283 0.020843262
58833.597231 23.890616 0.020872691
58833.597797 23.902698 0.018911164
58833.59838 23.895167 0.017936668
58833.598947 23.934146 0.016937494
58833.599512 23.922322 0.018922549
58833.60009 23.858638 0.019926051
58833.600655 23.850846 0.019947425
58833.601221 23.893153 0.017919075
58833.601788 23.863622 0.017942844
58833.602358 23.878246 0.017936844
58833.602926 23.869336 0.01793272
58833.60349 23.833081 0.021776067
58833.604047 23.88455 0.019924676
58833.604615 23.864177 0.020872884
58833.605171 23.926067 0.02189205
58833.605736 23.888439 0.020878215
58833.606292 23.893837 0.020891819
58833.606846 23.856868 0.020860539
58833.607409 23.940755 0.020886431
58833.607972 23.880629 0.021881746
58833.608554 23.909316 0.023858687
58833.609122 23.902265 0.019929559
58833.609691 23.846434 0.02078563
58833.61027 23.932722 0.019885096
58833.610843 23.872689 0.018901089
58833.611415 23.892209 0.019869117
58833.611993 23.883495 0.01885681
58833.612577 23.860919 0.017847676
58833.613137 23.920336 0.018875593
58833.613696 23.870912 0.01881638
58833.614278 23.848749 0.016887648
58833.614853 23.887479 0.019827443
58833.615407 23.935542 0.019833095
58833.615983 23.886712 0.017878435
58833.616534 23.928973 0.018906623
58833.617093 23.917453 0.020888544
58833.617655 23.951151 0.019924117
58833.618216 23.892189 0.019885588
58833.618781 23.931721 0.01995194
58833.619336 23.928076 0.019924879
58833.619908 23.933399 0.020900845
58833.620489 23.89998 0.019917833
58833.621073 23.916748 0.017949118
58833.621643 23.916223 0.020903884
58833.622212 23.915733 0.018918236
58833.622786 23.945695 0.020883277
58833.623339 23.914199 0.019900848
58833.623898 23.915894 0.020911045
58833.624467 23.913332 0.01893479
58833.625042 23.938523 0.018925989
58833.625625 23.905359 0.018927461
58833.626195 23.888655 0.017955406
58833.626758 23.943648 0.018930863
58833.627345 23.926658 0.018952345
58833.627901 23.92756 0.01895405
58833.628481 23.926433 0.01895478
58833.629058 23.912792 0.019949859
58833.629625 23.940997 0.017970906
58833.630194 23.951022 0.016971255
58833.630754 23.9133 0.016966053
58833.631339 23.915166 0.020847185
58833.631919 23.969773 0.021769445
58833.632476 23.929917 0.02186775
58833.633035 23.96181 0.019882854
58833.633609 23.893254 0.019898515
58833.634176 23.909526 0.022908152
58833.63477 23.948078 0.020913052
58833.63533 23.981738 0.01895861
58833.635896 23.934621 0.019922977
58833.636454 23.941252 0.016964913
58833.637031 23.978913 0.019923572
58833.637603 23.912825 0.018943188
58833.638178 23.961131 0.017941538
58833.638751 23.95811 0.017957864
58833.639317 23.94546 0.017951083
58833.639885 23.956591 0.019954262
58833.640451 23.940695 0.018980688
58833.641017 23.990301 0.016975194
58833.641587 23.963955 0.019956714
58833.642165 23.940137 0.017960514
58833.642733 23.957194 0.020957486
58833.643298 23.960374 0.018969566
58833.643881 23.981632 0.018965995
58833.644463 23.953079 0.017977384
58833.645038 23.951726 0.017962693
58833.645621 23.970893 0.017958655
58833.646196 23.983711 0.019929691
58833.646775 23.955866 0.020958355
58833.647352 23.977678 0.019959649
58833.647947 23.948105 0.019928646
58833.648518 23.981148 0.020975015
58833.649091 23.970846 0.018962758
58833.649661 23.951843 0.018959501
58833.650234 23.966837 0.01996711
58833.650812 23.978924 0.018974306
58833.651385 23.982243 0.020957166
58833.651942 23.992908 0.021953894
58833.652501 23.965518 0.018957758
58833.653051 23.978675 0.018976826
58833.653627 23.991886 0.018962686
58833.654196 23.937464 0.017970605
58833.654761 23.961654 0.020961635
58833.655332 23.964154 0.018974452
58833.655903 24.004449 0.017981954
58833.656459 23.97963 0.017981094
58833.657018 23.985707 0.015981605
58833.657575 24.01081 0.017982332
58833.658134 23.969983 0.019960843
58833.658729 23.96793 0.016974181
58833.659291 23.949441 0.017975293
58833.659866 23.960451 0.018979871
58833.660428 23.994471 0.019957963
58833.660996 23.975839 0.017972861
58833.661568 23.976395 0.020966008
58833.662129 23.993622 0.018944697
58833.662686 23.993109 0.022928941
58833.663254 24.002362 0.018975048
58833.663845 24.004235 0.022937543
58833.664399 23.977591 0.020958731
58833.664959 24.047526 0.022959034
58833.66553 23.996945 0.020969581
58833.666087 23.991956 0.017983092
58833.666661 24.004842 0.017984474
58833.66724 23.987308 0.016983443
58833.667808 24.007775 0.021974789
58833.668374 24.020521 0.0179825
58833.66894 24.035991 0.018978088
58833.669515 24.006546 0.017981953
58833.670105 24.024165 0.022969135
58833.670664 24.016635 0.021950732
58833.671231 23.993869 0.020956652
58833.671792 23.992844 0.021953019
58833.672357 23.983401 0.021949117
58833.672921 24.006203 0.02096117
58833.6735 24.033312 0.021970173
58833.674063 23.963546 0.018973834
58833.674632 24.055169 0.021947355
58833.675223 24.040542 0.024916918
58833.67579 24.015215 0.02393772
58833.67635 24.018389 0.022924859
58833.676916 24.010738 0.02295351
58833.677484 24.040169 0.024937155
58833.678056 24.032281 0.024934374
58833.678616 23.982548 0.026829596
58833.679182 24.05965 0.027883667
58833.679761 24.006567 0.026851199
58833.680323 24.046766 0.032655159
58833.680894 23.967445 0.028755514
58833.681455 24.028141 0.028844942
58833.68202 23.997332 0.030759307
58833.682591 24.006354 0.028753527
58833.683157 24.041865 0.027853793
58833.683728 24.006757 0.025864778
58833.68429 24.023046 0.027827477
58833.684864 24.065147 0.025896758
58833.685427 24.023331 0.027894384
58833.686006 24.000352 0.026874639
58833.68663 24.065941 0.026934239
58833.687197 24.027916 0.025932553
58833.687766 24.024791 0.024939622
58833.688335 24.014854 0.02394716
58833.6889 24.016378 0.025929303
58833.689473 24.059881 0.025921719
58833.690035 24.029314 0.023928159
58833.690606 24.094104 0.023942241
58833.691182 23.982303 0.066937717
58833.691769 24.030678 0.022921157
58833.692334 24.045291 0.024910174
58833.692912 24.102324 0.026890579
58833.693482 24.059449 0.023914541
58833.694055 24.013263 0.021925427
58833.694629 24.066445 0.02695313
58833.695214 24.046296 0.023931656
58833.695788 24.025451 0.022928697
58833.696709 24.068622 0.026905131
58833.697282 24.062082 0.02987179
58833.697854 24.025122 0.024911813
58833.698426 24.064803 0.029924326
58833.698997 24.06716 0.029906741
58833.699574 24.004208 0.024949536
58833.700162 24.056694 0.0249558
58833.700738 24.051367 0.024946275
58833.701314 24.04401 0.026952075
58833.701879 24.056078 0.031942202
58833.702433 24.127745 0.026965989
58833.702997 24.046949 0.02496921
58833.703569 24.045926 0.022971786
58833.704138 24.079742 0.023974604
58833.704693 24.073966 0.025965061
58833.705269 24.063203 0.024960113
58833.705842 24.052942 0.024952758
58833.706416 24.052821 0.025942449
58833.706995 24.056502 0.024975205
58833.70756 24.04262 0.02595806
58833.708139 24.055816 0.022962747
58833.708701 24.045114 0.022962482
58833.709269 24.047894 0.022964055
58833.709837 24.082755 0.026933715
58833.710398 24.0534 0.02395804
58833.710961 24.078957 0.025949142
58833.711531 24.059005 0.024941059
58833.712096 24.081269 0.02292803
58833.712678 24.084072 0.024959531
58833.713245 24.0883 0.027921741
58833.713811 24.08923 0.025952301
58833.71438 24.08547 0.021958989
58833.714942 24.104467 0.025947702
58833.715515 24.129338 0.021957846
58833.716099 24.090813 0.02197795
58833.716662 24.10788 0.023967079
58833.717217 24.082326 0.022967801
58833.717786 24.07741 0.024943063
58833.718352 24.101127 0.024937095
58833.718933 24.077238 0.025932426
58833.719515 24.064197 0.02395749
58833.720081 24.076267 0.022929541
58833.720652 24.088775 0.024946258
58833.721229 24.041636 0.025941076
58833.721798 24.053562 0.024939193
58833.722365 24.058008 0.020962699
58833.722938 24.034082 0.021962843
58833.723517 24.073897 0.02395847
58833.724095 24.089339 0.021965817
58833.724659 24.077744 0.026929673
58833.725228 24.089456 0.023945561
58833.725794 24.07966 0.022959367
58833.726369 24.083805 0.02490563
58833.726949 24.091579 0.02590166
58833.727521 24.101252 0.025874809
58833.728085 24.073619 0.023927432
58833.728659 24.054985 0.023951806
58833.729226 24.117915 0.025932891
58833.729803 24.08657 0.026956035
58833.730359 24.104449 0.022957879
58833.730924 24.090559 0.020966702
58833.731502 24.100493 0.023947461
58833.732059 24.138073 0.027915821
58833.732632 24.08352 0.02492936
58833.733194 24.087565 0.023938226
58833.733759 24.100023 0.027858126
58833.734321 24.083173 0.026888076
58833.734879 24.054348 0.028867195
58833.735444 24.084029 0.028826859
58833.736003 24.064754 0.031889086
58833.736571 24.131059 0.035809924
58833.737136 24.077872 0.029871841
58833.737691 24.098829 0.027869647
58833.738267 24.107132 0.033733979
58833.738823 24.079402 0.025870974
58833.739382 24.085681 0.02785204
58833.739948 24.102753 0.029833708
58833.740522 24.061917 0.030800199
58833.741085 24.130518 0.031769052
58833.741647 24.112213 0.029875011
58833.742215 24.074954 0.027896548
58833.742788 24.106124 0.02780901
58833.743365 24.12715 0.028882352
58833.743953 24.132948 0.028871731
58833.744526 24.106177 0.028886199
58833.745093 24.104568 0.024920794
58833.745664 24.133588 0.026905926
58833.746226 24.124699 0.024914517
58833.746789 24.128247 0.023919806
58833.747358 24.116341 0.0259371
58833.747921 24.123081 0.025933406
58833.748478 24.096461 0.021956789
58833.749035 24.126869 0.021959091
58833.749599 24.100297 0.02295892
58833.750168 24.097538 0.024884896
58833.750733 24.144356 0.024889318
58833.751298 24.100754 0.026800395
58833.751854 24.118297 0.029871049
58833.752416 24.095665 0.026896094
58833.752988 24.117973 0.025911072
58833.753539 24.136543 0.022911947
58833.7541 24.106311 0.023926891
58833.754655 24.08709 0.023954617
58833.75523 24.122039 0.021959039
58833.755803 24.088683 0.025949744
58833.756377 24.133925 0.026947022
58833.756948 24.087512 0.023972311
58833.757519 24.099981 0.024960325
58833.758074 24.110562 0.025942471
58833.758639 24.088752 0.030859708
58833.759204 24.064837 0.031913319
58833.759765 24.093252 0.028938456
58833.760341 24.164167 0.02995367
58833.760921 24.133906 0.02994531
58833.761489 24.104661 0.031882098
58833.76205 24.08864 0.025945976
58833.762618 24.115978 0.028924615
58833.763196 24.093655 0.026955717
58833.763771 24.130694 0.024960825
58833.764345 24.092508 0.024960313
58833.764904 24.074378 0.023971998
58833.765469 24.111476 0.024963984
58833.766035 24.116232 0.027958732
58833.766604 24.083201 0.028939979
58833.767179 24.111261 0.025956927
58833.767754 24.124059 0.026966209
58833.768337 24.103754 0.026957534
58833.768906 24.121957 0.027958071
58833.769468 24.137041 0.027949572
58833.770037 24.107786 0.026953636
58833.770609 24.07896 0.028952202
58833.771176 24.073103 0.027901449
58833.77175 24.089626 0.02790374
58833.772312 24.070931 0.03285413
58833.772873 24.129019 0.03383502
58833.773436 24.107799 0.037817836
58833.774013 24.074723 0.03785109
58833.774581 24.082305 0.035878622
58833.775149 24.099299 0.031875538
58833.775718 24.063311 0.032875697
58833.776274 24.0579 0.034903519
58833.776849 24.058306 0.031929152
58833.777425 24.090516 0.034917925
58833.777996 24.12869 0.035879483
58833.778564 24.081248 0.028934154
58833.779126 24.155169 0.034915502
58833.779701 24.124292 0.031878172
58833.780275 24.098461 0.029907747
58833.780836 24.055502 0.031842662
58833.781394 24.020593 0.03088105
58833.781959 24.096262 0.029917408
58833.78252 24.115136 0.028930856
58833.783078 24.053584 0.029875517
58833.783656 24.093483 0.029901911
58833.784224 24.093347 0.028940051
58833.784791 24.089146 0.029906754
58833.785359 24.074372 0.030929646
58833.785923 24.094347 0.02495334
58833.786499 24.048731 0.02993599
58833.787075 24.06167 0.02893573
58833.787657 24.087218 0.027935895
58833.788243 24.093608 0.029942934
58833.788815 24.045263 0.025949211
58833.789431 24.079093 0.026936539
58833.789993 24.10075 0.027944751
58833.790558 24.121826 0.025956517
58833.791114 24.109988 0.026955563
58833.791692 24.03111 0.025974361
58833.792254 24.101774 0.024958364
58833.792819 24.088482 0.024965548
58833.793386 24.073627 0.021957616
58833.793945 24.064945 0.025947353
58833.794517 24.072897 0.024934074
58833.79508 24.090463 0.021970253
58833.795646 24.063228 0.022959757
58833.796225 24.08543 0.019971076
58833.79679 24.077802 0.022973672
58833.797352 24.086652 0.021969851
58833.797908 24.068814 0.020976754
58833.798484 24.049991 0.020977387
58833.799061 24.092286 0.021964453
58833.799624 24.077858 0.020965043
58833.800185 24.088535 0.020975343
58833.800756 24.08636 0.022974343
58833.801313 24.073771 0.021950884
58833.801876 24.08076 0.0229611
58833.802443 24.061383 0.022960592
58833.803031 24.065346 0.024969884
58833.803608 24.036948 0.01996446
58833.804175 24.060772 0.02097572
58833.804741 24.080972 0.02097407
58833.805316 24.054854 0.024966034
58833.805876 24.026923 0.02495923
58833.806445 24.054078 0.023976514
58833.807016 24.060948 0.026968886
58833.807582 24.027713 0.024944159
58833.80816 24.077424 0.027961712
58833.808724 24.042931 0.025960097
58833.809281 23.993185 0.022960772
58833.809857 24.074573 0.023971268
58833.810432 24.032519 0.025969063
58833.811002 24.025848 0.023970774
58833.81157 24.065137 0.023971082
58833.812141 24.051219 0.024969141
58833.81271 24.015093 0.02497318
58833.813283 24.061106 0.02497663
58833.81385 24.054011 0.020976808
58833.814425 24.07857 0.020974984
58833.81499 24.047004 0.020979529
58833.815567 23.988875 0.019974172
58833.816133 24.027927 0.021975337
58833.816698 24.035512 0.026971821
58833.817289 24.03556 0.02397131
58833.817864 24.01913 0.024962835
58833.818429 23.990979 0.023956207
58833.819011 23.974242 0.024953129
58833.819573 24.001917 0.020965327
58833.820146 24.016924 0.022957207
58833.82073 24.011026 0.022961448
58833.821295 24.054197 0.021967636
58833.821869 24.020547 0.024969517
58833.822431 24.026798 0.025961585
58833.822986 23.971094 0.024966771
58833.823546 23.984478 0.026942262
58833.824122 23.962867 0.026963238
58833.82469 24.004553 0.030959582
58833.82527 23.991914 0.028953067
58833.825842 23.99359 0.028957329
58833.826414 24.026266 0.02694711
58833.826987 24.012272 0.026927318
58833.827559 23.990601 0.025949571
58833.828123 23.987986 0.026973529
58833.828694 24.004096 0.024956128
58833.829263 23.989744 0.021965193
58833.829826 23.986156 0.02196968
58833.830398 24.008109 0.025935624
58833.830961 23.992797 0.021961629
58833.831526 23.996932 0.020965218
58833.832097 23.956011 0.021965985
58833.83267 23.94441 0.020966003
58833.833228 24.002434 0.022962525
58833.833798 23.981835 0.021965867
58833.834371 23.977412 0.023944867
58833.834936 23.953959 0.020967649
58833.83551 23.938596 0.022968612
58833.836083 23.964392 0.021960271
58833.836648 23.964843 0.024936851
58833.837231 23.954534 0.02195515
58833.837806 23.957363 0.022944227
58833.83839 23.97404 0.023942036
58833.838952 23.975831 0.024915788
58833.839512 23.976928 0.02395033
58833.840078 23.95782 0.024952529
58833.840638 23.967128 0.023930971
58833.841214 23.935867 0.023951416
58833.841784 23.93951 0.023963424
58833.842354 23.937072 0.0239641
58833.842932 23.989282 0.025952959
58833.8435 23.915364 0.023965101
58833.844068 23.968753 0.023953473
58833.84464 23.934958 0.026927398
58833.845192 23.980599 0.024957694
58833.845764 23.948793 0.025967152
58833.846315 23.934938 0.022975779
58833.846882 23.977167 0.026965493
58833.847447 23.940537 0.024970744
58833.848017 23.949232 0.028967864
58833.848583 23.933616 0.026959183
58833.849139 23.904814 0.025958126
58833.849713 23.990678 0.025958323
58833.850286 23.90513 0.026969957
