HJD mag magerr
58833.526351 23.607579 0.06583429
58833.526938 23.433672 0.052621452
58833.527497 23.318366 0.048823505
58833.528073 23.209065 0.041679773
58833.52864 23.216489 0.038830171
58833.529223 23.088727 0.03568401
58833.529794 23.650053 0.058373019
58833.530369 23.254653 0.033819811
58833.530936 23.372726 0.037835058
58833.531508 23.282385 0.03689455
58833.532068 23.291783 0.032904836
58833.532639 23.335107 0.03589923
58833.533201 23.384004 0.030914721
58833.533765 23.292932 0.033915124
58833.534319 23.427681 0.039783443
58833.534878 23.435493 0.038816078
58833.535457 23.371341 0.03782809
58833.536022 23.278687 0.032906637
58833.536586 23.300326 0.031924139
58833.537148 23.308954 0.032951357
58833.537706 23.263741 0.0298818
58833.538275 23.319477 0.032930393
58833.538843 23.228391 0.032931213
58833.539403 23.278962 0.027923723
58833.539961 23.305642 0.030940183
58833.540691 23.303892 0.027953681
58833.54127 23.314827 0.038926534
58833.541834 23.320881 0.029943161
58833.542384 23.296203 0.029941924
58833.542946 23.365022 0.033927432
58833.543507 23.26265 0.034963305
58833.544071 23.305209 0.028955264
58833.544644 23.233383 0.032921129
58833.545206 23.326984 0.031876512
58833.545767 23.288529 0.029951487
58833.54634 23.278574 0.028961733
58833.546924 23.237352 0.033948565
58833.547488 23.219745 0.032914192
58833.548053 23.401147 0.032936191
58833.548633 23.251465 0.028953173
58833.549203 23.216345 0.027961
58833.549779 23.324188 0.030956518
58833.550355 23.319883 0.031946907
58833.550911 23.258293 0.028958193
58833.551466 23.240236 0.033939762
58833.552025 23.270787 0.028934249
58833.552609 23.333581 0.033939302
58833.553172 23.326459 0.03093533
58833.553736 23.352689 0.035932078
58833.554298 23.223563 0.033960883
58833.554862 23.267875 0.027964244
58833.55542 23.275647 0.023945459
58833.556007 23.263211 0.025976312
58833.556565 23.228512 0.025981555
58833.557125 23.232067 0.028964427
58833.557676 23.226527 0.028964381
58833.558245 23.278656 0.027953415
58833.558811 23.265855 0.032946452
58833.559373 23.203197 0.033937557
58833.559928 23.174417 0.030900818
58833.560497 24.024803 0.057792809
58833.561052 23.275737 0.028937681
58833.561629 23.202304 0.030878321
58833.562183 23.338393 0.032924701
58833.562742 23.204163 0.030943905
58833.563315 23.275212 0.025953962
58833.563889 23.146822 0.031889208
58833.564461 23.122791 0.029779748
58833.565019 23.216993 0.035878981
58833.565576 23.275688 0.021989733
58833.566153 23.257929 0.032923391
58833.566722 23.297056 0.02895175
58833.56729 23.302473 0.029945806
58833.56785 23.230405 0.029923783
58833.568406 23.254299 0.031961981
58833.568961 23.239194 0.028970859
58833.569533 23.265646 0.023984863
58833.570095 23.230774 0.027974247
58833.57065 23.261981 0.023979881
58833.57121 23.270703 0.02797351
58833.571768 23.241769 0.030966126
58833.572322 23.212759 0.03296981
58833.572898 23.232586 0.025954322
58833.573468 23.344952 0.034901527
58833.574037 23.169027 0.027916765
58833.574593 23.255511 0.031902809
0.0 0.0 0.0
58833.575726 23.080922 0.027866306
58833.576286 23.386139 0.035807064
58833.576839 23.274008 0.032887461
58833.577403 23.219562 0.032927868
58833.577964 23.263522 0.031938459
58833.578544 23.239463 0.029940567
58833.579114 23.257127 0.031867009
58833.579688 23.344237 0.03491903
58833.580238 23.273803 0.029905016
58833.58081 23.1694 0.026884044
58833.581375 23.269763 0.034884183
58833.581944 23.255895 0.027913209
58833.582509 23.238985 0.029938521
58833.58308 23.251169 0.029908056
58833.583647 23.211889 0.028904469
58833.584215 23.31394 0.036821299
58833.584762 23.386916 0.030897782
0.0 0.0 0.0
58833.585886 23.296304 0.031940779
58833.586442 23.202466 0.030905625
58833.587001 23.20938 0.031931551
58833.587566 23.343849 0.03678373
58833.58814 23.165627 0.030848907
58833.588711 23.229335 0.027969888
58833.589285 23.301571 0.030943863
58833.589857 23.057813 0.02684057
58833.590423 23.152198 0.033841392
58833.590994 23.427843 0.036835254
58833.591559 23.038919 0.024779961
58833.592112 23.284931 0.038732944
58833.592665 23.120813 0.031731022
58833.593224 23.498634 0.04362812
58833.593796 23.269511 0.036755222
0.0 0.0 0.0
58833.59492 23.815419 0.056707482
58833.595528 23.255519 0.037781567
58833.596082 23.171668 0.034844402
58833.596665 23.17527 0.030873744
58833.597231 23.182517 0.032847813
58833.597797 23.267366 0.032897079
58833.59838 23.273566 0.03292844
58833.598947 23.215174 0.030952723
58833.599512 23.213186 0.026922448
58833.60009 23.234451 0.033932375
58833.600655 23.274997 0.030950323
58833.601221 23.364732 0.036931762
58833.601788 23.205804 0.030936906
58833.602358 23.294144 0.034934077
58833.602926 23.305698 0.030936733
58833.60349 23.373195 0.037819978
58833.604047 23.297066 0.032934853
58833.604615 23.239938 0.03389635
58833.605171 23.297529 0.037884176
58833.605736 23.286767 0.035898576
58833.606292 23.282438 0.032896426
58833.606846 23.455152 0.036865467
58833.607409 23.246152 0.030829282
58833.607972 23.381275 0.036867358
58833.608554 23.338297 0.035889914
58833.609122 23.237922 0.032885835
58833.609691 23.283174 0.039847689
58833.61027 23.349568 0.036885035
58833.610843 23.221641 0.032851544
58833.611415 23.327296 0.036864277
58833.611993 23.443694 0.035856957
58833.612577 23.233849 0.03185067
58833.613137 23.18424 0.026849139
58833.613696 23.178366 0.028848392
58833.614278 23.479638 0.035853472
58833.614853 23.156251 0.029826986
58833.615407 23.450886 0.038881493
58833.615983 23.308848 0.036875402
58833.616534 23.220819 0.030897754
58833.617093 23.396194 0.038883984
58833.617655 23.367878 0.035924596
58833.618216 23.268449 0.033911764
58833.618781 23.290264 0.034934594
58833.619336 23.315995 0.033930841
58833.619908 23.32106 0.035912655
58833.620489 23.226802 0.035920483
58833.621073 23.254187 0.033943004
58833.621643 23.371633 0.033852601
58833.622212 23.283991 0.030912251
58833.622786 23.356239 0.036877644
58833.623339 23.254262 0.032852191
58833.623898 23.253017 0.03384749
58833.624467 23.298907 0.024934528
58833.625042 23.270613 0.030917348
58833.625625 23.163754 0.033933697
58833.626195 23.226791 0.030951289
58833.626758 23.272027 0.028949573
58833.627345 23.288068 0.02594813
58833.627901 23.261504 0.025958903
58833.628481 23.293438 0.029932149
58833.629058 23.326449 0.028951303
58833.629625 23.223613 0.030930482
58833.630194 23.253906 0.026958326
58833.630754 23.210958 0.028962081
58833.631339 23.244342 0.028886829
58833.631919 23.290157 0.032832365
58833.632476 23.34147 0.037818022
58833.633035 23.271645 0.032843533
58833.633609 23.243935 0.032828868
58833.634176 23.287793 0.028936925
58833.63477 23.343838 0.033906157
58833.63533 23.29733 0.026910392
58833.635896 23.222913 0.033920893
58833.636454 23.285987 0.032960905
58833.637031 23.233354 0.029930896
58833.637603 23.235548 0.032908511
58833.638178 23.26865 0.028907422
58833.638751 23.244179 0.028933738
58833.639317 23.298558 0.024956218
58833.639885 23.28946 0.030938312
58833.640451 23.260925 0.024958226
58833.641017 23.25534 0.025975505
58833.641587 23.251242 0.02896869
58833.642165 23.288247 0.025965107
58833.642733 23.268882 0.030960757
58833.643298 23.275876 0.030931155
58833.643881 23.294762 0.027946816
58833.644463 23.252011 0.02596755
58833.645038 23.247342 0.026963051
58833.645621 23.229062 0.029938328
58833.646196 23.23686 0.026941824
58833.646775 23.271917 0.027939926
58833.647352 23.219427 0.032943
58833.647947 23.281171 0.027959162
58833.648518 23.257045 0.02597029
58833.649091 23.233404 0.029949088
58833.649661 23.256806 0.024945771
58833.650234 23.230398 0.02496915
58833.650812 23.238618 0.026952061
58833.651385 23.270763 0.028941046
58833.651942 23.265825 0.028940115
58833.652501 23.249898 0.02796319
58833.653051 23.2552 0.02197017
58833.653627 23.260723 0.025965146
58833.654196 23.272702 0.026939371
58833.654761 23.242974 0.026967821
58833.655332 23.226566 0.025965239
58833.655903 23.250564 0.024971075
58833.656459 23.222118 0.020973795
58833.657018 23.241499 0.021976524
58833.657575 23.263315 0.023954681
58833.658134 23.249814 0.026945702
58833.658729 23.213307 0.029942351
58833.659291 23.246894 0.02397099
58833.659866 23.245167 0.02397284
58833.660428 23.263144 0.026941161
58833.660996 23.268435 0.02696818
58833.661568 23.276486 0.027960303
58833.662129 23.241684 0.024949104
58833.662686 23.265263 0.027906816
58833.663254 23.270546 0.02795037
58833.663845 23.273781 0.028956575
58833.664399 23.282424 0.027960642
58833.664959 23.22374 0.020978129
58833.66553 23.244305 0.022974919
58833.666087 23.254501 0.0219752
58833.666661 23.246802 0.020978501
58833.66724 23.234063 0.025970146
58833.667808 23.23777 0.023976064
58833.668374 23.255917 0.022976839
58833.66894 23.2275 0.021976101
58833.669515 23.257583 0.020972504
58833.670105 23.267815 0.02296495
58833.670664 23.247607 0.02596188
58833.671231 23.24924 0.030949501
58833.671792 23.294074 0.029946942
58833.672357 23.264815 0.02895843
58833.672921 23.262484 0.025957407
58833.6735 23.261174 0.025966894
58833.674063 23.254476 0.024957601
58833.674632 23.291372 0.028931528
58833.675223 23.215837 0.028901897
58833.67579 23.251447 0.028950368
58833.67635 23.299978 0.03093191
58833.676916 23.278343 0.028932088
58833.677484 23.284001 0.031944284
58833.678056 23.321082 0.035932506
58833.678616 23.25454 0.033854011
58833.679182 23.305472 0.033839505
58833.679761 23.29674 0.03480201
58833.680323 23.486349 0.043696414
58833.680894 23.382608 0.037770527
58833.681455 23.36417 0.037786906
58833.68202 23.410498 0.03685162
58833.682591 23.332166 0.037710219
58833.683157 23.323554 0.033867162
58833.683728 23.368425 0.034799373
58833.68429 23.396216 0.039795597
58833.684864 23.295821 0.030914526
58833.685427 23.323771 0.03387187
58833.686006 23.293515 0.031896445
58833.68663 23.2899 0.026944047
58833.687197 23.262211 0.026953846
58833.687766 23.260005 0.031952866
58833.688335 23.278384 0.030929813
58833.6889 23.283606 0.029948744
58833.689473 23.26217 0.029910078
58833.690035 23.27612 0.030910847
58833.690606 23.321072 0.033915084
58833.691182 23.285008 0.02994777
58833.691769 23.278526 0.030898045
58833.692334 23.295754 0.035821466
58833.692912 23.329723 0.032865292
58833.693482 23.290051 0.031929
58833.694055 23.241427 0.029903562
58833.694629 23.276453 0.030948946
58833.695214 23.33162 0.028944414
58833.695788 23.281516 0.026942998
58833.696709 23.275676 0.035872982
58833.697282 23.351371 0.039849192
58833.697854 23.307779 0.03588074
58833.698426 23.261161 0.02395495
58833.698997 23.305492 0.031914114
58833.699574 23.254358 0.024947672
58833.700162 23.245011 0.027957254
58833.700738 23.298013 0.030911112
58833.701314 23.283434 0.029955602
58833.701879 23.223888 0.029949059
58833.702433 23.264525 0.027946538
58833.702997 23.236761 0.023974087
58833.703569 23.262311 0.027967278
58833.704138 23.249994 0.022976142
58833.704693 23.251829 0.024967963
58833.705269 23.279554 0.026947175
58833.705842 23.256707 0.025954215
58833.706416 23.251771 0.031932207
58833.706995 23.268537 0.02296784
58833.70756 23.237553 0.025968747
58833.708139 23.255281 0.025964146
58833.708701 23.246253 0.027936444
58833.709269 23.274262 0.02895586
58833.709837 23.262132 0.02696615
58833.710398 23.266189 0.024957989
58833.710961 23.262583 0.027954252
58833.711531 23.265549 0.027936285
58833.712096 23.262797 0.028951422
58833.712678 23.271537 0.028917622
58833.713245 23.260183 0.027912355
58833.713811 23.237931 0.02993243
58833.71438 23.256728 0.029928815
58833.714942 23.263759 0.029935176
58833.715515 23.23201 0.025960835
58833.716099 23.26877 0.025968438
58833.716662 23.227719 0.026973432
58833.717217 23.233535 0.027943349
58833.717786 23.276176 0.026970332
58833.718352 23.271353 0.028963528
58833.718933 23.238696 0.030949111
58833.719515 23.317032 0.028937953
58833.720081 23.260309 0.029879376
58833.720652 23.26606 0.028959381
58833.721229 23.249078 0.025946859
58833.721798 23.259218 0.029927621
58833.722365 23.261882 0.025937709
58833.722938 23.247736 0.023960796
58833.723517 23.234312 0.027951454
58833.724095 23.210355 0.026946464
58833.724659 23.228157 0.028949834
58833.725228 23.256261 0.02593364
58833.725794 23.29835 0.027933813
58833.726369 23.33154 0.034900946
58833.726949 23.259949 0.029917023
58833.727521 23.338323 0.035887237
58833.728085 23.329068 0.030905907
58833.728659 23.291253 0.030939861
58833.729226 23.224156 0.025950176
58833.729803 23.241932 0.029914083
58833.730359 23.26761 0.029952591
58833.730924 23.292051 0.027961785
58833.731502 23.290903 0.032944051
58833.732059 23.271137 0.035882814
58833.732632 23.294074 0.027918834
58833.733194 23.277334 0.029914096
58833.733759 23.374351 0.034824199
58833.734321 23.304555 0.032853467
58833.734879 23.348985 0.033873797
58833.735444 23.429745 0.037842522
58833.736003 23.426297 0.035867099
58833.736571 23.294654 0.034771572
58833.737136 23.344872 0.034789179
58833.737691 23.31092 0.032891501
58833.738267 23.449638 0.041756696
58833.738823 23.309735 0.034872645
58833.739382 23.253631 0.034858364
58833.739948 23.408361 0.036839788
58833.740522 23.298019 0.033869837
58833.741085 23.44206 0.039748623
58833.741647 23.298159 0.032875308
58833.742215 23.281037 0.033849436
58833.742788 23.3385 0.034806705
58833.743365 23.297797 0.032883596
58833.743953 23.303881 0.032885994
58833.744526 23.300663 0.031898644
58833.745093 23.270646 0.031897404
58833.745664 23.268823 0.028915657
58833.746226 23.324051 0.031923134
58833.746789 23.252611 0.02893714
58833.747358 23.311453 0.028919144
58833.747921 23.283473 0.026906683
58833.748478 23.260037 0.0309494
58833.749035 23.219361 0.023961142
58833.749599 23.28344 0.027953483
58833.750168 23.273827 0.035855542
58833.750733 23.360472 0.030847217
58833.751298 23.361484 0.032825887
58833.751854 23.342215 0.029821458
58833.752416 23.326044 0.031867703
58833.752988 23.284543 0.029877515
58833.753539 23.317184 0.030917911
58833.7541 23.253004 0.030895367
58833.754655 23.287009 0.024925347
58833.75523 23.245626 0.023967917
58833.755803 23.253412 0.027942889
58833.756377 23.280649 0.029908075
58833.756948 23.240318 0.026968753
58833.757519 23.276236 0.024971977
58833.758074 23.252908 0.02596902
58833.758639 23.273674 0.03091934
58833.759204 23.27683 0.028922515
58833.759765 23.281159 0.026957059
58833.760341 23.253335 0.028956502
58833.760921 23.250147 0.02695941
58833.761489 23.259785 0.032910528
58833.76205 23.254966 0.031945844
58833.762618 23.246982 0.027942223
58833.763196 23.255504 0.028930474
58833.763771 23.286141 0.023940474
58833.764345 23.209002 0.025969127
58833.764904 23.245136 0.025961693
58833.765469 23.250372 0.026942476
58833.766035 23.26738 0.02696044
58833.766604 23.239428 0.028951535
58833.767179 23.249094 0.025968426
58833.767754 23.206771 0.022970199
58833.768337 23.242407 0.026958129
58833.768906 23.240544 0.023967096
58833.769468 23.229124 0.026957177
58833.770037 23.284141 0.028915178
58833.770609 23.22705 0.025946951
58833.771176 23.283315 0.031891205
58833.77175 23.290845 0.03189372
58833.772312 23.288593 0.033882532
58833.772873 23.272485 0.035849326
58833.773436 23.293507 0.03487176
58833.774013 23.277628 0.037777394
58833.774581 23.251008 0.032846551
58833.775149 23.284826 0.033837269
58833.775718 23.300498 0.034891542
58833.776274 23.256866 0.030890447
58833.776849 23.260962 0.030923826
58833.777425 23.271626 0.032914969
58833.777996 23.299352 0.034894222
58833.778564 23.265145 0.032917757
58833.779126 23.26682 0.033889404
58833.779701 23.284008 0.037803609
58833.780275 23.321103 0.035898366
58833.780836 23.344611 0.036857974
58833.781394 23.311975 0.031870998
58833.781959 23.268889 0.030922611
58833.78252 23.268356 0.032795319
58833.783078 23.306935 0.031887418
58833.783656 23.316233 0.033903207
58833.784224 23.312138 0.029924188
58833.784791 23.23076 0.027944027
58833.785359 23.28073 0.029920535
58833.785923 23.283173 0.026914661
58833.786499 23.28116 0.028941293
58833.787075 23.274539 0.02994245
58833.787657 23.255813 0.030944076
58833.788243 23.279486 0.028941125
58833.788815 23.256974 0.026962972
58833.789431 23.24675 0.024966488
58833.789993 23.253939 0.02795798
58833.790558 23.215843 0.024965664
58833.791114 23.248698 0.026957604
58833.791692 23.249561 0.023973205
58833.792254 23.271557 0.02696779
58833.792819 23.27094 0.024954645
58833.793386 23.24882 0.02396681
58833.793945 23.274309 0.029940881
58833.794517 23.237712 0.024967403
58833.79508 23.254776 0.0279514
58833.795646 23.275118 0.027967587
58833.796225 23.230592 0.023976895
58833.79679 23.248118 0.023980239
58833.797352 23.250751 0.025952803
58833.797908 23.232995 0.021978361
58833.798484 23.24955 0.023976879
58833.799061 23.237854 0.023973094
58833.799624 23.239061 0.027960222
58833.800185 23.262456 0.024939718
58833.800756 23.243255 0.021973582
58833.801313 23.23862 0.02697276
58833.801876 23.265212 0.027966532
58833.802443 23.266116 0.024966197
58833.803031 23.235087 0.025971826
58833.803608 23.244057 0.024968424
58833.804175 23.232641 0.018983573
58833.804741 23.231188 0.023979778
58833.805316 23.226689 0.02497641
58833.805876 23.23575 0.022972527
58833.806445 23.248466 0.024982235
58833.807016 23.25427 0.023971875
58833.807582 23.25024 0.025969011
58833.80816 23.239749 0.027950373
58833.808724 23.230854 0.020974537
58833.809281 23.214588 0.025970597
58833.809857 23.240182 0.023970857
58833.810432 23.26085 0.022969947
58833.811002 23.228919 0.023972634
58833.81157 23.221467 0.022979998
58833.812141 23.236088 0.022982255
58833.81271 23.214735 0.019983293
58833.813283 23.235408 0.023974124
58833.81385 23.260676 0.024981931
58833.814425 23.21896 0.020983285
58833.81499 23.238718 0.023982351
58833.815567 23.252567 0.019985276
58833.816133 23.221808 0.020960344
58833.816698 23.242161 0.026968798
58833.817289 23.242692 0.025960738
58833.817864 23.244435 0.02695767
58833.818429 23.256905 0.030947051
58833.819011 23.251519 0.029961757
58833.819573 23.256092 0.02994613
58833.820146 23.2484 0.028966198
58833.82073 23.263774 0.024970324
58833.821295 23.266952 0.026965917
58833.821869 23.294908 0.023960523
58833.822431 23.248426 0.024964699
58833.822986 23.237454 0.023976515
58833.823546 23.236612 0.025957616
58833.824122 23.276029 0.023966523
58833.82469 23.256045 0.02895472
58833.82527 23.233337 0.025968106
58833.825842 23.247096 0.022971808
58833.826414 23.256313 0.028945645
58833.826987 23.269058 0.02896508
58833.827559 23.251674 0.025963058
58833.828123 23.253159 0.023973676
58833.828694 23.228611 0.02895212
58833.829263 23.236389 0.028915988
58833.829826 23.233698 0.022974733
58833.830398 23.275589 0.028955046
58833.830961 23.258766 0.027950654
58833.831526 23.240015 0.021973172
58833.832097 23.241331 0.024974228
58833.83267 23.244144 0.025958074
58833.833228 23.244624 0.024972326
58833.833798 23.231896 0.029921528
58833.834371 23.29221 0.027949295
58833.834936 23.252459 0.023966012
58833.83551 23.29234 0.025962706
58833.836083 23.249922 0.026959962
58833.836648 23.255337 0.023963105
58833.837231 23.249542 0.028946188
58833.837806 23.23923 0.030929078
58833.83839 23.277738 0.028929976
58833.838952 23.267402 0.033913195
58833.839512 23.241885 0.026962283
58833.840078 23.266156 0.029932614
58833.840638 23.268627 0.025964716
58833.841214 23.245514 0.022971099
58833.841784 23.269501 0.026964044
58833.842354 23.244209 0.026962807
58833.842932 23.250149 0.026965234
58833.8435 23.230671 0.027964772
58833.844068 23.232358 0.025973689
58833.84464 23.245234 0.027963889
58833.845192 23.247758 0.024971542
58833.845764 23.255457 0.024977446
58833.846315 23.279109 0.020974295
58833.846882 23.242857 0.02397663
58833.847447 23.237765 0.023974771
58833.848017 23.254379 0.020976957
58833.848583 23.229072 0.022974091
58833.849139 23.273292 0.02796251
58833.849713 23.255114 0.02696977
58833.850286 23.257757 0.02597473
