HJD mag magerr
58833.526351 24.255489 0.07477712
58833.526938 24.247207 0.072669751
58833.527497 24.27223 0.064867986
58833.528073 24.303472 0.066706697
58833.52864 24.24227 0.043833359
58833.529223 24.230739 0.057454334
58833.529794 24.223112 0.059481615
58833.530369 24.260505 0.041722417
58833.530936 24.224492 0.037840482
58833.531508 24.25732 0.032884857
58833.532068 24.264001 0.030907047
58833.532639 24.28411 0.033825384
58833.533201 24.223561 0.030916099
58833.533765 24.199687 0.028936368
58833.534319 24.336526 0.035768422
58833.534878 24.236777 0.03076438
58833.535457 24.207765 0.027833879
58833.536022 24.2677 0.026934134
58833.536586 24.238785 0.023943643
58833.537148 24.228221 0.02195043
58833.537706 24.261967 0.027880512
58833.538275 24.273119 0.022929613
58833.538843 24.275763 0.022949239
58833.539403 24.204663 0.023924763
58833.539961 24.246071 0.024894916
58833.540691 24.239915 0.021953239
58833.54127 24.257729 0.020951239
58833.541834 24.226952 0.021960532
58833.542384 24.218636 0.021963431
58833.542946 24.218018 0.022934496
58833.543507 24.217296 0.021967123
58833.544071 24.240947 0.019972017
58833.544644 24.235373 0.020949591
58833.545206 24.249018 0.021948286
58833.545767 24.261406 0.021967854
58833.54634 24.276886 0.020972806
58833.546924 24.228714 0.021948163
58833.547488 24.220653 0.019927496
58833.548053 24.234816 0.021938626
58833.548633 24.266527 0.01996759
58833.549203 24.235299 0.020961837
58833.549779 24.255263 0.021968489
58833.550355 24.211957 0.022962819
58833.550911 24.262122 0.021955641
58833.551466 24.26065 0.02193914
58833.552025 24.247451 0.023930041
58833.552609 24.276989 0.022926658
58833.553172 24.255259 0.022940532
58833.553736 24.275393 0.021937529
58833.554298 24.227329 0.018975479
58833.554862 24.225813 0.018976528
58833.55542 24.232912 0.021973651
58833.556007 24.23537 0.0199849
58833.556565 24.26288 0.023980801
58833.557125 24.286251 0.02297306
58833.557676 24.268954 0.024978412
58833.558245 24.261038 0.022962164
58833.558811 24.21355 0.020964628
58833.559373 24.256803 0.022917746
58833.559928 24.206602 0.023851155
58833.560497 24.209512 0.026744176
58833.561052 24.230115 0.023914697
58833.561629 24.256838 0.02587403
58833.562183 24.207727 0.020927967
58833.562742 24.226142 0.020949057
58833.563315 24.220334 0.022958229
58833.563889 24.18591 0.021877817
58833.564461 24.215725 0.02576417
58833.565019 24.228976 0.017957369
58833.565576 24.267341 0.017986961
58833.566153 24.21461 0.020929846
58833.566722 24.285842 0.022929038
58833.56729 24.223545 0.020953661
58833.56785 24.209596 0.018939845
58833.568406 24.277642 0.018974765
58833.568961 24.212348 0.016978449
58833.569533 24.234225 0.018973992
58833.570095 24.252159 0.017981472
58833.57065 24.259266 0.017988928
58833.57121 24.223179 0.019973881
58833.571768 24.230344 0.019966194
58833.572322 24.249561 0.019978566
58833.572898 24.183522 0.018963542
58833.573468 24.241771 0.021911519
58833.574037 24.191433 0.021917531
58833.574593 24.247669 0.020934391
58833.575159 24.258179 0.028591872
58833.575726 24.188274 0.020874035
58833.576286 24.258143 0.021910084
58833.576839 24.196311 0.020899741
58833.577403 24.221995 0.021937982
58833.577964 24.260519 0.022939925
58833.578544 24.178247 0.018957491
58833.579114 24.263853 0.020913143
58833.579688 24.218445 0.021922252
58833.580238 24.269017 0.021899887
58833.58081 24.216798 0.020889836
58833.581375 24.204753 0.020863833
58833.581944 24.272786 0.019939931
58833.582509 24.260307 0.019958858
58833.58308 24.292239 0.024912826
58833.583647 24.310919 0.02384725
58833.584215 24.360345 0.024826513
58833.584762 24.229395 0.019906773
58833.585316 24.282984 0.022868917
58833.585886 24.240105 0.018949001
58833.586442 24.208204 0.021911638
58833.587001 24.239054 0.022851523
58833.587566 24.195505 0.023850741
58833.58814 24.205972 0.024826865
58833.588711 24.278203 0.015990704
58833.589285 24.273488 0.017958959
58833.589857 24.261792 0.021757193
58833.590423 24.301907 0.027702157
58833.590994 24.246846 0.025832624
58833.591559 24.25154 0.029775232
58833.592112 24.19847 0.027726071
58833.592665 24.284567 0.031731157
58833.593224 24.185883 0.029678627
58833.593796 24.228478 0.034809321
58833.594369 24.227078 0.033532032
58833.59492 24.263824 0.031707039
58833.595528 24.240706 0.027778643
58833.596082 24.28026 0.025873759
58833.596665 24.272425 0.02687674
58833.597231 24.252439 0.025856198
58833.597797 24.233798 0.024905797
58833.59838 24.250062 0.021925086
58833.598947 24.24274 0.020940982
58833.599512 24.250077 0.022918738
58833.60009 24.24735 0.022944689
58833.600655 24.224945 0.023949257
58833.601221 24.231432 0.020953996
58833.601788 24.216525 0.02192026
58833.602358 24.208081 0.020935479
58833.602926 24.256828 0.025933132
58833.60349 24.21519 0.02781419
58833.604047 24.223873 0.021937077
58833.604615 24.230801 0.024894191
58833.605171 24.276245 0.026879167
58833.605736 24.266308 0.024893347
58833.606292 24.24102 0.026879346
58833.606846 24.236068 0.023872229
58833.607409 24.231683 0.02488299
58833.607972 24.231964 0.027848792
58833.608554 24.228984 0.026857111
58833.609122 24.247663 0.024882965
58833.609691 24.261217 0.025868278
58833.61027 24.2782 0.023900009
58833.610843 24.222919 0.022897014
58833.611415 24.222683 0.022802616
58833.611993 24.21769 0.021875315
58833.612577 24.225579 0.022859629
58833.613137 24.244159 0.022846566
58833.613696 24.202435 0.022789538
58833.614278 24.290595 0.02385994
58833.614853 24.191338 0.022831848
58833.615407 24.226421 0.024782779
58833.615983 24.304278 0.023875962
58833.616534 24.231843 0.021836276
58833.617093 24.23714 0.025886574
58833.617655 24.262713 0.025917418
58833.618216 24.282182 0.024912996
58833.618781 24.290567 0.023952654
58833.619336 24.245893 0.022927607
58833.619908 24.235203 0.024915461
58833.620489 24.245049 0.020929936
58833.621073 24.211546 0.021924803
58833.621643 24.267521 0.02684581
58833.622212 24.208165 0.021922816
58833.622786 24.25037 0.025815598
58833.623339 24.327404 0.025900785
58833.623898 24.236848 0.023916637
58833.624467 24.300956 0.023932769
58833.625042 24.235078 0.022921388
58833.625625 24.200607 0.019954584
58833.626195 24.224583 0.0199495
58833.626758 24.265493 0.021932419
58833.627345 24.211432 0.0199583
58833.627901 24.221015 0.018972589
58833.628481 24.23522 0.021954549
58833.629058 24.216718 0.019968247
58833.629625 24.225273 0.020959861
58833.630194 24.255416 0.021961125
58833.630754 24.25689 0.019968738
58833.631339 24.274832 0.022931263
58833.631919 24.232453 0.024847021
58833.632476 24.273099 0.026843997
58833.633035 24.208951 0.023841526
58833.633609 24.229744 0.024907486
58833.634176 24.239704 0.027935198
58833.63477 24.268684 0.025862528
58833.63533 24.228027 0.020966548
58833.635896 24.235746 0.022935504
58833.636454 24.251301 0.021951999
58833.637031 24.300272 0.024887106
58833.637603 24.219472 0.02391389
58833.638178 24.244045 0.023896857
58833.638751 24.217002 0.021957032
58833.639317 24.232257 0.021958744
58833.639885 24.241047 0.020972416
58833.640451 24.267615 0.022979859
58833.641017 24.253821 0.019969489
58833.641587 24.230684 0.02096902
58833.642165 24.240383 0.020967791
58833.642733 24.265377 0.022960421
58833.643298 24.240395 0.022956531
58833.643881 24.26179 0.022961865
58833.644463 24.225396 0.020968347
58833.645038 24.221928 0.022963563
58833.645621 24.233406 0.022940685
58833.646196 24.230227 0.022938454
58833.646775 24.231448 0.020974117
58833.647352 24.239293 0.021973446
58833.647947 24.264551 0.021955643
58833.648518 24.269432 0.023977521
58833.649091 24.238707 0.021941969
58833.649661 24.206795 0.020976873
58833.650234 24.23129 0.020977583
58833.650812 24.245284 0.022967782
58833.651385 24.207941 0.023935992
58833.651942 24.219746 0.021961613
58833.652501 24.237268 0.022971508
58833.653051 24.23706 0.025947982
58833.653627 24.246177 0.020976679
58833.654196 24.208531 0.022959006
58833.654761 24.227963 0.02396406
58833.655332 24.271715 0.024962565
58833.655903 24.295565 0.024968027
58833.656459 24.242286 0.024978607
58833.657018 24.236185 0.021974676
58833.657575 24.215008 0.021977456
58833.658134 24.205085 0.019973762
58833.658729 24.231339 0.021965863
58833.659291 24.228749 0.021977011
58833.659866 24.22661 0.022977296
58833.660428 24.234882 0.021974527
58833.660996 24.249106 0.02196602
58833.661568 24.274145 0.02196807
58833.662129 24.260876 0.024962567
58833.662686 24.257208 0.026944161
58833.663254 24.239724 0.021977284
58833.663845 24.266318 0.024949914
58833.664399 24.227847 0.022960627
58833.664959 24.265707 0.024975086
58833.66553 24.251962 0.023979493
58833.666087 24.246197 0.02198498
58833.666661 24.234486 0.023980892
58833.66724 24.260945 0.021984508
58833.667808 24.269685 0.024980049
58833.668374 24.204108 0.020986147
58833.66894 24.252622 0.02398003
58833.669515 24.218223 0.02397822
58833.670105 24.264569 0.024967806
58833.670664 24.308318 0.025958574
58833.671231 24.250595 0.02496627
58833.671792 24.231074 0.023965415
58833.672357 24.27438 0.025956622
58833.672921 24.265235 0.028955507
58833.6735 24.254619 0.024980111
58833.674063 24.240716 0.026977721
58833.674632 24.261002 0.024957679
58833.675223 24.245175 0.027903915
58833.67579 24.254375 0.027949728
58833.67635 24.252587 0.026938906
58833.676916 24.255265 0.024962659
58833.677484 24.250885 0.030955674
58833.678056 24.253143 0.026948258
58833.678616 24.258396 0.029854191
58833.679182 24.2591 0.03186133
58833.679761 24.218268 0.030860533
58833.680323 24.2488 0.041571605
58833.680894 24.303118 0.034859555
58833.681455 24.21664 0.036674806
58833.68202 24.2206 0.036759453
58833.682591 24.235717 0.034704646
58833.683157 24.240169 0.032874271
58833.683728 24.267458 0.032866906
58833.68429 24.218252 0.035750971
58833.684864 24.285506 0.031919207
58833.685427 24.222353 0.030922662
58833.686006 24.233008 0.028880386
58833.68663 24.235247 0.03194946
58833.687197 24.219061 0.02795027
58833.687766 24.282449 0.030922994
58833.688335 24.221375 0.025956322
58833.6889 24.232494 0.026964277
58833.689473 24.260437 0.029942348
58833.690035 24.257567 0.028934831
58833.690606 24.249374 0.026945299
58833.691182 24.292059 0.029930476
58833.691769 24.23005 0.026927134
58833.692334 24.217958 0.027883335
58833.692912 24.275253 0.030918557
58833.693482 24.279495 0.028935586
58833.694055 24.200006 0.024955669
58833.694629 24.234799 0.026938165
58833.695214 24.227061 0.027950687
58833.695788 24.244881 0.027944002
58833.696709 24.246468 0.026948377
58833.697282 24.261038 0.033864302
58833.697854 24.241097 0.029933399
58833.698426 24.274003 0.031944441
58833.698997 24.200886 0.032952406
58833.699574 24.2405 0.029952199
58833.700162 24.232436 0.027968855
58833.700738 24.280895 0.028945435
58833.701314 24.287881 0.031963463
58833.701879 24.213223 0.039945257
58833.702433 24.242995 0.030972832
58833.702997 24.246473 0.026977436
58833.703569 24.246513 0.026964907
58833.704138 24.24997 0.027974304
58833.704693 24.265182 0.027975042
58833.705269 24.243066 0.028959358
58833.705842 24.250052 0.029965825
58833.706416 24.241727 0.029953184
58833.706995 24.250348 0.02697268
58833.70756 24.222896 0.02996853
58833.708139 24.206615 0.026972753
58833.708701 24.226068 0.026970806
58833.709269 24.276446 0.029957761
58833.709837 24.228572 0.026965332
58833.710398 24.256909 0.029957383
58833.710961 24.226344 0.028949901
58833.711531 24.223068 0.028955531
58833.712096 24.272525 0.029956385
58833.712678 24.250351 0.028947402
58833.713245 24.255641 0.026959241
58833.713811 24.23742 0.026958021
58833.71438 24.247055 0.024970548
58833.714942 24.279872 0.0259722
58833.715515 24.297099 0.026956312
58833.716099 24.23902 0.027974108
58833.716662 24.264984 0.027975007
58833.717217 24.283772 0.025938764
58833.717786 24.246746 0.026957407
58833.718352 24.249537 0.026965012
58833.718933 24.274998 0.027959097
58833.719515 24.242917 0.025961235
58833.720081 24.245292 0.027930384
58833.720652 24.276462 0.028945936
58833.721229 24.244618 0.026962672
58833.721798 24.273531 0.029943101
58833.722365 24.2699 0.025968789
58833.722938 24.271232 0.02397315
58833.723517 24.247853 0.023969984
58833.724095 24.235759 0.021973983
58833.724659 24.199104 0.0259568
58833.725228 24.219098 0.02397084
58833.725794 24.282679 0.026954076
58833.726369 24.227347 0.028906299
58833.726949 24.224205 0.027864604
58833.727521 24.263825 0.02992287
58833.728085 24.238054 0.025939683
58833.728659 24.258605 0.028944756
58833.729226 24.274222 0.026951478
58833.729803 24.293759 0.028960435
58833.730359 24.281033 0.02795068
58833.730924 24.231282 0.022973426
58833.731502 24.231943 0.02495948
58833.732059 24.264314 0.028907119
58833.732632 24.213624 0.028913824
58833.733194 24.252216 0.028922892
58833.733759 24.252176 0.030824789
58833.734321 24.281664 0.033913537
58833.734879 24.257011 0.031891143
58833.735444 24.241233 0.03486036
58833.736003 24.217718 0.036862423
58833.736571 24.231127 0.041868606
58833.737136 24.239012 0.036855609
58833.737691 24.241515 0.03092888
58833.738267 24.290026 0.035765078
58833.738823 24.227735 0.030877677
58833.739382 24.211107 0.032878587
58833.739948 24.260952 0.035857555
58833.740522 24.238088 0.034832127
58833.741085 24.269569 0.037705399
58833.741647 24.248998 0.031902151
58833.742215 24.226481 0.029919281
58833.742788 24.292814 0.03385937
58833.743365 24.190259 0.02991634
58833.743953 24.237224 0.031886756
58833.744526 24.27613 0.031869561
58833.745093 24.300777 0.028938019
58833.745664 24.2624 0.028943622
58833.746226 24.220261 0.026939052
58833.746789 24.212422 0.02495599
58833.747358 24.262929 0.026962031
58833.747921 24.214852 0.026960387
58833.748478 24.234473 0.027954219
58833.749035 24.23471 0.023965463
58833.749599 24.264785 0.025965811
58833.750168 24.2263 0.028903698
58833.750733 24.263996 0.026917187
58833.751298 24.253766 0.029888278
58833.751854 24.27367 0.033792645
58833.752416 24.264337 0.029906917
58833.752988 24.251024 0.026918102
58833.753539 24.242665 0.027925506
58833.7541 24.219353 0.024956485
58833.754655 24.233207 0.02595335
58833.75523 24.254414 0.026966046
58833.755803 24.228837 0.028958037
58833.756377 24.259152 0.027963211
58833.756948 24.236861 0.028957264
58833.757519 24.280868 0.026964828
58833.758074 24.198715 0.027966079
58833.758639 24.28516 0.030940411
58833.759204 24.214331 0.036917283
58833.759765 24.250794 0.029960145
58833.760341 24.259435 0.032963473
58833.760921 24.231431 0.030960605
58833.761489 24.229757 0.035917275
58833.76205 24.203251 0.02896195
58833.762618 24.282879 0.030939705
58833.763196 24.261568 0.027974202
58833.763771 24.273991 0.02997372
58833.764345 24.236417 0.028968634
58833.764904 24.225421 0.027969451
58833.765469 24.248943 0.030971279
58833.766035 24.255581 0.032968093
58833.766604 24.276961 0.029965859
58833.767179 24.322137 0.030970633
58833.767754 24.2436 0.026977283
58833.768337 24.265484 0.029954086
58833.768906 24.235908 0.028969434
58833.769468 24.272123 0.031958527
58833.770037 24.286469 0.03096577
58833.770609 24.241203 0.029968403
58833.771176 24.277228 0.035926984
58833.77175 24.245102 0.030945318
58833.772312 24.240739 0.034934613
58833.772873 24.236345 0.036889974
58833.773436 24.249035 0.04286504
58833.774013 24.302954 0.050786103
58833.774581 24.292785 0.041861394
58833.775149 24.20362 0.037912791
58833.775718 24.286117 0.038903233
58833.776274 24.220862 0.036900233
58833.776849 24.255301 0.037943796
58833.777425 24.267118 0.038944263
58833.777996 24.242008 0.036914483
58833.778564 24.270262 0.035945464
58833.779126 24.291923 0.03593009
58833.779701 24.265958 0.036905327
58833.780275 24.244023 0.034913245
58833.780836 24.258166 0.035863691
58833.781394 24.268058 0.042900037
58833.781959 24.22612 0.034923807
58833.78252 24.313729 0.037931545
58833.783078 24.217772 0.034912444
58833.783656 24.243248 0.033940282
58833.784224 24.240372 0.03196052
58833.784791 24.235518 0.035947424
58833.785359 24.314752 0.033959088
58833.785923 24.259362 0.032961431
58833.786499 24.238597 0.031964047
58833.787075 24.24519 0.031951445
58833.787657 24.267777 0.031963297
58833.788243 24.298105 0.033954878
58833.788815 24.250073 0.030948965
58833.789431 24.250293 0.028968282
58833.789993 24.252852 0.029962742
58833.790558 24.311132 0.02898063
58833.791114 24.239424 0.030966272
58833.791692 24.276372 0.027977753
58833.792254 24.261017 0.025969249
58833.792819 24.280686 0.025973365
58833.793386 24.251341 0.024966419
58833.793945 24.256899 0.025971494
58833.794517 24.274327 0.024966728
58833.79508 24.241725 0.026965977
58833.795646 24.231478 0.022978869
58833.796225 24.251909 0.022976382
58833.79679 24.262789 0.027978268
58833.797352 24.260803 0.02498048
58833.797908 24.23509 0.025975579
58833.798484 24.273912 0.025976773
58833.799061 24.230599 0.021981799
58833.799624 24.241527 0.02795941
58833.800185 24.24749 0.024979853
58833.800756 24.287142 0.028970851
58833.801313 24.248915 0.027956861
58833.801876 24.280604 0.027968988
58833.802443 24.242059 0.025968971
58833.803031 24.2218 0.024979736
58833.803608 24.260697 0.024973814
58833.804175 24.266097 0.027978627
58833.804741 24.259758 0.024982973
58833.805316 24.269571 0.025981244
58833.805876 24.251424 0.028969689
58833.806445 24.262155 0.026981608
58833.807016 24.276446 0.027977662
58833.807582 24.26166 0.029965345
58833.80816 24.259697 0.028972003
58833.808724 24.24484 0.025981042
58833.809281 24.242332 0.026971711
58833.809857 24.231636 0.0259785
58833.810432 24.254111 0.024980075
58833.811002 24.294276 0.028976159
58833.81157 24.20078 0.0279781
58833.812141 24.244975 0.028978939
58833.81271 24.275688 0.024981345
58833.813283 24.258998 0.025976498
58833.81385 24.29919 0.027976594
58833.814425 24.295745 0.027979045
58833.81499 24.258343 0.024982221
58833.815567 24.287536 0.028975577
58833.816133 24.23839 0.024980093
58833.816698 24.248067 0.029974411
58833.817289 24.268474 0.02795661
58833.817864 24.283977 0.02997117
58833.818429 24.280801 0.027972141
58833.819011 24.231985 0.026967272
58833.819573 24.275031 0.029965492
58833.820146 24.24438 0.02596397
58833.82073 24.275441 0.02796964
58833.821295 24.274159 0.026964741
58833.821869 24.233676 0.030974337
58833.822431 24.243163 0.033971555
58833.822986 24.280509 0.03097585
58833.823546 24.26124 0.030969069
58833.824122 24.287066 0.031964203
58833.82469 24.237703 0.030953248
58833.82527 24.261159 0.034973728
58833.825842 24.241876 0.03497133
0.0 0.0 0.0
58833.826987 24.243421 0.029969465
58833.827559 24.312188 0.034963565
58833.828123 24.281856 0.029972313
58833.828694 24.271768 0.029953789
58833.829263 24.300709 0.028965679
58833.829826 24.279525 0.026965252
58833.830398 24.257182 0.028946086
58833.830961 24.25762 0.027952749
58833.831526 24.282279 0.024972091
58833.832097 24.259089 0.025965712
58833.83267 24.305577 0.025957345
58833.833228 24.284573 0.027968842
58833.833798 24.238272 0.02696683
58833.834371 24.252602 0.028948917
58833.834936 24.237919 0.025967187
58833.83551 24.302011 0.028961551
58833.836083 24.238741 0.023974216
58833.836648 24.283311 0.028947159
58833.837231 24.22714 0.028966219
58833.837806 24.27204 0.028938456
58833.83839 24.231058 0.026956157
58833.838952 24.259781 0.030934935
58833.839512 24.210326 0.030964156
58833.840078 24.259288 0.030965055
58833.840638 24.231843 0.030956663
58833.841214 24.290116 0.028969395
58833.841784 24.254422 0.027974019
58833.842354 24.293064 0.028971478
58833.842932 24.274393 0.028968072
58833.8435 24.268043 0.02896431
58833.844068 24.225812 0.027973546
58833.84464 24.291823 0.028972583
58833.845192 24.260332 0.030974713
58833.845764 24.25399 0.028981149
58833.846315 24.247522 0.026977121
58833.846882 24.292482 0.031977813
58833.847447 24.292705 0.029978463
58833.848017 24.263829 0.037963569
58833.848583 24.231835 0.032972532
58833.849139 24.220966 0.032969869
58833.849713 24.21058 0.030961765
58833.850286 24.225742 0.033973994
