HJD mag magerr
58833.526351 24.706413 0.1157832
58833.526938 24.988023 0.12861852
58833.527497 24.89057 0.1087963
58833.528073 24.706866 0.082772026
58833.52864 24.671131 0.059808365
58833.529223 24.564588 0.069638698
58833.529794 24.577849 0.074490743
58833.530369 24.696189 0.061736181
58833.530936 24.746434 0.055830666
58833.531508 24.717225 0.047895239
58833.532068 24.792007 0.042909471
58833.532639 24.638214 0.037859665
58833.533201 24.787594 0.042913982
58833.533765 24.785447 0.036917671
58833.534319 24.683428 0.040794063
58833.534878 24.794632 0.038877268
58833.535457 24.715851 0.037866913
58833.536022 24.726935 0.039868138
58833.536586 24.722396 0.033919713
58833.537148 24.779347 0.035920977
58833.537706 24.660032 0.033870473
58833.538275 24.747748 0.029934379
58833.538843 24.768214 0.030931545
58833.539403 24.747522 0.030924062
58833.539961 24.763412 0.029924867
58833.540691 24.758466 0.030950735
58833.54127 24.702376 0.026915784
58833.541834 24.78085 0.030948876
58833.542384 24.762256 0.031897562
58833.542946 24.738622 0.027930058
58833.543507 24.799517 0.02896394
58833.544071 24.818368 0.029960233
58833.544644 24.728423 0.025960497
58833.545206 24.695049 0.026937431
58833.545767 24.758516 0.026946454
58833.54634 24.832889 0.02892396
58833.546924 24.759141 0.029921993
58833.547488 24.78448 0.029924981
58833.548053 24.752624 0.028924445
58833.548633 24.773584 0.027934419
58833.549203 24.802786 0.026963582
58833.549779 24.771533 0.027949435
58833.550355 24.789271 0.027952103
58833.550911 24.814409 0.027960346
58833.551466 24.748434 0.027928117
58833.552025 24.807303 0.031867419
58833.552609 24.766994 0.030927
58833.553172 24.775836 0.029911788
58833.553736 24.782704 0.024939988
58833.554298 24.74979 0.025960204
58833.554862 24.802714 0.02794966
58833.55542 24.816644 0.028967575
58833.556007 24.801244 0.031966061
58833.556565 24.813813 0.032971191
58833.557125 24.798296 0.030966038
58833.557676 24.818606 0.036965583
58833.558245 24.779257 0.031954141
58833.558811 24.756921 0.02795034
58833.559373 24.692779 0.025924562
58833.559928 24.737187 0.029888175
58833.560497 24.632081 0.035770423
58833.561052 24.777242 0.03092328
58833.561629 24.75938 0.033898247
58833.562183 24.754697 0.030925635
58833.562742 24.754572 0.026944369
0.0 0.0 0.0
58833.563889 24.750025 0.030875796
58833.564461 24.852629 0.035720284
58833.565019 24.685987 0.019960794
58833.565576 24.903688 0.022986579
58833.566153 24.687975 0.023949518
58833.566722 24.867613 0.029934187
58833.56729 24.740615 0.027929894
58833.56785 24.65872 0.025899877
58833.568406 24.74292 0.021954911
58833.568961 24.884492 0.026967047
58833.569533 24.797391 0.023977794
58833.570095 24.839319 0.023969836
58833.57065 24.826255 0.022979594
58833.57121 24.778374 0.021980076
58833.571768 24.787676 0.023961413
58833.572322 24.852559 0.023972327
0.0 0.0 0.0
0.0 0.0 0.0
58833.574037 24.728169 0.025920059
58833.574593 24.751821 0.027928356
58833.575159 24.733832 0.032735633
58833.575726 24.820073 0.032822258
58833.576286 24.625496 0.024818105
58833.576839 24.751735 0.029840865
58833.577403 24.687275 0.023918837
58833.577964 24.812128 0.026943139
58833.578544 24.770468 0.02994408
58833.579114 24.773202 0.025922357
58833.579688 24.736533 0.02889912
58833.580238 24.794083 0.027911869
0.0 0.0 0.0
58833.581375 24.677309 0.028866801
58833.581944 24.712335 0.025891288
58833.582509 24.768676 0.024939884
58833.58308 24.771399 0.028907744
58833.583647 24.710275 0.027888484
58833.584215 24.643407 0.029756361
0.0 0.0 0.0
58833.585316 24.772081 0.028874058
58833.585886 24.663113 0.021940135
58833.586442 24.753635 0.026901438
58833.587001 24.709495 0.024933561
58833.587566 24.670282 0.032838432
58833.58814 24.760481 0.031879058
58833.588711 24.752225 0.024942295
58833.589285 24.8033 0.022946949
58833.589857 24.669776 0.023915458
58833.590423 24.578026 0.028772254
58833.590994 24.711898 0.030876918
58833.591559 24.738846 0.048594643
58833.592112 24.611255 0.035716902
58833.592665 24.721613 0.037777968
58833.593224 24.728924 0.039822446
58833.593796 24.715269 0.047775186
58833.594369 25.029141 0.070197146
58833.59492 24.734421 0.047531457
58833.595528 24.675873 0.031838654
58833.596082 24.749048 0.037805448
58833.596665 24.784283 0.037811987
58833.597231 24.738616 0.034849749
58833.597797 24.758698 0.031895396
58833.59838 24.769167 0.027925159
58833.598947 24.802146 0.02892261
58833.599512 24.752322 0.031908843
58833.60009 24.830638 0.030915688
0.0 0.0 0.0
58833.601221 24.767153 0.030902261
58833.601788 24.767622 0.02792968
58833.602358 24.862246 0.029917649
58833.602926 24.784336 0.03191061
58833.60349 24.777081 0.038744672
58833.604047 24.72955 0.027915901
58833.604615 24.787177 0.032856371
58833.605171 24.679067 0.033876295
58833.605736 24.732439 0.030863953
58833.606292 24.784837 0.034876664
58833.606846 24.729868 0.032842367
58833.607409 24.716755 0.033871091
58833.607972 24.744629 0.032868877
58833.608554 24.726316 0.034846398
58833.609122 24.673265 0.028918369
58833.609691 24.839434 0.037751813
58833.61027 24.726722 0.031868056
58833.610843 24.696689 0.028885704
58833.611415 24.738209 0.028852511
58833.611993 24.736495 0.030832019
0.0 0.0 0.0
58833.613137 24.722336 0.027852348
58833.613696 24.730912 0.030784248
58833.614278 24.785749 0.030850667
58833.614853 24.740479 0.030802649
58833.615407 24.699542 0.02981038
58833.615983 24.732712 0.029853831
58833.616534 24.717973 0.02789295
58833.617093 24.748453 0.034872917
58833.617655 24.769151 0.029914025
58833.618216 24.749189 0.029870223
58833.618781 24.761721 0.030943395
58833.619336 24.748076 0.02991489
58833.619908 24.770399 0.0338875
58833.620489 24.76698 0.028907536
58833.621073 24.793748 0.029936245
58833.621643 24.755223 0.032891493
58833.622212 24.714733 0.028905576
58833.622786 24.805695 0.035866325
58833.623339 24.801199 0.030886864
58833.623898 24.756894 0.031900132
58833.624467 24.725332 0.030923731
58833.625042 24.739523 0.027915207
58833.625625 24.762359 0.028916257
58833.626195 24.890655 0.02994414
58833.626758 24.728648 0.026921475
58833.627345 24.795658 0.027945451
0.0 0.0 0.0
58833.628481 24.796433 0.027948242
58833.629058 24.836792 0.030942875
58833.629625 24.733997 0.024965511
58833.630194 24.798022 0.027962984
58833.630754 24.7383 0.027956272
58833.631339 24.626166 0.02883145
0.0 0.0 0.0
58833.632476 24.698917 0.032849314
58833.633035 24.75781 0.032859722
58833.633609 24.808254 0.032878542
58833.634176 24.793526 0.042892599
58833.63477 24.786078 0.031902391
58833.63533 24.768738 0.031949327
58833.635896 24.790621 0.033910755
58833.636454 24.792252 0.025955813
58833.637031 24.731913 0.029913407
58833.637603 24.869825 0.032929928
58833.638178 24.758131 0.027930928
58833.638751 24.78811 0.02894987
58833.639317 24.78946 0.030941009
58833.639885 24.762591 0.028948583
58833.640451 24.781695 0.027976474
58833.641017 24.779301 0.029967469
58833.641587 24.759955 0.026952118
58833.642165 24.763137 0.031949783
58833.642733 24.723194 0.028953225
58833.643298 24.754374 0.030963029
58833.643881 24.764632 0.027961093
0.0 0.0 0.0
58833.645038 24.779726 0.028955624
58833.645621 24.725893 0.028950813
58833.646196 24.774711 0.03192249
58833.646775 24.792866 0.029953864
58833.647352 24.721678 0.028954646
58833.647947 24.813105 0.033920771
58833.648518 24.795148 0.032970956
58833.649091 24.719846 0.028957059
58833.649661 24.787843 0.030952678
58833.650234 24.745837 0.029962784
58833.650812 24.777924 0.026969931
58833.651385 24.781243 0.032951716
58833.651942 24.781908 0.030949523
58833.652501 24.792518 0.028951285
58833.653051 24.777675 0.029972081
58833.653627 24.743886 0.027957302
58833.654196 24.776464 0.028963527
58833.654761 24.756654 0.027958114
58833.655332 24.807154 0.029969219
58833.655903 24.772449 0.029976521
58833.656459 24.83163 0.0299754
58833.657018 24.789707 0.03097421
58833.657575 24.82381 0.03097679
58833.658134 24.794983 0.031955148
58833.658729 24.77393 0.02696711
58833.659291 24.768441 0.027969646
58833.659866 24.795451 0.032974257
58833.660428 24.742471 0.02995242
58833.660996 24.783839 0.029966033
58833.661568 24.771395 0.03096103
58833.662129 24.742622 0.033937467
58833.662686 24.748109 0.035921466
58833.663254 24.793362 0.030969696
58833.663845 24.769235 0.033931584
58833.664399 24.774591 0.032953483
58833.664959 24.768526 0.035954755
58833.66553 24.809945 0.033965556
58833.666087 24.754956 0.031977593
58833.666661 24.800842 0.029979802
58833.66724 24.914308 0.036977314
58833.667808 24.798775 0.03397117
58833.668374 24.804521 0.034976279
58833.66894 24.768991 0.032973014
58833.669515 24.798546 0.032975888
58833.670105 24.802165 0.034965181
58833.670664 24.773635 0.031945747
58833.671231 24.768869 0.036948443
58833.671792 24.741844 0.032946579
58833.672357 24.746401 0.034943138
58833.672921 24.765203 0.033954561
58833.6735 24.784312 0.03496569
58833.674063 24.776546 0.03496738
58833.674632 24.730169 0.034941166
58833.675223 24.696542 0.036910145
58833.67579 24.801215 0.039931155
58833.67635 24.772389 0.037916318
58833.676916 24.746738 0.035945953
58833.677484 24.685169 0.037930268
58833.678056 24.723281 0.037927178
58833.678616 24.722548 0.042815722
58833.679182 24.79865 0.044874771
58833.679761 24.832567 0.046837632
58833.680323 24.654766 0.052634181
58833.680894 24.815445 0.049741688
58833.681455 24.693141 0.046830223
58833.68202 24.720332 0.048748519
58833.682591 24.728354 0.049733495
58833.683157 24.684865 0.043842917
58833.683728 24.665757 0.040853249
58833.68429 24.753046 0.047812916
58833.684864 24.747147 0.041887702
58833.685427 24.753331 0.040887497
58833.686006 24.693352 0.03886871
58833.68663 24.735941 0.038929824
58833.687197 24.752916 0.038927337
58833.687766 24.672791 0.038932715
58833.688335 24.718854 0.036940766
58833.6889 24.736378 0.03992359
58833.689473 24.747881 0.039915382
58833.690035 24.746314 0.03992057
58833.690606 24.749104 0.038934658
58833.691182 24.709303 0.036941984
58833.691769 24.710678 0.039911606
58833.692334 24.702291 0.03790028
58833.692912 24.738324 0.037883561
58833.693482 24.693449 0.034907203
58833.694055 24.713263 0.041914578
58833.694629 24.792445 0.037949308
58833.695214 24.801296 0.035925499
58833.695788 24.794451 0.037920599
58833.696709 24.778622 0.042897533
58833.697282 24.714082 0.045863682
58833.697854 24.770122 0.042902816
58833.698426 24.701803 0.038921082
58833.698997 24.70516 0.049900104
58833.699574 24.756208 0.037944018
58833.700162 24.748694 0.035951443
58833.700738 24.760367 0.042939235
58833.701314 24.74001 0.037948166
58833.701879 24.688078 0.04793816
58833.702433 24.766745 0.044961464
58833.702997 24.811949 0.037965855
58833.703569 24.760926 0.036967016
58833.704138 24.804742 0.038970586
58833.704693 24.832966 0.042961022
58833.705269 24.767203 0.035956184
58833.705842 24.795942 0.04494624
58833.706416 24.768821 0.038936722
58833.706995 24.806502 0.037971936
58833.70756 24.80062 0.03995371
58833.708139 24.787816 0.03495797
58833.708701 24.830114 0.037957031
58833.709269 24.760894 0.039958486
58833.709837 24.712755 0.036929759
58833.710398 24.7754 0.037952753
58833.710961 24.670957 0.038944087
58833.711531 24.781005 0.040933795
58833.712096 24.706269 0.039919327
58833.712678 24.783072 0.038954918
58833.713245 24.7173 0.038917181
58833.713811 24.78823 0.037948802
58833.71438 24.77147 0.034952811
58833.714942 24.766467 0.034944513
58833.715515 24.748338 0.032953341
58833.716099 24.791813 0.036973627
58833.716662 24.80888 0.038962777
58833.717217 24.778326 0.035963481
58833.717786 24.78741 0.033939218
58833.718352 24.807127 0.037931743
58833.718933 24.824238 0.041926546
58833.719515 24.740197 0.035952593
58833.720081 24.720267 0.040918238
58833.720652 24.714775 0.038940117
58833.721229 24.812636 0.040936137
58833.721798 24.766562 0.038932236
58833.722365 24.816008 0.037955437
58833.722938 24.781082 0.03595702
58833.723517 24.826897 0.033954199
58833.724095 24.802339 0.0339609
58833.724659 24.788744 0.038924947
58833.725228 24.746456 0.03494092
58833.725794 24.84566 0.036952484
58833.726369 24.752805 0.038897193
58833.726949 24.669579 0.036894749
58833.727521 24.761252 0.036868642
58833.728085 24.714619 0.037920291
58833.728659 24.731985 0.033946844
58833.729226 24.714915 0.034928786
58833.729803 24.74257 0.034953159
58833.730359 24.744449 0.030953698
58833.730924 24.743559 0.032961283
58833.731502 24.778493 0.035941397
58833.732059 24.678073 0.039907703
58833.732632 24.78452 0.041920347
58833.733194 24.734565 0.037930414
58833.733759 24.760023 0.044847216
58833.734321 24.794173 0.043878774
58833.734879 24.787348 0.043858449
58833.735444 24.757029 0.045814493
58833.736003 24.832754 0.053879671
58833.736571 24.662059 0.049802506
58833.737136 24.745872 0.048862904
58833.737691 24.716829 0.042860336
58833.738267 24.741132 0.051724203
58833.738823 24.736402 0.042859216
58833.739382 24.682681 0.041841855
58833.739948 24.686753 0.045823109
58833.740522 24.715917 0.046788295
58833.741085 24.717518 0.050754788
58833.741647 24.758213 0.047866559
58833.742215 24.721954 0.039890136
58833.742788 24.798124 0.04579837
58833.743365 24.76415 0.045874048
58833.743953 24.748948 0.047862084
58833.744526 24.772177 0.04187936
58833.745093 24.745568 0.038913737
58833.745664 24.812588 0.039899249
58833.746226 24.707699 0.037907206
58833.746789 24.698247 0.035912562
58833.747358 24.806341 0.037932471
58833.747921 24.765081 0.037928501
58833.748478 24.762461 0.034950276
58833.749035 24.705869 0.03295349
58833.749599 24.833297 0.035953399
58833.750168 24.759538 0.038874558
58833.750733 24.719356 0.039879
58833.751298 24.688754 0.039790266
58833.751854 24.756297 0.044863202
58833.752416 24.713665 0.038889059
58833.752988 24.746973 0.040903568
58833.753539 24.676543 0.034903055
58833.7541 24.748311 0.035920298
58833.754655 24.75509 0.037948896
58833.75523 24.775039 0.036952379
58833.755803 24.733683 0.039944524
58833.756377 24.695925 0.039942211
58833.756948 24.781512 0.034968669
58833.757519 24.692981 0.036955334
58833.758074 24.845562 0.040937651
58833.758639 24.680752 0.044854441
58833.759204 24.749837 0.053905991
58833.759765 24.786252 0.042933501
58833.760341 24.749167 0.040950107
58833.760921 24.728906 0.043941242
58833.761489 24.753661 0.055871604
58833.76205 24.75864 0.039940359
58833.762618 24.821978 0.048918854
58833.763196 24.811655 0.039951702
58833.763771 24.754694 0.037956551
58833.764345 24.739508 0.044954845
58833.764904 24.762378 0.041967111
58833.765469 24.780476 0.045958907
58833.766035 24.690232 0.04195514
58833.766604 24.746201 0.043936087
58833.767179 24.816261 0.040952276
58833.767754 24.814059 0.044961714
58833.768337 24.651754 0.035954513
58833.768906 24.716957 0.040953839
58833.769468 24.757041 0.042944989
58833.770037 24.774786 0.044948559
58833.770609 24.71596 0.043948197
58833.771176 24.738103 0.050892677
58833.77175 24.764626 0.047895748
58833.772312 24.728931 0.050846109
58833.772873 24.657019 0.051826489
58833.773436 24.665799 0.059809437
58833.774013 24.727723 0.06084409
58833.774581 24.752305 0.058872274
58833.775149 24.786299 0.054867192
58833.775718 24.765311 0.050868892
58833.776274 24.7169 0.047898666
58833.776849 24.824306 0.050923649
58833.777425 24.833516 0.057912039
58833.777996 24.71069 0.051874417
58833.778564 24.733248 0.044928401
58833.779126 24.698169 0.051910437
58833.779701 24.686292 0.043872646
58833.780275 24.665461 0.046899976
58833.780836 24.769502 0.056831578
58833.781394 24.769593 0.057869047
58833.781959 24.715262 0.047910228
58833.78252 24.711136 0.049923825
58833.783078 24.681584 0.049866599
58833.783656 24.772483 0.047895315
58833.784224 24.833347 0.05393193
58833.784791 24.740146 0.04790049
58833.785359 24.785372 0.046924354
58833.785923 24.752347 0.038948016
58833.786499 24.786731 0.045930814
58833.787075 24.78767 0.048929367
58833.787657 24.757218 0.051928378
58833.788243 24.743608 0.049937695
58833.788815 24.735263 0.042943323
58833.789431 24.817093 0.042931491
58833.789993 24.81875 0.043939531
58833.790558 24.703826 0.037952409
58833.791114 24.853988 0.042950022
58833.791692 24.78411 0.037971436
58833.792254 24.731774 0.037953819
58833.792819 24.781482 0.038960793
58833.793386 24.802627 0.035950966
58833.793945 24.708945 0.03794237
58833.794517 24.750897 0.038928219
58833.79508 24.728463 0.033965097
58833.795646 24.734228 0.033954854
58833.796225 24.70743 0.030965954
58833.79679 24.705802 0.033969814
58833.797352 24.772652 0.031965963
58833.797908 24.808814 0.033971998
58833.798484 24.782991 0.035972394
58833.799061 24.746286 0.030960157
58833.799624 24.728858 0.035958641
58833.800185 24.800535 0.033970297
58833.800756 24.74736 0.034970379
58833.801313 24.754771 0.034945115
58833.801876 24.78676 0.030957241
58833.802443 24.765383 0.033955792
58833.803031 24.730346 0.037965911
58833.803608 24.745948 0.031957849
58833.804175 24.770772 0.035970356
58833.804741 24.793972 0.035968341
58833.805316 24.753854 0.034962891
58833.805876 24.743923 0.040954222
58833.806445 24.762078 0.035972726
58833.807016 24.740948 0.035966216
58833.807582 24.757713 0.039939018
58833.80816 24.756424 0.039958044
58833.808724 24.763931 0.035956748
58833.809281 24.812185 0.033955994
58833.809857 24.722573 0.035967277
58833.810432 24.815519 0.041964862
58833.811002 24.792848 0.04296553
58833.81157 24.824137 0.041966034
58833.812141 24.716219 0.038964885
58833.81271 24.730093 0.031970853
58833.813283 24.769106 0.033973816
58833.81385 24.772011 0.033972062
58833.814425 24.78457 0.030970591
58833.81499 24.706004 0.028975945
58833.815567 24.753875 0.033967907
58833.816133 24.765927 0.034970865
58833.816698 24.699512 0.034969244
58833.817289 24.74356 0.033967761
58833.817864 24.73013 0.033958968
58833.818429 24.746979 0.034951422
58833.819011 24.702242 0.037948007
58833.819573 24.778917 0.040956516
58833.820146 24.780924 0.037950983
58833.82073 24.818026 0.03695605
58833.821295 24.763197 0.035961512
58833.821869 24.759547 0.041964039
58833.822431 24.752798 0.044955849
58833.822986 24.836094 0.043961346
58833.823546 24.718478 0.042936327
58833.824122 24.822867 0.043958499
58833.82469 24.751553 0.042956525
58833.82527 24.703914 0.051945922
58833.825842 24.75559 0.047952336
58833.826414 24.758266 0.046939642
58833.826987 24.652272 0.039922183
58833.827559 24.771601 0.042943726
58833.828123 24.761986 0.03897077
58833.828694 24.700096 0.038951124
58833.829263 24.771744 0.040957492
58833.829826 24.698156 0.037963522
58833.830398 24.693109 0.036931134
58833.830961 24.774797 0.039953351
58833.831526 24.734932 0.035958849
58833.832097 24.793011 0.035959547
58833.83267 24.72641 0.034959993
58833.833228 24.743434 0.034957719
58833.833798 24.707835 0.033959948
58833.834371 24.763412 0.036938192
58833.834936 24.739959 0.035960493
58833.83551 24.712596 0.033964009
58833.836083 24.753392 0.034953048
58833.836648 24.724843 0.035931991
58833.837231 24.744534 0.034948388
58833.837806 24.722363 0.0409334
58833.83839 24.70204 0.03793471
58833.838952 24.685831 0.040903144
58833.839512 24.726928 0.03894244
58833.840078 24.70982 0.041945204
58833.840638 24.732128 0.040923455
58833.841214 24.724867 0.046943556
58833.841784 24.78551 0.040957219
58833.842354 24.755072 0.04095801
58833.842932 24.713282 0.041946555
58833.8435 24.746364 0.037959783
58833.844068 24.722753 0.042946586
58833.84464 24.736958 0.044921231
58833.845192 24.728599 0.03895287
58833.845764 24.754793 0.036963605
58833.846315 24.776938 0.03797083
58833.846882 24.748167 0.03396303
58833.847447 24.781537 0.04296532
58833.848017 24.767232 0.046963599
58833.848583 24.721616 0.047953283
58833.849139 24.734814 0.050950968
58833.849713 24.684678 0.042952459
58833.850286 24.70813 0.045965141
