HJD mag magerr
58833.526351 22.807413 0.025821038
0.0 0.0 0.0
58833.527497 22.92657 0.022846461
0.0 0.0 0.0
58833.52864 22.799131 0.017853701
58833.529223 22.727588 0.01971249
58833.529794 22.827849 0.022552264
58833.530369 22.799189 0.017799787
0.0 0.0 0.0
0.0 0.0 0.0
0.0 0.0 0.0
58833.532639 22.780214 0.014903919
58833.533201 22.828594 0.01594244
0.0 0.0 0.0
58833.534319 22.806428 0.01684364
0.0 0.0 0.0
0.0 0.0 0.0
58833.536022 22.786935 0.013918137
58833.536586 22.918396 0.013953486
58833.537148 22.811347 0.014949627
58833.537706 22.783032 0.014909791
58833.538275 22.825748 0.014956445
58833.538843 22.827214 0.011973089
0.0 0.0 0.0
0.0 0.0 0.0
58833.540691 22.909466 0.012974995
58833.54127 22.765376 0.015934245
0.0 0.0 0.0
58833.542384 22.793256 0.015922862
0.0 0.0 0.0
0.0 0.0 0.0
58833.544071 22.820368 0.013976219
0.0 0.0 0.0
58833.545206 22.763049 0.012967089
58833.545767 22.798516 0.013964169
0.0 0.0 0.0
0.0 0.0 0.0
58833.547488 22.80748 0.012961723
58833.548053 22.807624 0.013954554
58833.548633 22.870584 0.013960137
58833.549203 22.818786 0.014975066
0.0 0.0 0.0
58833.550355 22.816271 0.012975036
58833.550911 22.878409 0.012979314
58833.551466 22.893434 0.013952378
58833.552025 22.981303 0.015906691
58833.552609 22.842994 0.013956813
58833.553172 22.950836 0.015936794
58833.553736 22.838704 0.013959055
58833.554298 22.81279 0.012978768
58833.554862 22.851714 0.013969363
58833.55542 22.894644 0.013981842
58833.556007 22.846244 0.013980002
58833.556565 22.877813 0.012986885
58833.557125 22.914296 0.01497759
58833.557676 22.861606 0.014979652
0.0 0.0 0.0
58833.558811 22.824921 0.013969775
58833.559373 22.783779 0.012959899
58833.559928 22.801187 0.011960606
0.0 0.0 0.0
58833.561052 22.814242 0.013954626
58833.561629 22.77838 0.014934516
58833.562183 22.804697 0.013956011
58833.562742 22.783572 0.012970718
58833.563315 22.886973 0.01395619
58833.563889 22.845025 0.011956728
58833.564461 22.964629 0.014824216
58833.565019 22.733987 0.011985245
58833.565576 22.893688 0.013991749
58833.566153 22.741975 0.012978446
58833.566722 22.852613 0.012966387
0.0 0.0 0.0
58833.56785 22.70172 0.01394203
0.0 0.0 0.0
58833.568961 22.943492 0.012984058
58833.569533 22.845391 0.012987791
58833.570095 22.871319 0.013979121
58833.57065 22.928255 0.013986678
58833.57121 22.870374 0.013986737
58833.571768 22.791676 0.012976671
58833.572322 22.881559 0.012984794
58833.572898 22.862512 0.012967178
0.0 0.0 0.0
58833.574037 22.763169 0.012957525
0.0 0.0 0.0
58833.575159 22.802832 0.013848279
0.0 0.0 0.0
58833.576286 22.680496 0.011932213
0.0 0.0 0.0
58833.577403 22.721275 0.013944056
58833.577964 22.797128 0.013965041
0.0 0.0 0.0
58833.579114 22.828202 0.014942669
58833.579688 22.770533 0.014927507
58833.580238 22.809083 0.013946529
0.0 0.0 0.0
58833.581375 22.695309 0.012931855
58833.581944 22.735335 0.012936235
58833.582509 22.830676 0.012967565
58833.58308 22.753399 0.013939454
58833.583647 22.796275 0.012942262
0.0 0.0 0.0
0.0 0.0 0.0
0.0 0.0 0.0
58833.585886 22.728113 0.011975941
58833.586442 22.793635 0.012942665
0.0 0.0 0.0
0.0 0.0 0.0
0.0 0.0 0.0
0.0 0.0 0.0
58833.589285 22.8053 0.011985903
58833.589857 22.733776 0.011970085
0.0 0.0 0.0
0.0 0.0 0.0
0.0 0.0 0.0
58833.592112 22.720255 0.013840616
58833.592665 22.744613 0.014861254
0.0 0.0 0.0
58833.593796 22.815269 0.014883427
0.0 0.0 0.0
0.0 0.0 0.0
58833.595528 22.781873 0.013918836
58833.596082 22.815048 0.014878186
0.0 0.0 0.0
58833.597231 22.780616 0.013913973
0.0 0.0 0.0
58833.59838 22.781167 0.014945708
58833.598947 22.900146 0.014944296
58833.599512 22.775322 0.015931311
58833.60009 22.851638 0.01494014
58833.600655 22.948846 0.016953216
58833.601221 22.882153 0.012944779
0.0 0.0 0.0
0.0 0.0 0.0
58833.602926 22.833336 0.013951585
0.0 0.0 0.0
58833.604047 22.74255 0.013944344
58833.604615 22.831177 0.014899582
58833.605171 22.751067 0.013928598
58833.605736 22.761439 0.013912233
0.0 0.0 0.0
0.0 0.0 0.0
58833.607409 22.729755 0.014910218
0.0 0.0 0.0
0.0 0.0 0.0
58833.609122 22.730265 0.012958011
58833.609691 22.952434 0.015819642
0.0 0.0 0.0
58833.610843 22.780689 0.013925135
0.0 0.0 0.0
0.0 0.0 0.0
0.0 0.0 0.0
0.0 0.0 0.0
0.0 0.0 0.0
0.0 0.0 0.0
0.0 0.0 0.0
58833.615407 22.754542 0.012893328
0.0 0.0 0.0
58833.616534 22.743973 0.012938312
58833.617093 22.739453 0.013919614
0.0 0.0 0.0
58833.618216 22.765189 0.014907575
58833.618781 22.755721 0.013966466
58833.619336 22.745076 0.013944493
58833.619908 22.759399 0.014921551
58833.620489 22.78998 0.013939318
58833.621073 22.790748 0.01197472
0.0 0.0 0.0
58833.622212 22.762733 0.013938043
58833.622786 22.750695 0.013915849
0.0 0.0 0.0
0.0 0.0 0.0
58833.624467 22.753332 0.014945818
58833.625042 22.725523 0.012951014
58833.625625 22.787359 0.013944999
58833.626195 22.889655 0.014962899
58833.626758 22.761648 0.012954218
58833.627345 22.793658 0.013963807
0.0 0.0 0.0
58833.628481 22.744433 0.016957828
58833.629058 22.766792 0.016954424
0.0 0.0 0.0
58833.630194 22.776022 0.012980685
0.0 0.0 0.0
0.0 0.0 0.0
0.0 0.0 0.0
58833.632476 22.748917 0.012925397
58833.633035 22.75681 0.011946156
58833.633609 22.879254 0.014921452
58833.634176 22.748526 0.014933624
0.0 0.0 0.0
58833.63533 22.820738 0.012974472
58833.635896 22.831621 0.013943096
58833.636454 22.756252 0.012976436
58833.637031 22.712913 0.013943534
58833.637603 22.914825 0.014954522
58833.638178 22.736131 0.013954229
58833.638751 22.81911 0.012971144
58833.639317 22.76746 0.012966521
58833.639885 22.733591 0.013966133
58833.640451 22.872695 0.015983622
58833.641017 22.835301 0.012983327
0.0 0.0 0.0
58833.642165 22.762137 0.011980354
58833.642733 22.755194 0.015963987
58833.643298 22.747374 0.013978062
0.0 0.0 0.0
58833.644463 22.824079 0.012985489
58833.645038 22.736726 0.014967985
58833.645621 22.736893 0.013967596
58833.646196 22.748711 0.014939956
0.0 0.0 0.0
58833.647352 22.883678 0.015965078
0.0 0.0 0.0
0.0 0.0 0.0
58833.649091 22.719846 0.014969017
58833.649661 22.793843 0.013969227
0.0 0.0 0.0
58833.650812 22.799924 0.012984131
0.0 0.0 0.0
58833.651942 22.755908 0.012971324
58833.652501 22.735518 0.015962498
58833.653051 22.823675 0.014981422
58833.653627 22.710886 0.013971641
0.0 0.0 0.0
58833.654761 22.754654 0.012975683
0.0 0.0 0.0
58833.655903 22.757449 0.012989019
58833.656459 22.86763 0.014984649
58833.657018 22.769707 0.013984682
0.0 0.0 0.0
58833.658134 22.729983 0.014968248
58833.658729 22.71193 0.013979739
58833.659291 22.853441 0.01497943
0.0 0.0 0.0
58833.660428 22.745471 0.013968866
58833.660996 22.727839 0.014977407
0.0 0.0 0.0
0.0 0.0 0.0
58833.662686 22.698109 0.013950308
0.0 0.0 0.0
58833.663845 22.726235 0.013956293
0.0 0.0 0.0
58833.664959 22.714526 0.01596645
0.0 0.0 0.0
58833.666087 22.881956 0.016983975
58833.666661 22.824842 0.013988796
58833.66724 22.889308 0.015984393
58833.667808 22.744775 0.017977603
58833.668374 22.810521 0.01498579
58833.66894 22.734991 0.015981021
58833.669515 22.758546 0.01598401
58833.670105 22.714165 0.015975815
58833.670664 22.700635 0.013964943
58833.671231 22.813869 0.014967234
58833.671792 22.693844 0.013968786
58833.672357 22.798401 0.013963799
58833.672921 22.719203 0.013973597
58833.6735 22.735312 0.016974716
58833.674063 22.731546 0.016975959
58833.674632 22.721169 0.015956228
58833.675223 22.658542 0.013943424
58833.67579 22.787215 0.014952917
0.0 0.0 0.0
58833.676916 22.752738 0.012975963
58833.677484 22.690169 0.013960394
58833.678056 22.706281 0.014954004
58833.678616 22.721548 0.014876137
58833.679182 22.70465 0.014915849
0.0 0.0 0.0
0.0 0.0 0.0
58833.680894 22.717445 0.016792212
0.0 0.0 0.0
58833.68202 22.681332 0.014815081
58833.682591 22.699354 0.014824679
58833.683157 22.688865 0.014894457
0.0 0.0 0.0
0.0 0.0 0.0
58833.684864 22.709147 0.015918704
58833.685427 22.702331 0.013930236
0.0 0.0 0.0
58833.68663 22.717941 0.01495186
58833.687197 22.725916 0.014950164
58833.687766 22.685791 0.013961941
58833.688335 22.734854 0.015959338
58833.6889 22.721378 0.014947774
58833.689473 22.711881 0.0149422
58833.690035 22.712314 0.013950444
0.0 0.0 0.0
0.0 0.0 0.0
0.0 0.0 0.0
58833.692334 22.724291 0.013943509
58833.692912 22.697324 0.013927132
58833.693482 22.688449 0.012948598
58833.694055 22.731263 0.014941989
0.0 0.0 0.0
58833.695214 22.702296 0.014948352
58833.695788 22.696451 0.014945387
58833.696709 22.711622 0.014930688
58833.697282 22.698082 0.014908681
58833.697854 22.703122 0.013939974
58833.698426 22.721803 0.015942233
58833.698997 22.69816 0.015928881
58833.699574 22.706208 0.014964598
58833.700162 22.725694 0.015966479
58833.700738 22.726367 0.015959275
58833.701314 22.69901 0.014967211
58833.701879 22.733078 0.017954566
58833.702433 22.736745 0.017972944
58833.702997 22.766949 0.015976634
58833.703569 22.738926 0.016977233
58833.704138 22.732742 0.015981221
58833.704693 22.718966 0.016972246
58833.705269 22.704203 0.014972
58833.705842 22.691942 0.014966852
58833.706416 22.730821 0.014960178
0.0 0.0 0.0
58833.70756 22.73762 0.016966695
58833.708139 22.713816 0.014972994
58833.708701 22.877114 0.015970611
0.0 0.0 0.0
58833.709837 22.688755 0.013955693
58833.710398 22.7314 0.015967694
0.0 0.0 0.0
58833.711531 22.725005 0.014958673
58833.712096 22.693269 0.015941141
0.0 0.0 0.0
58833.713245 22.6863 0.014943242
0.0 0.0 0.0
58833.71438 22.68247 0.012976659
58833.714942 22.716467 0.015958709
0.0 0.0 0.0
0.0 0.0 0.0
58833.716662 22.71188 0.015974642
0.0 0.0 0.0
58833.717786 22.70341 0.014957453
58833.718352 22.705127 0.014953011
58833.718933 22.692238 0.013954409
0.0 0.0 0.0
58833.720081 22.724267 0.013954174
58833.720652 22.704775 0.013966106
0.0 0.0 0.0
58833.721798 22.699562 0.013961672
58833.722365 22.773008 0.013974634
58833.722938 22.705082 0.013975295
58833.723517 22.697897 0.012977212
58833.724095 22.723339 0.014974726
58833.724659 22.691744 0.013953007
58833.725228 22.725456 0.013962394
0.0 0.0 0.0
58833.726369 22.702805 0.014929651
58833.726949 22.731579 0.014927485
58833.727521 22.694252 0.013907166
58833.728085 22.686619 0.012956291
0.0 0.0 0.0
58833.729226 22.693915 0.013954721
0.0 0.0 0.0
0.0 0.0 0.0
58833.730924 22.736559 0.014974817
58833.731502 22.709493 0.014962589
58833.732059 22.693073 0.013952502
58833.732632 22.72152 0.013955508
0.0 0.0 0.0
58833.733759 22.672023 0.014897553
58833.734321 22.699173 0.01392548
58833.734879 22.699348 0.015898244
58833.735444 22.723029 0.013887181
58833.736003 22.701754 0.013935072
58833.736571 22.691059 0.015860307
0.0 0.0 0.0
0.0 0.0 0.0
58833.738267 22.687132 0.014798356
0.0 0.0 0.0
58833.739382 22.700681 0.014893204
58833.739948 22.655753 0.013892332
58833.740522 22.693917 0.014859314
58833.741085 22.673518 0.014838697
58833.741647 22.704213 0.014910955
58833.742215 22.696954 0.013931653
58833.742788 22.695124 0.015842555
0.0 0.0 0.0
58833.743953 22.730948 0.015901695
58833.744526 22.701177 0.013925456
58833.745093 22.695568 0.013946046
58833.745664 22.686588 0.013937268
58833.746226 22.680699 0.014936239
58833.746789 22.707247 0.014939443
58833.747358 22.697341 0.013957546
58833.747921 22.695081 0.014950792
58833.748478 22.699461 0.013971283
0.0 0.0 0.0
58833.749599 22.734297 0.013973223
58833.750168 22.719538 0.013921829
58833.750733 22.651356 0.013924804
58833.751298 22.671754 0.014842882
0.0 0.0 0.0
58833.752416 22.696665 0.013930771
0.0 0.0 0.0
58833.753539 22.708543 0.013938507
58833.7541 22.693311 0.012955967
58833.754655 22.67509 0.012975107
58833.75523 22.695039 0.013972774
58833.755803 22.693683 0.013968716
58833.756377 22.675925 0.013967418
0.0 0.0 0.0
58833.757519 22.680981 0.012980236
58833.758074 22.712562 0.014957465
0.0 0.0 0.0
58833.759204 22.711837 0.014943426
58833.759765 22.680252 0.014958779
58833.760341 22.706167 0.013974354
58833.760921 22.683906 0.014963673
58833.761489 22.735661 0.015916953
58833.76205 22.68064 0.012971218
58833.762618 22.701978 0.014945731
58833.763196 22.699655 0.014969696
58833.763771 22.684694 0.013975265
0.0 0.0 0.0
58833.764904 22.711378 0.014981029
58833.765469 22.720476 0.015972675
58833.766035 22.691232 0.014972054
58833.766604 22.699201 0.015953823
58833.767179 22.692261 0.015967765
58833.767754 22.728059 0.016974526
58833.768337 22.690754 0.013973861
58833.768906 22.697957 0.01297999
58833.769468 22.687041 0.014965872
58833.770037 22.698786 0.015965718
58833.770609 22.69196 0.014967957
0.0 0.0 0.0
58833.77175 22.655626 0.015925525
58833.772312 22.663931 0.014898032
58833.772873 22.634019 0.015877491
58833.773436 22.681799 0.016860169
0.0 0.0 0.0
58833.774581 22.681305 0.015910416
58833.775149 22.701299 0.015906399
58833.775718 22.658311 0.014912971
58833.776274 22.7069 0.014938244
58833.776849 22.689306 0.014953709
58833.777425 22.668516 0.014947412
58833.777996 22.67069 0.014916739
58833.778564 22.696248 0.01495591
0.0 0.0 0.0
58833.779701 22.659292 0.014914234
58833.780275 22.688461 0.013945072
58833.780836 22.702502 0.01488952
58833.781394 22.712593 0.015915598
58833.781959 22.678262 0.013950785
58833.78252 22.663136 0.013958388
58833.783078 22.650584 0.014911312
58833.783656 22.672483 0.014929986
58833.784224 22.713347 0.01496228
58833.784791 22.657146 0.01493342
58833.785359 22.681372 0.013958369
58833.785923 22.692347 0.015964618
58833.786499 22.690731 0.01495751
58833.787075 22.67667 0.014956961
58833.787657 22.666218 0.01396103
0.0 0.0 0.0
58833.788815 22.679263 0.014964842
58833.789431 22.702093 0.014953536
58833.789993 22.69275 0.015959602
58833.790558 22.665826 0.012976809
58833.791114 22.674988 0.012978526
0.0 0.0 0.0
58833.792254 22.665774 0.012977493
58833.792819 22.680482 0.01198693
58833.793386 22.683627 0.013971831
58833.793945 22.668945 0.01197822
58833.794517 22.665897 0.012960733
0.0 0.0 0.0
58833.795646 22.673228 0.014970831
58833.796225 22.68143 0.012982692
58833.79679 22.685802 0.014981799
58833.797352 22.670652 0.013979945
58833.797908 22.697814 0.013984996
58833.798484 22.675991 0.01298769
58833.799061 22.662286 0.012979757
58833.799624 22.659858 0.012979638
58833.800185 22.686535 0.01298658
58833.800756 22.66736 0.012986709
58833.801313 22.663771 0.012969462
58833.801876 22.66276 0.012978283
58833.802443 22.671383 0.013974309
58833.803031 22.662346 0.012984985
58833.803608 22.667948 0.013975181
58833.804175 22.664772 0.011989938
58833.804741 22.697972 0.013983266
58833.805316 22.650854 0.013978545
58833.805876 22.657923 0.014971382
58833.806445 22.677078 0.012988838
58833.807016 22.669948 0.012984945
58833.807582 22.672713 0.014958269
58833.80816 22.638424 0.012981721
58833.808724 22.658931 0.012978711
58833.809281 22.660185 0.013974426
58833.809857 22.672573 0.012985416
58833.810432 22.661519 0.013981995
58833.811002 22.664848 0.013982409
58833.81157 22.671137 0.014980409
58833.812141 22.662219 0.013981755
58833.81271 22.669093 0.013984138
58833.813283 22.643106 0.011991841
58833.81385 22.656011 0.011990388
58833.814425 22.64657 0.011989634
58833.81499 22.663004 0.011992108
58833.815567 22.635875 0.013982809
58833.816133 22.676927 0.013984497
58833.816698 22.662512 0.01398478
58833.817289 22.65856 0.012985438
58833.817864 22.66313 0.013978037
58833.818429 22.637979 0.012975975
58833.819011 22.655242 0.013970424
58833.819573 22.648917 0.012981145
58833.820146 22.640924 0.012976119
58833.82073 22.645026 0.012978476
58833.821295 22.663197 0.012982856
58833.821869 22.644547 0.012985812
58833.822431 22.642798 0.013977655
58833.822986 22.657094 0.012983437
58833.823546 22.642478 0.013964504
58833.824122 22.656867 0.013978915
58833.82469 22.645553 0.014975044
58833.82527 22.665914 0.013975383
58833.825842 22.66859 0.014973122
58833.826414 22.629266 0.013969701
58833.826987 22.642272 0.014946818
58833.827559 22.638601 0.012973124
0.0 0.0 0.0
58833.828694 22.647096 0.01297629
58833.829263 22.655744 0.012981566
58833.829826 22.644156 0.012983936
58833.830398 22.622109 0.012962052
58833.830961 22.637797 0.01198454
58833.831526 22.656932 0.013976343
58833.832097 22.660011 0.013978633
58833.83267 22.64541 0.013976876
58833.833228 22.655434 0.014972833
58833.833798 22.650835 0.01198624
58833.834371 22.646412 0.013964707
58833.834936 22.653959 0.012982404
58833.83551 22.649596 0.012983749
58833.836083 22.639392 0.012978969
58833.836648 22.642843 0.01495283
58833.837231 22.667534 0.012974483
58833.837806 22.643363 0.011978083
58833.83839 22.63504 0.011975351
0.0 0.0 0.0
58833.839512 22.632928 0.011980855
58833.840078 22.62882 0.01297637
58833.840638 22.608128 0.013952373
58833.841214 22.627867 0.013968884
58833.841784 22.62851 0.01198588
58833.842354 22.668072 0.013978402
58833.842932 22.615282 0.01198246
58833.8435 22.653364 0.012982296
58833.844068 22.656753 0.014966858
58833.84464 22.641958 0.013951497
58833.845192 22.646599 0.014970306
58833.845764 22.652793 0.013980885
58833.846315 22.655938 0.013985863
58833.846882 22.640167 0.012983309
58833.847447 22.649537 0.012986382
58833.848017 22.661232 0.014980817
58833.848583 22.642616 0.013976596
58833.849139 22.641814 0.012979472
58833.849713 22.626678 0.012979568
58833.850286 22.64113 0.011989872
