HJD mag magerr
58833.526351 25.16653 0.16677271
58833.526938 25.111369 0.14563255
58833.527497 25.092691 0.12182654
58833.528073 25.074487 0.12268185
58833.52864 25.190482 0.097827617
58833.529223 25.156811 0.12461406
58833.529794 25.219158 0.1346121
58833.530369 24.965823 0.078757402
58833.530936 24.999031 0.064898107
58833.531508 25.079471 0.05689017
58833.532068 25.074108 0.056906486
58833.532639 24.963549 0.052896095
58833.533201 24.945663 0.049932436
58833.533765 24.977383 0.047937938
58833.534319 25.083642 0.061727885
58833.534878 25.098599 0.052810162
58833.535457 25.022559 0.050833289
58833.536022 24.952126 0.041926613
58833.536586 24.904358 0.036943397
58833.537148 24.943252 0.038937383
58833.537706 24.963356 0.042886382
58833.538275 25.00361 0.036928936
58833.538843 24.93518 0.036932643
58833.539403 25.013106 0.033933822
58833.539961 24.982315 0.032945443
58833.540691 24.976745 0.0339632
58833.54127 25.012259 0.03393101
58833.541834 24.976391 0.031947118
58833.542384 24.986006 0.03494145
58833.542946 24.952841 0.030937719
58833.543507 24.969959 0.029954354
58833.544071 24.936739 0.025972743
58833.544644 24.952962 0.027965848
58833.545206 25.00549 0.031940452
58833.545767 25.011124 0.029954577
58833.54634 24.928443 0.029963892
58833.546924 24.999703 0.031946565
58833.547488 25.065297 0.032940339
58833.548053 24.957412 0.030946302
58833.548633 24.911975 0.024966225
58833.549203 24.923682 0.027960955
58833.549779 24.974018 0.03095837
58833.550355 24.973411 0.029945581
58833.550911 24.95381 0.028937409
58833.551466 24.950793 0.030943978
58833.552025 24.97848 0.033918926
58833.552609 24.978588 0.035917811
58833.553172 24.895958 0.031947153
58833.553736 25.014925 0.028955163
58833.554298 24.973185 0.02696778
58833.554862 24.947157 0.030965178
58833.55542 24.936631 0.027978079
58833.556007 24.997579 0.031981087
58833.556565 24.951006 0.030979293
58833.557125 24.959076 0.029974921
58833.557676 24.935059 0.033980087
58833.558245 24.976408 0.032964544
58833.558811 25.001491 0.032948403
58833.559373 24.975237 0.033938088
58833.559928 25.063963 0.03786781
58833.560497 24.977557 0.045804233
58833.561052 25.009311 0.034913761
58833.561629 25.000233 0.039907299
58833.562183 24.954503 0.033945337
58833.562742 24.974149 0.028950926
58833.563315 24.970017 0.031951506
58833.563889 25.071797 0.0428383
58833.564461 25.050277 0.039771864
58833.565019 25.031862 0.026963971
58833.565576 24.942639 0.020989567
58833.566153 25.084409 0.032931678
58833.566722 25.012002 0.029946106
58833.56729 24.936705 0.029943902
58833.56785 24.935882 0.032911422
58833.568406 25.03475 0.025976002
58833.568961 24.93912 0.023976988
58833.569533 24.949144 0.022982758
58833.570095 24.966323 0.024974189
58833.57065 24.961482 0.023985075
58833.57121 24.984783 0.025975134
58833.571768 24.997466 0.02497651
58833.572322 24.957543 0.025970913
58833.572898 24.974464 0.026961744
58833.573468 24.998253 0.03086648
58833.574037 25.015161 0.033901925
58833.574593 24.953075 0.028913861
58833.575159 25.059527 0.046728681
58833.575726 25.085156 0.03780992
58833.576286 25.019468 0.034852511
58833.576839 24.952331 0.031879768
58833.577403 24.986476 0.028954852
58833.577964 24.961116 0.027960354
58833.578544 24.930771 0.028939702
58833.579114 24.99274 0.02995847
58833.579688 24.94822 0.030922244
58833.580238 24.98079 0.032911178
58833.58081 24.99925 0.030925368
58833.581375 24.874214 0.031815135
58833.581944 24.972095 0.032912797
58833.582509 24.969521 0.027949745
58833.58308 25.026605 0.033912472
58833.583647 24.983991 0.03587543
58833.584215 25.010536 0.043788776
58833.584762 24.942412 0.030896219
58833.585316 25.081013 0.037858004
58833.585886 24.991191 0.027926857
58833.586442 25.006513 0.028936231
58833.587001 25.02095 0.032922697
58833.587566 25.068813 0.043868043
58833.58814 25.03533 0.041893754
58833.588711 24.943299 0.023970409
58833.589285 25.057694 0.029944566
58833.589857 25.225737 0.038778365
58833.590423 24.990982 0.043773415
58833.590994 25.210091 0.047804929
58833.591559 25.01776 0.054736534
58833.592112 24.987018 0.049762773
58833.592665 25.098098 0.055743697
58833.593224 25.01708 0.05181976
58833.593796 25.072419 0.060824057
58833.594369 25.025698 0.069526434
58833.59492 25.044219 0.057756232
58833.595528 25.059224 0.048788336
58833.596082 25.028575 0.04486537
58833.596665 25.025704 0.044865616
58833.597231 24.90138 0.03784173
58833.597797 24.940239 0.031915012
58833.59838 25.01478 0.029951492
58833.598947 24.994714 0.030940459
58833.599512 24.980178 0.034921517
58833.60009 24.973975 0.031942691
58833.600655 24.982684 0.032949124
58833.601221 24.975339 0.032925879
58833.601788 25.006407 0.03494814
58833.602358 24.960453 0.030935534
58833.602926 24.995916 0.036900865
58833.60349 25.046357 0.045818484
58833.604047 24.948782 0.031929522
58833.604615 24.956309 0.034892539
58833.605171 25.057501 0.044836186
58833.605736 24.966664 0.041891753
58833.606292 24.98307 0.038893483
58833.606846 25.044861 0.04086943
58833.607409 25.017398 0.040885241
58833.607972 24.981683 0.039912473
58833.608554 24.922251 0.04185564
58833.609122 25.009471 0.042901784
58833.609691 24.934722 0.039844803
58833.61027 24.898504 0.032900053
58833.610843 24.950318 0.034895088
58833.611415 25.026823 0.033879536
58833.611993 24.953245 0.03486195
58833.612577 25.031765 0.035856471
58833.613137 24.98127 0.036858991
58833.613696 25.106876 0.039836096
58833.614278 25.032413 0.033880114
58833.614853 25.00918 0.036814275
58833.615407 24.964039 0.037849345
58833.615983 25.005102 0.03787586
58833.616534 25.052609 0.032907313
58833.617093 24.974776 0.038898449
58833.617655 25.014365 0.034929387
58833.618216 24.952158 0.03493435
58833.618781 24.982051 0.036941539
58833.619336 24.980107 0.035931061
58833.619908 25.033643 0.037919593
58833.620489 25.016676 0.032927599
58833.621073 24.981969 0.031937708
58833.621643 25.056754 0.038907798
58833.622212 24.966297 0.031920856
58833.622786 24.96956 0.041883212
58833.623339 25.003186 0.037928818
58833.623898 24.928107 0.036914577
58833.624467 24.998081 0.034936523
58833.625042 24.941671 0.031926672
58833.625625 25.004512 0.029935121
58833.626195 24.95723 0.029944912
58833.626758 24.978993 0.031899094
58833.627345 24.994094 0.032958504
58833.627901 24.962396 0.032958286
58833.628481 24.970126 0.032959471
58833.629058 24.985234 0.030956298
58833.629625 25.012466 0.030960174
58833.630194 24.95745 0.03096101
58833.630754 24.967832 0.029966204
58833.631339 24.969284 0.03390703
58833.631919 24.95474 0.040811228
58833.632476 25.072231 0.044837337
58833.633035 25.046575 0.039886214
58833.633609 24.990341 0.038877808
58833.634176 25.011541 0.04992356
58833.63477 25.008264 0.038907741
58833.63533 24.970054 0.034949525
58833.635896 24.953396 0.032923881
58833.636454 24.940415 0.029964568
58833.637031 25.01356 0.034894385
58833.637603 24.944952 0.032941754
58833.638178 24.968964 0.03390588
58833.638751 24.942869 0.031960018
58833.639317 24.975339 0.034956932
58833.639885 24.944243 0.031961338
58833.640451 24.930156 0.029978993
58833.641017 24.945963 0.026976999
58833.641587 24.934745 0.03196063
58833.642165 24.961389 0.033964514
58833.642733 25.027535 0.031964127
58833.643298 24.961726 0.035958266
58833.643881 24.953198 0.03194818
58833.644463 24.971944 0.029978331
58833.645038 24.949646 0.030966363
58833.645621 24.988913 0.033944528
58833.646196 24.980449 0.031946731
58833.646775 24.930225 0.02996403
58833.647352 24.939081 0.031967331
58833.647947 24.951575 0.032940259
58833.648518 24.978991 0.034979588
58833.649091 24.98476 0.03096901
58833.649661 24.917211 0.030976791
58833.650234 24.986044 0.031976547
58833.650812 24.94217 0.033970022
58833.651385 24.930476 0.033963258
58833.651942 24.960682 0.03396386
58833.652501 24.942075 0.031974598
58833.653051 25.030797 0.031979901
58833.653627 24.951309 0.028976493
58833.654196 24.961232 0.035960054
58833.654761 24.910452 0.030968119
58833.655332 24.948961 0.034974945
58833.655903 24.958097 0.032978676
58833.656459 24.932215 0.030979226
58833.657018 25.005974 0.030982249
58833.657575 24.990597 0.033982308
58833.658134 24.971494 0.034974777
58833.658729 24.909839 0.031964894
58833.659291 24.969365 0.031969558
58833.659866 24.971443 0.030981389
58833.660428 24.929716 0.031965307
58833.660996 24.943136 0.034966773
58833.661568 24.941383 0.034965525
58833.662129 24.95132 0.036948809
58833.662686 24.952034 0.039942477
58833.663254 24.938282 0.034977798
58833.663845 25.011097 0.04392147
58833.664399 24.947428 0.038961713
58833.664959 25.013006 0.040977398
58833.66553 24.967909 0.040972654
58833.666087 24.965154 0.035980179
58833.666661 24.929857 0.029981813
58833.66724 24.993531 0.028985542
58833.667808 24.951138 0.030982929
58833.668374 24.959282 0.03397973
58833.66894 24.961607 0.035974241
58833.669515 24.944946 0.035971343
58833.670105 24.986817 0.03896359
58833.670664 24.956058 0.036961979
58833.671231 24.949626 0.038966015
58833.671792 24.93735 0.038961117
58833.672357 24.956731 0.040962116
58833.672921 24.970806 0.042959339
58833.6735 24.92179 0.036975304
58833.674063 24.940885 0.037978448
58833.674632 24.940181 0.037960481
58833.675223 24.938853 0.04390947
58833.67579 24.994046 0.042950593
58833.67635 25.034708 0.041942307
58833.676916 24.988602 0.040961607
58833.677484 25.008078 0.047954753
58833.678056 24.998326 0.048949272
58833.678616 25.008313 0.054853912
58833.679182 25.006866 0.052872644
58833.679761 24.992068 0.060802144
58833.680323 25.112778 0.080595506
58833.680894 25.116127 0.064804996
58833.681455 25.069421 0.069677982
58833.68202 25.031062 0.060787101
58833.682591 25.042783 0.063781228
58833.683157 25.010614 0.060879814
58833.683728 25.080361 0.062866814
58833.68429 24.989165 0.060776205
58833.684864 24.99057 0.049923304
58833.685427 25.06643 0.052915637
58833.686006 24.948672 0.04889024
58833.68663 24.928072 0.045949525
58833.687197 24.963917 0.045964237
58833.687766 24.987865 0.046952741
58833.688335 24.95283 0.046961019
58833.6889 25.101052 0.053948726
58833.689473 24.983705 0.046944071
58833.690035 24.94334 0.042943645
58833.690606 25.010335 0.0499195
58833.691182 25.004973 0.042953065
58833.691769 24.958629 0.046933492
58833.692334 25.003904 0.052891138
58833.692912 24.976743 0.04891922
58833.693482 24.949104 0.037936318
58833.694055 24.981574 0.04493731
58833.694629 24.989396 0.047959033
58833.695214 25.010842 0.047952488
58833.695788 24.950517 0.045946428
58833.696709 24.998645 0.050946145
58833.697282 24.974398 0.053908764
58833.697854 24.981369 0.049927985
58833.698426 24.942278 0.049946457
58833.698997 25.00582 0.061931794
58833.699574 24.980425 0.048964276
58833.700162 24.948895 0.044968979
58833.700738 24.924507 0.048956761
58833.701314 24.991078 0.04895719
58833.701879 24.953265 0.061960618
58833.702433 24.96289 0.04397427
58833.702997 25.03244 0.040976969
58833.703569 24.967664 0.043964475
58833.704138 24.979686 0.045979728
58833.704693 24.963688 0.040975182
58833.705269 24.959417 0.047964966
58833.705842 25.008254 0.048953338
58833.706416 25.029428 0.053941996
58833.706995 24.997402 0.049973226
58833.70756 24.956938 0.048958732
58833.708139 24.914491 0.037962423
58833.708701 24.965495 0.043969049
58833.709269 24.991633 0.044969487
58833.709837 24.971789 0.042967072
58833.710398 24.92038 0.039970962
58833.710961 24.966016 0.042937284
58833.711531 24.991672 0.046956033
58833.712096 24.930712 0.048952398
58833.712678 24.964018 0.041950525
58833.713245 24.971455 0.044958856
58833.713811 24.937722 0.0399614
58833.71438 24.944767 0.039968349
58833.714942 25.012823 0.039962862
58833.715515 24.943451 0.040960917
58833.716099 25.011938 0.039973687
58833.716662 24.93626 0.04197509
58833.717217 25.002437 0.040972282
58833.717786 24.96514 0.042960108
58833.718352 24.928428 0.040953566
58833.718933 24.939253 0.040959443
58833.719515 24.975934 0.045956109
58833.720081 24.982775 0.048944942
58833.720652 24.986531 0.044959281
58833.721229 24.990106 0.042948162
58833.721798 24.967663 0.043947943
58833.722365 25.034522 0.044955621
58833.722938 24.946862 0.03597315
58833.723517 24.969107 0.042957184
58833.724095 24.900346 0.035964328
58833.724659 24.968969 0.042959289
58833.725228 24.959046 0.040961068
58833.725794 24.957592 0.039961166
58833.726369 25.004539 0.04194183
58833.726949 24.982816 0.045924053
58833.727521 25.008465 0.047889343
58833.728085 24.947294 0.046909776
58833.728659 24.978422 0.042945165
58833.729226 24.944184 0.040947539
58833.729803 24.932707 0.03796227
58833.730359 24.892827 0.038951162
58833.730924 24.966376 0.036963251
58833.731502 24.939765 0.041959484
58833.732059 25.002195 0.048895972
58833.732632 24.979078 0.048939143
58833.733194 25.036294 0.047916204
58833.733759 24.938312 0.047874763
58833.734321 24.98438 0.048910953
58833.734879 25.033405 0.054891839
58833.735444 24.982002 0.061842574
58833.736003 24.966905 0.061861092
58833.736571 24.974995 0.066854556
58833.737136 25.016331 0.059857933
58833.737691 24.943215 0.053900733
58833.738267 25.064155 0.064780878
58833.738823 25.002478 0.053878387
58833.739382 24.925661 0.053895914
58833.739948 25.027141 0.063835685
58833.740522 25.013676 0.060842279
58833.741085 24.945013 0.062807837
58833.741647 24.927985 0.049900538
58833.742215 25.008462 0.052921341
58833.742788 25.049168 0.053838884
58833.743365 24.967601 0.053896382
58833.743953 25.008901 0.058884889
58833.744526 24.950866 0.04990989
58833.745093 24.997364 0.047938737
58833.745664 24.958042 0.049923284
58833.746226 24.918645 0.045935085
58833.746789 24.90857 0.043934774
58833.747358 24.983197 0.039952668
58833.747921 25.002401 0.048946152
58833.748478 24.952116 0.038954286
58833.749035 24.970673 0.041952678
58833.749599 24.930103 0.039950154
58833.750168 25.043929 0.049900769
58833.750733 24.974113 0.047909942
58833.751298 25.076276 0.051863018
58833.751854 25.008386 0.05587176
58833.752416 25.05566 0.048913735
58833.752988 25.057721 0.046919568
58833.753539 25.014555 0.046928424
58833.7541 24.991362 0.041937504
58833.754655 24.957921 0.041952193
58833.75523 24.987602 0.041967236
58833.755803 25.024855 0.049941427
58833.756377 25.011723 0.045943765
58833.756948 24.911087 0.037968142
58833.757519 25.016533 0.048970645
58833.758074 24.99898 0.049966131
58833.758639 24.98077 0.053923648
58833.759204 25.073133 0.064909952
58833.759765 24.96919 0.052958511
58833.760341 24.990615 0.052959277
58833.760921 25.089986 0.057959391
58833.761489 25.009286 0.063923059
58833.76205 25.010483 0.052961264
58833.762618 24.997201 0.054946411
58833.763196 24.947057 0.040957982
58833.763771 24.941022 0.041974951
58833.764345 24.920603 0.042967727
58833.764904 24.953893 0.048972747
58833.765469 24.975312 0.049979901
58833.766035 24.933131 0.044970747
58833.766604 24.916671 0.04995224
58833.767179 24.86538 0.044974635
58833.767754 24.963632 0.044973889
58833.768337 24.951404 0.046966277
58833.768906 24.973918 0.046969402
58833.769468 25.036529 0.052947885
58833.770037 25.000422 0.049963436
58833.770609 24.984825 0.051956552
58833.771176 24.993925 0.058901862
58833.77175 25.062076 0.061924313
58833.772312 24.993939 0.06490192
58833.772873 25.073537 0.073880163
58833.773436 25.028303 0.076848025
58833.774013 24.872867 0.068866449
58833.774581 25.000715 0.06590828
58833.775149 24.894998 0.063904851
58833.775718 25.012909 0.069906898
58833.776274 25.019038 0.062934404
58833.776849 24.935057 0.060947471
58833.777425 24.949847 0.067943413
58833.777996 24.942741 0.065921577
58833.778564 24.943326 0.060942627
58833.779126 25.072707 0.067928081
58833.779701 25.070778 0.067926439
58833.780275 25.00285 0.057939119
58833.780836 25.022341 0.070855231
58833.781394 24.986769 0.070855436
58833.781959 25.055458 0.06293316
58833.78252 24.961264 0.061945858
58833.783078 24.917785 0.059899302
58833.783656 24.995156 0.055916794
58833.784224 25.083012 0.066946561
58833.784791 25.018306 0.055951488
58833.785359 24.960004 0.047956327
58833.785923 24.994628 0.045965537
58833.786499 24.874831 0.046950648
58833.787075 24.950068 0.052955761
58833.787657 25.001198 0.057955826
58833.788243 24.952721 0.049952582
58833.788815 24.957933 0.047963313
58833.789431 24.949514 0.04596963
58833.789993 24.951417 0.049960736
58833.790558 24.925982 0.044974407
58833.791114 25.015164 0.055952601
58833.791692 24.925897 0.04197086
58833.792254 24.954581 0.04595283
58833.792819 24.959833 0.039965694
58833.793386 24.986455 0.041955185
58833.793945 24.996093 0.043961946
58833.794517 24.943386 0.044965803
58833.79508 24.975886 0.041965884
58833.795646 24.979754 0.04096959
58833.796225 24.912031 0.037965404
58833.79679 24.978476 0.043977796
58833.797352 24.961531 0.033983245
58833.797908 24.965146 0.036977286
58833.798484 24.905769 0.037979273
58833.799061 24.992372 0.039974581
58833.799624 24.969874 0.041971672
58833.800185 24.940612 0.038976249
58833.800756 25.030068 0.045961148
58833.801313 24.991553 0.040968922
58833.801876 24.951271 0.037971038
58833.802443 25.016146 0.044955445
58833.803031 25.010664 0.04597892
58833.803608 24.991334 0.03897218
58833.804175 24.926387 0.035980041
58833.804741 25.007795 0.042978469
58833.805316 24.996149 0.039977815
58833.805876 25.042965 0.049970474
58833.806445 25.011835 0.043981381
58833.807016 24.966953 0.040977187
58833.807582 25.011892 0.046962244
58833.80816 24.992959 0.042976426
58833.808724 24.97194 0.042977976
58833.809281 24.931144 0.03797346
58833.809857 24.932317 0.046977414
58833.810432 24.952755 0.045970661
58833.811002 24.945498 0.047975266
58833.81157 24.911395 0.043979797
58833.812141 24.943664 0.043979447
58833.81271 24.948707 0.039981605
58833.813283 24.937615 0.038983372
58833.81385 24.991507 0.038982567
58833.814425 24.943265 0.039981765
58833.81499 24.967429 0.037982604
58833.815567 25.039158 0.047978507
58833.816133 24.971119 0.040977794
58833.816698 25.008732 0.050957154
58833.817289 24.97623 0.040970277
58833.817864 24.979363 0.04196509
58833.818429 24.994026 0.04796588
58833.819011 24.980136 0.048965965
58833.819573 24.873566 0.043974781
58833.820146 24.917471 0.039962225
58833.82073 24.939103 0.039970043
58833.821295 24.930151 0.039969933
58833.821869 24.978015 0.054968338
58833.822431 25.01411 0.049975401
58833.822986 24.920106 0.049977363
58833.823546 24.956628 0.053960471
58833.824122 24.966359 0.050958664
58833.82469 24.955948 0.056973443
58833.82527 24.925687 0.053975857
58833.825842 24.924587 0.051971989
58833.826414 24.964518 0.055957367
58833.826987 24.902379 0.047960215
58833.827559 24.91779 0.046965777
58833.828123 25.015659 0.054971514
58833.828694 24.988104 0.045957043
58833.829263 24.938181 0.042965631
58833.829826 24.99632 0.043955179
58833.830398 24.993839 0.04796506
58833.830961 24.942293 0.039967526
58833.831526 24.998866 0.037957825
58833.832097 24.980163 0.040972925
58833.83267 24.90902 0.035968038
58833.833228 24.972546 0.041967436
58833.833798 24.966882 0.039974158
58833.834371 24.990165 0.04895397
58833.834936 24.974483 0.040973664
58833.83551 24.966528 0.042970879
58833.836083 24.942627 0.041969437
58833.836648 25.081627 0.049970553
58833.837231 24.901963 0.039971361
58833.837806 25.086311 0.04993623
58833.83839 25.095443 0.050951379
58833.838952 25.090589 0.053934859
58833.839512 24.867446 0.044964239
58833.840078 24.935227 0.052954482
58833.840638 24.988864 0.045968091
58833.841214 24.960631 0.046966448
58833.841784 24.976092 0.045974437
58833.842354 24.884781 0.043971171
58833.842932 24.933663 0.043968042
58833.8435 24.949422 0.043971234
58833.844068 24.931738 0.044972467
58833.84464 24.970457 0.044970864
58833.845192 25.000928 0.046976003
58833.845764 24.937165 0.041978317
58833.846315 24.924884 0.044978328
58833.846882 24.950146 0.048980969
58833.847447 25.12673 0.059968182
58833.848017 25.015924 0.061976348
58833.848583 24.93953 0.054970718
58833.849139 24.926923 0.057973586
58833.849713 24.950477 0.053962357
58833.850286 24.955412 0.053977203
