HJD mag magerr
58833.526351 21.120489 0.011923525
58833.526938 21.156207 0.011868618
58833.527497 21.15423 0.010972348
58833.528073 21.184472 0.010927556
58833.52864 21.16427 0.010956291
58833.529223 21.220739 0.012683117
58833.529794 21.223112 0.01179728
58833.530369 21.097505 0.011883723
58833.530936 21.138492 0.01095737
58833.531508 21.15332 0.011948863
58833.532068 21.144001 0.010973984
58833.532639 21.17311 0.011908345
58833.533201 21.133561 0.01097647
58833.533765 21.138687 0.0099999998
58833.534319 21.108526 0.011900349
58833.534878 21.205777 0.01093607
58833.535457 21.185765 0.010953292
58833.536022 21.1467 0.010983926
58833.536586 21.148785 0.01098566
58833.537148 21.150221 0.010986903
58833.537706 21.146967 0.011945258
58833.538275 21.152119 0.0099999998
58833.538843 21.143763 0.010986849
58833.539403 21.172663 0.010977539
58833.539961 21.174071 0.010961434
58833.540691 21.150915 0.010985539
58833.54127 21.133729 0.010986822
58833.541834 21.151952 0.0099999998
58833.542384 21.143636 0.0099999998
58833.542946 21.149018 0.010980136
58833.543507 21.148296 0.0099999998
58833.544071 21.141947 0.010992206
58833.544644 21.152373 0.0099999998
58833.545206 21.149018 0.011977173
58833.545767 21.143406 0.0099999998
58833.54634 21.153886 0.010992621
58833.546924 21.134714 0.01098631
58833.547488 21.170653 0.0099999998
58833.548053 21.212816 0.01098382
58833.548633 21.124527 0.011984939
58833.549203 21.148299 0.01098796
58833.549779 21.139263 0.0099999998
58833.550355 21.144957 0.0099999998
58833.550911 21.152122 0.010986274
58833.551466 21.15065 0.010981237
58833.552025 21.144451 0.01097909
58833.552609 21.109989 0.011968342
58833.553172 21.105259 0.011974284
58833.553736 21.147393 0.011969055
58833.554298 21.120329 0.010993668
58833.554862 21.145813 0.0099999998
58833.55542 21.143912 0.01198833
58833.556007 21.14637 0.010996234
58833.556565 21.13588 0.011992573
58833.557125 21.156251 0.010992989
58833.557676 21.137954 0.0099999998
58833.558245 21.138038 0.010990174
58833.558811 21.15955 0.010990417
58833.559373 21.153803 0.010975149
58833.559928 21.169602 0.010956278
58833.560497 21.194512 0.010928864
58833.561052 21.176115 0.010974591
58833.561629 21.064838 0.010972996
58833.562183 21.160727 0.010977444
58833.562742 21.168142 0.0099999998
58833.563315 21.148334 0.01098916
58833.563889 21.17591 0.0099999998
58833.564461 21.189725 0.010933523
58833.565019 21.191976 0.0099999998
58833.565576 21.147341 0.0099999998
58833.566153 21.19061 0.011974664
58833.566722 21.092842 0.012960509
58833.56729 21.178545 0.011979065
58833.56785 21.109596 0.0109858
58833.568406 21.114642 0.010993484
58833.568961 21.169348 0.0099999998
58833.569533 21.156225 0.01099138
58833.570095 21.136159 0.011990758
58833.57065 21.130266 0.010997006
58833.57121 21.151179 0.01099156
58833.571768 21.150344 0.010989095
58833.572322 21.158561 0.010994022
58833.572898 21.156522 0.010989539
58833.573468 21.175771 0.010972887
58833.574037 21.172433 0.011963746
58833.574593 21.180669 0.0099999998
58833.575159 21.219179 0.011844168
58833.575726 21.181274 0.0099999998
58833.576286 21.220143 0.0099999998
58833.576839 21.169311 0.0109688
58833.577403 21.153995 0.010980885
58833.577964 21.146519 0.011970692
58833.578544 21.110247 0.010987816
58833.579114 21.171853 0.011949424
58833.579688 21.160445 0.01097612
58833.580238 21.154017 0.010969402
58833.58081 21.180798 0.010965793
58833.581375 21.120753 0.010957959
58833.581944 21.115786 0.0099999998
58833.582509 21.142307 0.0099999998
58833.58308 21.127239 0.012948199
58833.583647 21.177919 0.010955169
58833.584215 21.162345 0.011935281
58833.584762 21.205395 0.010980424
58833.585316 21.203984 0.010973136
58833.585886 21.148105 0.010985406
58833.586442 21.183204 0.0099999998
58833.587001 21.200054 0.011916507
58833.587566 21.205505 0.010962669
58833.58814 21.185972 0.010950007
58833.588711 21.163203 0.0099999998
58833.589285 21.185488 0.010992499
58833.589857 21.280792 0.010938093
58833.590423 21.099907 0.011867223
58833.590994 21.129846 0.011931823
58833.591559 21.21554 0.0099999998
58833.592112 21.16747 0.0099999998
58833.592665 21.200567 0.010927985
58833.593224 21.242883 0.011859319
58833.593796 21.163478 0.010967106
58833.594369 21.102078 0.010921626
58833.59492 21.184824 0.010934365
58833.595528 21.172706 0.011921335
58833.596082 21.14726 0.0099999998
58833.596665 21.170425 0.010970237
58833.597231 21.141439 0.011933183
58833.597797 21.171798 0.010972324
58833.59838 21.166062 0.010976976
58833.598947 21.13974 0.010981466
58833.599512 21.152077 0.010975444
58833.60009 21.14535 0.011976068
58833.600655 21.159945 0.010984769
58833.601221 21.135432 0.0099999998
58833.601788 21.163525 0.0099999998
58833.602358 21.151081 0.010979763
58833.602926 21.151828 0.0099999998
58833.60349 21.16419 0.01094798
58833.604047 21.160873 0.01098061
58833.604615 21.162801 0.010968994
58833.605171 21.116245 0.011951056
58833.605736 21.152308 0.010968752
58833.606292 21.17202 0.0099999998
58833.606846 21.178068 0.010962295
58833.607409 21.170683 0.0099999998
58833.607972 21.196964 0.011931063
58833.608554 21.130984 0.010959281
58833.609122 21.174663 0.010965789
58833.609691 21.151217 0.0099999998
58833.61027 21.1672 0.010970312
58833.610843 21.145919 0.010969028
58833.611415 21.174683 0.010928066
58833.611993 21.14569 0.010962097
58833.612577 21.154579 0.0099999998
58833.613137 21.201159 0.010960999
58833.613696 21.149435 0.0099999998
58833.614278 21.161595 0.0099999998
58833.614853 21.168338 0.0099999998
58833.615407 21.157421 0.011881495
58833.615983 21.156278 0.010963366
58833.616534 21.268843 0.011920117
58833.617093 21.17614 0.011947052
58833.617655 21.164713 0.010975929
58833.618216 21.142182 0.010974398
58833.618781 21.146567 0.0099999998
58833.619336 21.142893 0.010978081
58833.619908 21.153203 0.01097511
58833.620489 21.142049 0.010978051
58833.621073 21.167546 0.01097689
58833.621643 21.176521 0.010944939
58833.622212 21.157165 0.01097629
58833.622786 21.17937 0.011899583
58833.623339 21.169404 0.0099999998
58833.623898 21.140848 0.011960019
58833.624467 21.161956 0.010979894
58833.625042 21.156078 0.01097623
58833.625625 21.145607 0.0099999998
58833.626195 21.132583 0.01098377
58833.626758 21.156493 0.010979196
58833.627345 21.154432 0.0099999998
58833.627901 21.149015 0.0099999998
58833.628481 21.13722 0.011977428
58833.629058 21.147718 0.0099999998
58833.629625 21.154273 0.010987342
58833.630194 21.146416 0.010987956
58833.630754 21.13089 0.010991298
58833.631339 21.118832 0.010982252
58833.631919 21.167453 0.010955633
58833.632476 21.130099 0.010955671
58833.633035 21.194951 0.010953548
58833.633609 21.160744 0.01097281
58833.634176 21.136704 0.010984349
58833.63477 21.159684 0.01192452
58833.63533 21.128027 0.0099999998
58833.635896 21.152746 0.010980438
58833.636454 21.146301 0.010985159
58833.637031 21.167272 0.010958656
58833.637603 21.156472 0.011951526
58833.638178 21.180045 0.010961807
58833.638751 21.147002 0.0109867
58833.639317 21.138257 0.0099999998
58833.639885 21.144047 0.0099999998
58833.640451 21.138615 0.0099999998
58833.641017 21.143821 0.010990151
58833.641587 21.141684 0.0109916
58833.642165 21.145383 0.0099999998
58833.642733 21.156377 0.0099999998
58833.643298 21.154395 0.01197874
58833.643881 21.15379 0.0099999998
58833.644463 21.147396 0.010989999
58833.645038 21.150928 0.010988879
58833.645621 21.156406 0.011966128
58833.646196 21.154227 0.010976727
58833.646775 21.142448 0.0099999998
58833.647352 21.147293 0.010992954
58833.647947 21.151551 0.0099999998
58833.648518 21.143432 0.0099999998
58833.649091 21.151707 0.011966483
58833.649661 21.150795 0.01099372
58833.650234 21.13629 0.010993912
58833.650812 21.148284 0.0099999998
58833.651385 21.148941 0.011963829
58833.651942 21.158746 0.010988106
58833.652501 21.143268 0.0099999998
58833.653051 21.14606 0.012965112
58833.653627 21.134177 0.010993667
58833.654196 21.144531 0.010987501
58833.654761 21.153963 0.0099999998
58833.655332 21.142715 0.010988863
58833.655903 21.147565 0.010990476
58833.656459 21.132286 0.010994602
58833.657018 21.146185 0.010992131
58833.657575 21.138008 0.010994013
58833.658134 21.139085 0.010992689
58833.658729 21.132339 0.011983019
58833.659291 21.135749 0.0099999998
58833.659866 21.12661 0.010994087
58833.660428 21.158882 0.0099999998
58833.660996 21.140106 0.011983096
58833.661568 21.136145 0.010991536
58833.662129 21.141876 0.010988863
58833.662686 21.141208 0.0099999998
58833.663254 21.141724 0.0099999998
58833.663845 21.160318 0.010985141
58833.664399 21.135847 0.011980731
58833.664959 21.127707 0.010993718
58833.66553 21.144962 0.010994747
58833.666087 21.133197 0.010996462
58833.666661 21.139486 0.010995104
58833.66724 21.135945 0.011993129
58833.667808 21.142685 0.010994965
58833.668374 21.140108 0.0099999998
58833.66894 21.147622 0.0099999998
58833.669515 21.139223 0.011990693
58833.670105 21.123569 0.010991893
58833.670664 21.138318 0.010987815
58833.671231 21.146595 0.010991509
58833.671792 21.139074 0.0099999998
58833.672357 21.15138 0.0099999998
58833.672921 21.142235 0.010987247
58833.6735 21.124619 0.010995594
58833.674063 21.138716 0.010994519
58833.674632 21.158002 0.0099999998
58833.675223 21.166175 0.010965344
58833.67579 21.136375 0.011976721
58833.67635 21.149587 0.010982274
58833.676916 21.151265 0.010991752
58833.677484 21.146885 0.010989533
58833.678056 21.142143 0.010987339
58833.678616 21.144396 0.010959409
58833.679182 21.1481 0.011926221
58833.679761 21.137268 0.010961361
58833.680323 21.1728 0.010864801
58833.680894 21.177118 0.0099999998
58833.681455 21.15164 0.010893411
58833.68202 21.1856 0.010919359
58833.682591 21.147717 0.011848764
58833.683157 21.165169 0.010965441
58833.683728 21.169458 0.0099999998
58833.68429 21.151252 0.012844227
58833.684864 21.143506 0.011963736
58833.685427 21.156353 0.010978279
58833.686006 21.174008 0.010957361
58833.68663 21.151247 0.010985802
58833.687197 21.164061 0.01197697
58833.687766 21.163449 0.010978371
58833.688335 21.124375 0.010989169
58833.6889 21.145494 0.010991233
58833.689473 21.146437 0.010983636
58833.690035 21.146567 0.010981407
58833.690606 21.135374 0.0099999998
58833.691182 21.155059 0.010980318
58833.691769 21.15205 0.010978913
58833.692334 21.153958 0.0099999998
58833.692912 21.153253 0.010977147
58833.693482 21.155495 0.010981619
58833.694055 21.150006 0.0099999998
58833.694629 21.159799 0.010982062
58833.695214 21.145061 0.0099999998
58833.695788 21.145881 0.010983869
58833.696709 21.147468 0.010987368
58833.697282 21.151038 0.011928273
58833.697854 21.148097 0.011969679
58833.698426 21.150003 0.01098441
58833.698997 21.150886 0.010988924
58833.699574 21.1535 0.010986402
58833.700162 21.143436 0.010992431
58833.700738 21.150895 0.010984395
58833.701314 21.142881 0.010991422
58833.701879 21.145223 0.010985127
58833.702433 21.133995 0.010993564
58833.702997 21.140473 0.0099999998
58833.703569 21.140513 0.011983575
58833.704138 21.14797 0.010993749
58833.704693 21.142182 0.010993927
58833.705269 21.153066 0.0099999998
58833.705842 21.143052 0.01099185
58833.706416 21.163727 0.0099999998
58833.706995 21.141348 0.010993285
58833.70756 21.153896 0.010992491
58833.708139 21.150615 0.0099999998
58833.708701 21.141068 0.0099999998
58833.709269 21.136446 0.011980697
58833.709837 21.149572 0.01099149
58833.710398 21.151909 0.011980525
58833.710961 21.173344 0.0099999998
58833.711531 21.138068 0.010989323
58833.712096 21.144525 0.010989617
58833.712678 21.155351 0.010984951
58833.713245 21.154641 0.010990006
58833.713811 21.13642 0.010987768
58833.71438 21.148055 0.0099999998
58833.714942 21.144872 0.0099999998
58833.715515 21.139099 0.010987275
58833.716099 21.14102 0.010993701
58833.716662 21.138984 0.011989852
58833.717217 21.162772 0.010977422
58833.717786 21.136746 0.011980087
58833.718352 21.134537 0.010991412
58833.718933 21.133998 0.010990077
58833.719515 21.148917 0.0099999998
58833.720081 21.161292 0.01196786
58833.720652 21.158462 0.010984537
58833.721229 21.135618 0.010990842
58833.721798 21.168531 0.010986488
58833.722365 21.1489 0.0099999998
58833.722938 21.146232 0.0099999998
58833.723517 21.150853 0.0099999998
58833.724095 21.138759 0.010993096
58833.724659 21.154104 0.010989287
58833.725228 21.145098 0.0099999998
58833.725794 21.138679 0.010988751
58833.726369 21.160347 0.010973434
58833.726949 21.155205 0.010951688
58833.727521 21.165825 0.010978201
58833.728085 21.157054 0.0099999998
58833.728659 21.136605 0.010984203
58833.729226 21.153222 0.0099999998
58833.729803 21.144759 0.010990491
58833.730359 21.156033 0.010985772
58833.730924 21.141282 0.010993084
58833.731502 21.159943 0.0099999998
58833.732059 21.157314 0.0099999998
58833.732632 21.168624 0.0099999998
58833.733194 21.158216 0.010978058
58833.733759 21.154176 0.010939039
58833.734321 21.143664 0.010976143
58833.734879 21.144011 0.011951352
58833.735444 21.162233 0.010962086
58833.736003 21.126718 0.011940159
58833.736571 21.138127 0.0099999998
58833.737136 21.153012 0.010961147
58833.737691 21.141515 0.010983289
58833.738267 21.152026 0.010920916
58833.738823 21.157735 0.010965983
58833.739382 21.133107 0.011946131
58833.739948 21.170952 0.010961507
58833.740522 21.143088 0.0109547
58833.741085 21.151569 0.011850359
58833.741647 21.174998 0.0099999998
58833.742215 21.154481 0.010977205
58833.742788 21.172814 0.010961656
58833.743365 21.147259 0.010980231
58833.743953 21.158224 0.010968624
58833.744526 21.13913 0.011930498
58833.745093 21.143777 0.010982304
58833.745664 21.1514 0.0099999998
58833.746226 21.138261 0.011971587
58833.746789 21.153422 0.0099999998
58833.747358 21.143929 0.010990686
58833.747921 21.150852 0.010990285
58833.748478 21.157473 0.010986782
58833.749035 21.15371 0.0099999998
58833.749599 21.146785 0.0099999998
58833.750168 21.1683 0.010972712
58833.750733 21.154996 0.010976087
58833.751298 21.158766 0.010968665
58833.751854 21.16667 0.010929258
58833.752416 21.168337 0.0099999998
58833.752988 21.152024 0.010976347
58833.753539 21.143665 0.010978629
58833.7541 21.158353 0.0099999998
58833.754655 21.151207 0.010986294
58833.75523 21.143414 0.010991664
58833.755803 21.150837 0.01098992
58833.756377 21.153152 0.0099999998
58833.756948 21.153861 0.010987746
58833.757519 21.154868 0.010991367
58833.758074 21.157715 0.01099176
58833.758639 21.15516 0.010985968
58833.759204 21.127331 0.01097744
58833.759765 21.134794 0.010990505
58833.760341 21.146435 0.010991482
58833.760921 21.137431 0.010990689
58833.761489 21.157757 0.010981199
58833.76205 21.138251 0.010990853
58833.762618 21.140879 0.011972694
58833.763196 21.131568 0.0099999998
58833.763771 21.151991 0.0099999998
58833.764345 21.140417 0.01099245
58833.764904 21.142421 0.011987606
58833.765469 21.152943 0.010993198
58833.766035 21.138581 0.010992553
58833.766604 21.140961 0.010991858
58833.767179 21.140137 0.010993046
58833.767754 21.1296 0.010995118
58833.768337 21.154484 0.0099999998
58833.768906 21.141908 0.010993596
58833.769468 21.141123 0.010990272
58833.770037 21.148469 0.0099999998
58833.770609 21.136203 0.010992461
58833.771176 21.153228 0.0099999998
58833.77175 21.156102 0.010987112
58833.772312 21.139739 0.010985013
58833.772873 21.166345 0.010970171
58833.773436 21.143035 0.012927566
58833.774013 21.164954 0.011892138
58833.774581 21.160785 0.01095275
58833.775149 21.15462 0.010976323
58833.775718 21.155117 0.01097387
58833.776274 21.149862 0.011956348
58833.776849 21.162301 0.010987286
58833.777425 21.132118 0.011979021
58833.777996 21.142008 0.01097669
58833.778564 21.147262 0.011979182
58833.779126 21.139923 0.0099999998
58833.779701 21.152958 0.010974247
58833.780275 21.156023 0.010976171
58833.780836 21.164166 0.010963116
58833.781394 21.150058 0.010977992
58833.781959 21.13912 0.010982571
58833.78252 21.150729 0.011970009
58833.783078 21.145772 0.011961309
58833.783656 21.151248 0.0099999998
58833.784224 21.141372 0.0099999998
58833.784791 21.124518 0.011979925
58833.785359 21.134752 0.010991814
58833.785923 21.159362 0.010991009
58833.786499 21.128597 0.0099999998
58833.787075 21.15619 0.010988626
58833.787657 21.139777 0.010992536
58833.788243 21.141105 0.010989559
58833.788815 21.150073 0.010985583
58833.789431 21.152293 0.0099999998
58833.789993 21.148852 0.01099112
58833.790558 21.147132 0.0099999998
58833.791114 21.138424 0.010993078
58833.791692 21.133372 0.0119919
58833.792254 21.145017 0.010992356
58833.792819 21.137686 0.0099999998
58833.793386 21.150341 0.0099999998
58833.793945 21.140899 0.010993793
58833.794517 21.154327 0.010991623
58833.79508 21.144725 0.011986055
58833.795646 21.151478 0.0099999998
58833.796225 21.147909 0.0099999998
58833.79679 21.136789 0.010995388
58833.797352 21.144803 0.0099999998
58833.797908 21.14409 0.011989858
58833.798484 21.150912 0.010994218
58833.799061 21.144599 0.0099999998
58833.799624 21.151527 0.0099999998
58833.800185 21.14049 0.0099999998
58833.800756 21.143142 0.010992981
58833.801313 21.149915 0.010987538
58833.801876 21.144604 0.010992463
58833.802443 21.147059 0.0099999998
58833.803031 21.1488 0.0099999998
58833.803608 21.150697 0.010993398
58833.804175 21.141097 0.010995464
58833.804741 21.130758 0.011994051
58833.805316 21.144571 0.010995909
58833.805876 21.150424 0.010992703
58833.806445 21.144155 0.010996454
58833.807016 21.143446 0.0099999998
58833.807582 21.13866 0.010991736
58833.80816 21.158697 0.01198993
58833.808724 21.14484 0.010995866
58833.809281 21.161332 0.010993048
58833.809857 21.143636 0.010995313
58833.810432 21.138111 0.0099999998
58833.811002 21.132276 0.011991421
58833.81157 21.13678 0.010995352
58833.812141 21.132975 0.010995581
58833.81271 21.151688 0.010995867
58833.813283 21.159998 0.011991212
58833.81385 21.14219 0.011990495
58833.814425 21.137745 0.011992369
58833.81499 21.143343 0.0099999998
58833.815567 21.130536 0.010994878
58833.816133 21.15639 0.0099999998
58833.816698 21.142067 0.01199089
58833.817289 21.152474 0.011979886
58833.817864 21.141977 0.010994021
58833.818429 21.159801 0.010994093
58833.819011 21.143985 0.010991963
58833.819573 21.148031 0.010991771
58833.820146 21.15438 0.0099999998
58833.82073 21.136441 0.011987682
58833.821295 21.145159 0.010991346
58833.821869 21.137676 0.010994726
58833.822431 21.135163 0.011990214
58833.822986 21.137509 0.011991482
58833.823546 21.15024 0.010993649
58833.824122 21.152066 0.011985967
58833.82469 21.148703 0.013969596
58833.82527 21.129159 0.011991879
58833.825842 21.139876 0.011990205
58833.826414 21.135842 0.011986633
58833.826987 21.151421 0.0099999998
58833.827559 21.147188 0.011985982
58833.828123 21.160856 0.011990145
58833.828694 21.151768 0.01098685
58833.829263 21.149709 0.011986216
58833.829826 21.148525 0.010991471
58833.830398 21.152182 0.010984579
58833.830961 21.14462 0.01197811
58833.831526 21.150279 0.010992966
58833.832097 21.152089 0.010991483
58833.83267 21.161577 0.0099999998
58833.833228 21.137573 0.012983732
58833.833798 21.141272 0.010991855
58833.834371 21.161602 0.01098775
58833.834936 21.154919 0.010991847
58833.83551 21.148011 0.010990758
58833.836083 21.139741 0.010994192
58833.836648 21.145311 0.011975726
58833.837231 21.14814 0.010991873
58833.837806 21.14104 0.010985269
58833.83839 21.152058 0.01099061
58833.838952 21.169781 0.0099999998
58833.839512 21.161326 0.010992646
58833.840078 21.143288 0.010992829
58833.840638 21.142843 0.010987737
58833.841214 21.144116 0.010993588
58833.841784 21.141422 0.0099999998
58833.842354 21.156064 0.0099999998
58833.842932 21.137393 0.010993313
58833.8435 21.148043 0.010991416
58833.844068 21.156812 0.01099439
58833.84464 21.146823 0.010994253
58833.845192 21.151332 0.010994803
58833.845764 21.14599 0.010996466
58833.846315 21.136522 0.011991564
58833.846882 21.146482 0.0099999998
58833.847447 21.137705 0.011993017
58833.848017 21.148829 0.011986191
58833.848583 21.133835 0.010994451
58833.849139 21.151966 0.011989558
58833.849713 21.15458 0.011984907
58833.850286 21.149742 0.010994784
