HJD mag magerr
58833.526351 23.62453 0.047785809
58833.526938 23.575369 0.040651365
58833.527497 23.624691 0.040837941
58833.528073 23.731487 0.042701664
58833.52864 23.659482 0.028846602
58833.529223 23.695811 0.037635461
58833.529794 23.740158 0.038641901
58833.530369 23.597823 0.029780841
58833.530936 23.669031 0.024913923
58833.531508 23.571471 0.021906849
58833.532068 23.621108 0.021920646
58833.532639 23.648549 0.021911358
58833.533201 23.641663 0.020945619
58833.533765 23.600383 0.018952633
58833.534319 23.804642 0.02575909
58833.534878 23.768599 0.021838473
58833.535457 23.625559 0.020860214
58833.536022 23.612126 0.018943007
58833.536586 23.619358 0.016958761
58833.537148 23.625252 0.015957409
58833.537706 23.659356 0.019905038
58833.538275 23.67061 0.016944932
58833.538843 23.64718 0.017945731
58833.539403 23.705106 0.016948057
58833.539961 23.628315 0.017955247
58833.540691 23.623745 0.015974294
58833.54127 23.643259 0.016945857
58833.541834 23.635391 0.016958042
58833.542384 23.646006 0.016956904
58833.542946 23.646841 0.017948361
58833.543507 23.670959 0.016963333
58833.544071 23.637739 0.015979585
58833.544644 23.666962 0.014976862
58833.545206 23.66949 0.017953194
58833.545767 23.670124 0.016963511
58833.54634 23.657443 0.014975986
58833.546924 23.646703 0.015962224
58833.547488 23.660297 0.015958121
58833.548053 23.689412 0.015961759
58833.548633 23.638975 0.015974372
58833.549203 23.649682 0.015969697
58833.549779 23.667018 0.015968358
58833.550355 23.686411 0.017954581
58833.550911 23.68581 0.017944786
58833.551466 23.665793 0.015957455
58833.552025 23.67548 0.018931791
58833.552609 23.699588 0.017933566
58833.553172 23.664958 0.015964724
58833.553736 23.728925 0.016965529
58833.554298 23.670185 0.015976159
58833.554862 23.640157 0.016973662
58833.55542 23.679631 0.015984739
58833.556007 23.685579 0.015987352
58833.556565 23.659006 0.016985058
58833.557125 23.713076 0.017979956
58833.557676 23.689059 0.017985205
58833.558245 23.712408 0.016973558
58833.558811 23.664491 0.016959275
58833.559373 23.744237 0.016954173
58833.559928 23.682963 0.017899861
58833.560497 23.645557 0.020841475
58833.561052 23.723311 0.016932684
58833.561629 23.654233 0.017930247
58833.562183 23.695503 0.016959524
58833.562742 23.714149 0.015964451
58833.563315 23.733017 0.017961866
58833.563889 23.752797 0.017880021
58833.564461 23.719277 0.018813468
58833.565019 23.761862 0.013983082
58833.565576 23.719639 0.012994314
58833.566153 23.740409 0.015960665
58833.566722 23.735002 0.016958944
58833.56729 23.671705 0.015959733
58833.56785 23.660882 0.015941467
58833.568406 23.72775 0.012989024
58833.568961 23.68312 0.014983585
58833.569533 23.698144 0.014987486
58833.570095 23.725323 0.014980674
58833.57065 23.714482 0.013990416
58833.57121 23.724783 0.01598034
58833.571768 23.730466 0.015982168
58833.572322 23.739543 0.015977008
58833.572898 23.713464 0.015971702
58833.573468 23.764253 0.017883635
58833.574037 23.751161 0.016927533
58833.574593 23.729075 0.015933826
0.0 0.0 0.0
58833.575726 23.731156 0.017848242
58833.576286 23.784468 0.016897479
58833.576839 23.677331 0.015915323
58833.577403 23.735476 0.015967288
58833.577964 23.750116 0.016969216
58833.578544 23.732771 0.01695126
58833.579114 23.71974 0.015970166
58833.579688 23.74822 0.01793557
58833.580238 23.77279 0.017927244
58833.58081 23.74525 0.015946913
58833.581375 23.650214 0.018849677
58833.581944 23.753095 0.016931292
58833.582509 23.728521 0.014965988
58833.58308 23.750605 0.017928649
58833.583647 23.825991 0.017899495
58833.584215 23.795536 0.018845526
58833.584762 23.770412 0.014942691
58833.585316 23.896013 0.017905868
58833.585886 23.735191 0.015946568
58833.586442 23.767513 0.014957295
58833.587001 23.79495 0.016939062
58833.587566 23.772813 0.018903196
58833.58814 23.77833 0.018917595
58833.588711 23.728299 0.01398389
58833.589285 23.824694 0.013978539
58833.589857 23.912737 0.016841322
58833.590423 23.740982 0.01982055
58833.590994 23.864091 0.018859206
58833.591559 23.74076 0.022790093
58833.592112 23.741018 0.020810126
58833.592665 23.808098 0.022779766
58833.593224 23.80808 0.023847134
58833.593796 23.832419 0.025861326
58833.594369 23.716698 0.025625224
58833.59492 23.788219 0.023802895
58833.595528 23.778224 0.021832458
58833.596082 23.784575 0.020890452
58833.596665 23.783704 0.020890651
58833.597231 23.76438 0.019865911
58833.597797 23.827239 0.018927775
58833.59838 23.82578 0.015965167
58833.598947 23.779714 0.016952502
58833.599512 23.792178 0.017936286
58833.60009 23.830975 0.016957016
58833.600655 23.800684 0.018956942
58833.601221 23.787339 0.017939249
58833.601788 23.806407 0.016961815
58833.602358 23.741453 0.016951307
58833.602926 23.794916 0.019915541
58833.60349 23.803357 0.021843498
58833.604047 23.782782 0.015946828
58833.604615 23.790309 0.019907726
58833.605171 23.851501 0.02185837
58833.605736 23.815664 0.018911588
58833.606292 23.82207 0.020907936
58833.606846 23.784861 0.018893151
58833.607409 23.850398 0.019903563
58833.607972 23.831683 0.019929352
58833.608554 23.805251 0.020876487
58833.609122 23.855471 0.020916071
58833.609691 23.797722 0.019869371
58833.61027 23.806504 0.018915556
58833.610843 23.784318 0.018912209
58833.611415 23.828823 0.017901936
58833.611993 23.800245 0.018884618
58833.612577 23.790765 0.017884295
58833.613137 23.82327 0.017892719
58833.613696 23.809876 0.018872207
58833.614278 23.831413 0.01691151
58833.614853 23.81218 0.018846309
58833.615407 23.820039 0.018875621
58833.615983 23.831102 0.017900595
58833.616534 23.909609 0.017927733
58833.617093 23.832776 0.018916288
58833.617655 23.854365 0.017942655
58833.618216 23.794158 0.018947401
58833.618781 23.827051 0.018951389
58833.619336 23.816107 0.018942477
58833.619908 23.843643 0.019931703
58833.620489 23.848676 0.017940654
58833.621073 23.862969 0.018947022
58833.621643 23.877754 0.01992198
58833.622212 23.826297 0.016937286
58833.622786 23.86756 0.01990214
58833.623339 23.859186 0.01894383
58833.623898 23.813107 0.01992719
58833.624467 23.882081 0.017948435
58833.625042 23.876671 0.017939578
58833.625625 23.827512 0.017945872
58833.626195 23.83123 0.017954024
58833.626758 23.847993 0.018910245
58833.627345 23.847094 0.017965943
58833.627901 23.842396 0.016967059
58833.628481 23.853126 0.017966735
58833.629058 23.860234 0.016965111
58833.629625 23.848466 0.015969727
58833.630194 23.84645 0.016968866
58833.630754 23.829832 0.016974232
58833.631339 23.797284 0.016931288
58833.631919 23.84574 0.019841773
58833.632476 23.864231 0.020861954
58833.633035 23.868575 0.018911111
58833.633609 23.796341 0.019896706
58833.634176 23.894541 0.02393472
58833.63477 23.928264 0.020920226
58833.63533 23.873054 0.018957678
58833.635896 23.842396 0.018935635
58833.636454 23.869415 0.016972986
58833.637031 23.87456 0.018907035
58833.637603 23.849952 0.018950717
58833.638178 23.890964 0.018916857
58833.638751 23.882869 0.01896597
58833.639317 23.866339 0.018963879
58833.639885 23.881243 0.017968097
58833.640451 23.857156 0.017983207
58833.641017 23.878963 0.015982972
58833.641587 23.859745 0.018966491
58833.642165 23.858389 0.01597521
58833.642733 23.844535 0.016971514
58833.643298 23.907726 0.018965142
58833.643881 23.884198 0.018953829
58833.644463 23.887944 0.015984417
58833.645038 23.882646 0.017972079
58833.645621 23.891913 0.01895093
58833.646196 23.869449 0.01895254
58833.646775 23.899225 0.01996821
58833.647352 23.891081 0.017973036
58833.647947 23.878575 0.019945981
58833.648518 23.872991 0.01898362
58833.649091 23.88476 0.018973464
58833.649661 23.892211 0.017981597
58833.650234 23.884044 0.017981539
58833.650812 23.89017 0.018974733
58833.651385 23.891476 0.018969039
58833.651942 23.890682 0.017970476
58833.652501 23.879075 0.017980006
58833.653051 23.898797 0.018983566
58833.653627 23.895309 0.01698191
58833.654196 23.886232 0.017967653
58833.654761 23.884452 0.017973534
58833.655332 23.891961 0.016981528
58833.655903 23.898097 0.017983326
58833.656459 23.890215 0.01898289
58833.657018 23.885974 0.018985378
58833.657575 23.884597 0.017986854
58833.658134 23.903494 0.017980514
58833.658729 23.911839 0.018970115
58833.659291 23.941365 0.018974082
58833.659866 23.876443 0.018985196
58833.660428 23.936716 0.017971368
58833.660996 23.894136 0.018972123
58833.661568 23.894383 0.019971465
58833.662129 23.91832 0.020953542
58833.662686 23.907034 0.021949455
58833.663254 23.904282 0.017982846
58833.663845 23.914097 0.022928076
58833.664399 23.930428 0.020966842
58833.664959 23.902006 0.019981786
58833.66553 23.896909 0.020976454
58833.666087 23.924154 0.018984178
58833.666661 23.900857 0.016986123
58833.66724 23.904531 0.01698887
58833.667808 23.905138 0.018985938
58833.668374 23.941282 0.020982667
58833.66894 23.941607 0.018978472
58833.669515 23.916946 0.021974446
58833.670105 23.903817 0.022967383
58833.670664 23.945058 0.019967543
58833.671231 23.891626 0.019972408
58833.671792 23.90535 0.020967589
58833.672357 23.942731 0.020967391
58833.672921 23.914806 0.021964553
58833.6735 23.90079 0.018980387
58833.674063 23.916885 0.018982961
58833.674632 23.910181 0.021965031
58833.675223 23.937853 0.021918045
58833.67579 23.916046 0.021956939
58833.67635 23.990708 0.0229488
58833.676916 23.935602 0.022967827
58833.677484 23.960078 0.024960556
58833.678056 23.950326 0.022957286
58833.678616 23.902313 0.026867912
58833.679182 23.976866 0.026881029
58833.679761 23.920068 0.027815622
58833.680323 24.017778 0.035615769
58833.680894 23.977127 0.027818793
58833.681455 23.971421 0.031696428
58833.68202 23.972062 0.030798611
58833.682591 23.933783 0.031797405
58833.683157 23.952614 0.027891166
58833.683728 23.938361 0.025881847
58833.68429 24.028165 0.033785866
58833.684864 23.93657 0.024931407
58833.685427 23.98943 0.027922753
58833.686006 24.003672 0.026896952
58833.68663 23.954072 0.02395502
58833.687197 23.979917 0.025968232
58833.687766 23.983865 0.024958696
58833.688335 23.91983 0.021967639
58833.6889 23.960052 0.025953926
58833.689473 23.917705 0.021951707
58833.690035 23.95034 0.021950893
58833.690606 23.942335 0.02792592
58833.691182 23.948973 0.021960582
58833.691769 23.962629 0.02294168
58833.692334 23.942904 0.024903188
58833.692912 23.991743 0.022929468
58833.693482 23.962104 0.023942006
58833.694055 23.968574 0.021945645
58833.694629 24.047396 0.023964816
58833.695214 23.982842 0.02395783
58833.695788 23.994517 0.023952263
58833.696709 23.987645 0.023954085
58833.697282 23.977398 0.028915953
58833.697854 23.966369 0.024935586
58833.698426 23.969278 0.02495209
58833.698997 24.01582 0.03093694
58833.699574 23.987425 0.023969391
58833.700162 23.934895 0.021974098
58833.700738 23.944507 0.023962958
58833.701314 23.994078 0.024961616
58833.701879 23.990265 0.031964133
58833.702433 23.91589 0.025977005
58833.702997 23.99744 0.023979785
58833.703569 23.970664 0.022968616
58833.704138 23.978686 0.021983712
58833.704693 23.981688 0.023978218
58833.705269 23.989417 0.021969791
58833.705842 24.004254 0.023958662
58833.706416 23.991428 0.025947886
58833.706995 24.010402 0.020978421
58833.70756 23.964938 0.025962604
58833.708139 23.982491 0.022966225
58833.708701 24.003495 0.022973567
58833.709269 23.967633 0.021974521
58833.709837 24.004789 0.023971305
58833.710398 23.98538 0.021975336
58833.710961 23.985016 0.023943732
58833.711531 23.939672 0.023962145
58833.712096 24.017712 0.024958607
58833.712678 23.986018 0.021956767
58833.713245 23.963455 0.022964977
58833.713811 24.017722 0.022965531
58833.71438 23.995767 0.020973719
58833.714942 24.018823 0.02196735
58833.715515 24.000451 0.022965204
58833.716099 23.956938 0.018979375
58833.716662 23.99926 0.020979464
58833.717217 23.982437 0.019977668
58833.717786 24.00514 0.021965223
58833.718352 23.978428 0.025957145
58833.718933 23.976253 0.023964415
58833.719515 23.983934 0.022962748
58833.720081 24.001775 0.021954544
58833.720652 24.011531 0.022965338
58833.721229 23.976106 0.021954823
58833.721798 24.033663 0.024954113
58833.722365 24.009522 0.021961502
58833.722938 23.947862 0.018978573
58833.723517 24.032107 0.022962088
58833.724095 23.985346 0.020968768
58833.724659 24.030969 0.023964528
58833.725228 24.003046 0.021965875
58833.725794 23.989592 0.022967307
58833.726369 24.046539 0.022950025
58833.726949 24.022816 0.023932359
58833.727521 24.026465 0.023898341
58833.728085 24.005294 0.024916242
58833.728659 24.026422 0.024950202
58833.729226 23.977184 0.022953307
58833.729803 24.004707 0.02196769
58833.730359 24.007827 0.022956262
58833.730924 24.017376 0.021967363
58833.731502 24.027765 0.023964578
58833.732059 24.042195 0.024909649
58833.732632 24.022078 0.02294877
58833.733194 24.043294 0.025923984
58833.733759 23.985312 0.026885388
58833.734321 24.05438 0.026918612
58833.734879 24.065405 0.032898063
58833.735444 24.118002 0.030854642
58833.736003 24.055905 0.031870952
58833.736571 24.076995 0.033864159
58833.737136 24.111331 0.033866356
58833.737691 24.019215 0.027909266
58833.738267 24.050155 0.030793344
58833.738823 24.005478 0.026889832
58833.739382 24.035661 0.026908258
58833.739948 24.048141 0.029849582
58833.740522 24.058676 0.030854211
58833.741085 23.991013 0.03381993
58833.741647 24.030985 0.028907791
58833.742215 24.010462 0.026928579
58833.742788 24.058168 0.026849743
58833.743365 24.041601 0.029903896
58833.743953 24.125901 0.031892661
58833.744526 24.042866 0.027917089
58833.745093 24.058364 0.025944401
58833.745664 24.041042 0.024931388
58833.746226 24.052645 0.025940849
58833.746789 24.06457 0.02294242
58833.747358 24.058197 0.023957163
58833.747921 24.066401 0.02495173
58833.748478 24.045116 0.021959692
58833.749035 24.038673 0.022957993
58833.749599 24.003103 0.021956192
58833.750168 24.055929 0.025910343
58833.750733 24.037113 0.024919179
58833.751298 24.085276 0.027874484
58833.751854 24.087386 0.029881438
58833.752416 24.06066 0.025921896
58833.752988 24.035721 0.023928523
58833.753539 24.033555 0.024935612
58833.7541 24.060362 0.022944544
58833.754655 24.026921 0.025956002
58833.75523 24.081602 0.025970528
58833.755803 24.071855 0.02794608
58833.756377 24.085723 0.02594875
58833.756948 24.054087 0.024971271
58833.757519 24.036533 0.024975176
58833.758074 24.06498 0.024970609
58833.758639 24.06877 0.026930775
58833.759204 24.078133 0.035914945
58833.759765 24.09919 0.027962922
58833.760341 24.073615 0.024964892
58833.760921 24.057986 0.027964032
58833.761489 24.107286 0.036928076
58833.76205 24.066483 0.024966603
58833.762618 24.050201 0.027951049
58833.763196 24.065057 0.024961626
58833.763771 24.076022 0.023978094
58833.764345 24.063603 0.023971876
58833.764904 24.091893 0.027975426
58833.765469 24.079312 0.026982534
58833.766035 24.056131 0.025973936
58833.766604 24.106671 0.026956396
58833.767179 23.98938 0.022979077
58833.767754 24.075632 0.024977631
58833.768337 24.078404 0.024970519
58833.768906 24.077918 0.025973552
58833.769468 24.132529 0.02895189
58833.770037 24.122422 0.026967462
58833.770609 24.094825 0.030959289
58833.771176 24.116925 0.031908468
58833.77175 24.081076 0.033928904
58833.772312 24.124939 0.033908172
58833.772873 24.160537 0.034888156
58833.773436 24.107303 0.040855427
58833.774013 24.135867 0.03887297
58833.774581 24.107715 0.036913109
58833.775149 24.056998 0.033910826
58833.775718 24.024909 0.032913634
58833.776274 24.091038 0.034939228
58833.776849 24.106057 0.033951473
58833.777425 24.128847 0.0379471
58833.777996 24.111741 0.032926985
58833.778564 24.165326 0.031947687
58833.779126 24.074707 0.030935494
58833.779701 24.133778 0.030934024
58833.780275 24.06285 0.030944646
58833.780836 24.073341 0.033865242
58833.781394 24.168769 0.03986229
58833.781959 24.091458 0.031939231
58833.78252 24.059264 0.027952342
58833.783078 24.154785 0.035904395
58833.783656 24.134156 0.034920926
58833.784224 24.118012 0.031952674
58833.784791 24.112306 0.029956089
58833.785359 24.042004 0.027961349
58833.785923 24.120628 0.025969386
58833.786499 24.125831 0.027955288
58833.787075 24.097068 0.028960082
58833.787657 24.150198 0.030959827
58833.788243 24.133721 0.029956561
58833.788815 24.132933 0.027966842
58833.789431 24.079514 0.023973772
58833.789993 24.088417 0.027964685
58833.790558 24.123982 0.025977725
58833.791114 24.134164 0.028957472
58833.791692 24.076897 0.024974133
58833.792254 24.062581 0.024957456
58833.792819 24.139833 0.025968912
58833.793386 24.103455 0.023959671
58833.793945 24.077093 0.024966447
58833.794517 24.117386 0.023970385
58833.79508 24.069886 0.022970674
58833.795646 24.103754 0.02197427
58833.796225 24.102031 0.020969934
58833.79679 24.103476 0.020982502
58833.797352 24.088531 0.019986509
58833.797908 24.154146 0.023979725
58833.798484 24.075769 0.021982243
58833.799061 24.119372 0.021978408
58833.799624 24.045874 0.019977258
58833.800185 24.092612 0.022979343
58833.800756 24.126068 0.024964953
58833.801313 24.126553 0.023972727
58833.801876 24.097271 0.021975193
58833.802443 24.115146 0.024959723
58833.803031 24.071664 0.02298267
58833.803608 24.086334 0.021976273
58833.804175 24.083387 0.02298282
58833.804741 24.068795 0.020982966
58833.805316 24.087149 0.025979892
58833.805876 24.093965 0.024974375
58833.806445 24.184835 0.028983356
58833.807016 24.107953 0.024980138
58833.807582 24.142892 0.025966553
58833.80816 24.090959 0.027978762
58833.808724 24.10194 0.023981322
58833.809281 24.137144 0.022976819
58833.809857 24.089317 0.023981118
58833.810432 24.097755 0.023974662
58833.811002 24.095498 0.024979019
58833.81157 24.132395 0.024982626
58833.812141 24.054664 0.024982326
58833.81271 24.091707 0.022984507
58833.813283 24.100615 0.019987464
58833.81385 24.094507 0.021985579
58833.814425 24.114265 0.020985381
58833.81499 24.125429 0.021985534
58833.815567 24.116158 0.021982843
58833.816133 24.148119 0.022980837
58833.816698 24.078732 0.026960946
58833.817289 24.14023 0.023973915
58833.817864 24.189363 0.025969264
58833.818429 24.144026 0.02596985
58833.819011 24.170136 0.02696964
58833.819573 24.065566 0.022979121
58833.820146 24.131471 0.025965771
58833.82073 24.107103 0.024973211
58833.821295 24.108151 0.02297396
58833.821869 24.091015 0.029971869
58833.822431 24.14711 0.025979436
58833.822986 24.086106 0.028979845
58833.823546 24.087628 0.029964085
58833.824122 24.115359 0.028962544
58833.82469 24.113948 0.031976067
58833.82527 24.046687 0.026980187
58833.825842 24.127587 0.030974691
58833.826414 24.175518 0.030961845
58833.826987 24.067379 0.028963695
58833.827559 24.17579 0.027968988
58833.828123 24.196659 0.02997469
58833.828694 24.095104 0.025960842
58833.829263 24.151181 0.02596919
58833.829826 24.13332 0.023959871
58833.830398 24.124839 0.026968756
58833.830961 24.114293 0.022971876
58833.831526 24.132866 0.024961115
58833.832097 24.123163 0.023976845
58833.83267 24.12702 0.022971816
58833.833228 24.128546 0.021972548
58833.833798 24.150882 0.022978238
58833.834371 24.101165 0.024959972
58833.834936 24.126483 0.019979628
58833.83551 24.164528 0.024974864
58833.836083 24.081627 0.022974496
58833.836648 24.142627 0.025974774
58833.837231 24.100963 0.024974953
58833.837806 24.166311 0.027942665
58833.83839 24.106443 0.025957349
58833.838952 24.165589 0.029940835
58833.839512 24.129446 0.02896766
58833.840078 24.139227 0.029958566
58833.840638 24.113864 0.026971314
58833.841214 24.169631 0.027970209
58833.841784 24.123092 0.024978176
58833.842354 24.055781 0.024975212
58833.842932 24.141663 0.024972524
58833.8435 24.152422 0.024975266
58833.844068 24.122738 0.024976413
58833.84464 24.141457 0.027973951
58833.845192 24.149928 0.025979255
58833.845764 24.115165 0.023981535
58833.846315 24.132884 0.025981137
58833.846882 24.152146 0.028983316
58833.847447 24.16373 0.029972014
58833.848017 24.122924 0.028979958
58833.848583 24.09853 0.028974255
58833.849139 24.147923 0.031976244
58833.849713 24.200477 0.030965522
58833.850286 24.110412 0.031979651
