HJD mag magerr
58833.526351 23.37553 0.03879076
58833.526938 23.381369 0.036654773
58833.527497 23.358691 0.030844682
58833.528073 23.479487 0.033711229
58833.52864 23.402482 0.02585055
58833.529223 23.350811 0.031642648
58833.529794 23.387158 0.031653009
58833.530369 23.343823 0.023792972
58833.530936 23.359031 0.020920135
58833.531508 23.397471 0.020908548
58833.532068 23.372108 0.019923754
58833.532639 23.394549 0.020912973
58833.533201 23.351663 0.017950612
58833.533765 23.370383 0.017954403
58833.534319 23.447642 0.020776059
58833.534878 23.414599 0.019844917
58833.535457 23.356559 0.018866776
58833.536022 23.351126 0.017945142
58833.536586 23.380358 0.015961138
58833.537148 23.414252 0.016954802
58833.537706 23.388356 0.018907467
58833.538275 23.41361 0.016944932
58833.538843 23.36718 0.017945731
58833.539403 23.470106 0.016948057
58833.539961 23.485315 0.015959018
58833.540691 23.482745 0.015974294
58833.54127 23.392259 0.014951737
58833.541834 23.462391 0.016958042
58833.542384 23.371006 0.015959389
58833.542946 23.443841 0.015952719
58833.543507 23.502959 0.016963333
58833.544071 23.464739 0.014981104
58833.544644 23.426962 0.013979187
58833.545206 23.47149 0.015957917
58833.545767 23.523124 0.017962075
58833.54634 23.418443 0.014975986
58833.546924 23.367703 0.013968567
58833.547488 23.417297 0.014961251
58833.548053 23.352412 0.013968181
58833.548633 23.418975 0.014976281
58833.549203 23.427682 0.014971606
58833.549779 23.460018 0.015968358
58833.550355 23.460411 0.016956303
58833.550911 23.45881 0.016946349
58833.551466 23.352793 0.016955302
58833.552025 23.38148 0.015939491
58833.552609 23.446588 0.016936099
58833.553172 23.399958 0.013971294
58833.553736 23.455925 0.015967513
58833.554298 23.434185 0.013980151
58833.554862 23.420157 0.014977024
58833.55542 23.540631 0.015984739
58833.556007 23.469579 0.014988408
58833.556565 23.489006 0.016985058
58833.557125 23.561076 0.017979956
58833.557676 23.510059 0.01598689
58833.558245 23.472408 0.015975077
58833.558811 23.424491 0.015961235
58833.559373 23.405237 0.014960045
58833.559928 23.356963 0.016904506
58833.560497 23.322557 0.015871078
58833.561052 23.455311 0.016932684
58833.561629 23.375233 0.016933463
58833.562183 23.425503 0.015961857
58833.562742 23.428149 0.015964451
58833.563315 23.449017 0.015965707
58833.563889 23.393797 0.015892301
58833.564461 23.342277 0.016826468
58833.565019 23.385862 0.013983082
58833.565576 23.525639 0.01399326
58833.566153 23.410409 0.015960665
58833.566722 23.464002 0.015961311
58833.56729 23.339705 0.015959733
58833.56785 23.446882 0.015941467
58833.568406 23.53275 0.013986823
58833.568961 23.52612 0.014983585
58833.569533 23.529144 0.015986482
58833.570095 23.507323 0.015979378
58833.57065 23.510482 0.015988494
58833.57121 23.475783 0.014981575
58833.571768 23.495466 0.014983494
58833.572322 23.488543 0.015977008
58833.572898 23.415464 0.013976444
58833.573468 23.389253 0.016886999
58833.574037 23.398161 0.014936867
58833.574593 23.361075 0.014938036
58833.575159 23.388527 0.016811459
58833.575726 23.342156 0.015861363
58833.576286 23.374468 0.014912372
58833.576839 23.309331 0.013929672
58833.577403 23.389476 0.014969728
58833.577964 23.441116 0.014973149
58833.578544 23.403771 0.01695126
58833.579114 23.39974 0.013975168
58833.579688 23.34722 0.015941024
58833.580238 23.44179 0.015933415
58833.58081 23.36125 0.013955853
58833.581375 23.276214 0.015870279
58833.581944 23.366095 0.016931292
58833.582509 23.444521 0.013969414
58833.58308 23.405605 0.015934699
58833.583647 23.376991 0.01690336
58833.584215 23.335536 0.016860186
58833.584762 23.350412 0.012958845
58833.585316 23.428013 0.014926681
58833.585886 23.334191 0.014950571
58833.586442 23.346513 0.014957295
58833.587001 23.37195 0.016939062
58833.587566 23.357813 0.016912299
58833.58814 23.33833 0.01692436
58833.588711 23.397299 0.01398389
58833.589285 23.427694 0.013978539
58833.589857 23.578737 0.01585069
58833.590423 23.303982 0.015850177
58833.590994 23.515091 0.016872539
58833.591559 23.29776 0.017822071
58833.592112 23.317018 0.016836081
58833.592665 23.391098 0.018797539
58833.593224 23.34008 0.018864371
58833.593796 23.389419 0.01888824
58833.594369 23.340698 0.019680271
58833.59492 23.370219 0.018828739
58833.595528 23.382224 0.017854466
58833.596082 23.346575 0.016905219
58833.596665 23.394704 0.01989355
58833.597231 23.35138 0.017873459
58833.597797 23.409239 0.017930003
58833.59838 23.54278 0.015965167
58833.598947 23.470714 0.015954792
58833.599512 23.377178 0.017936286
58833.60009 23.526975 0.016957016
58833.600655 23.456684 0.016959842
58833.601221 23.408339 0.014947914
58833.601788 23.387407 0.014966701
58833.602358 23.365453 0.016951307
58833.602926 23.450916 0.016923291
58833.60349 23.378357 0.018853628
58833.604047 23.478782 0.017941919
58833.604615 23.348309 0.016916209
58833.605171 23.394501 0.017871654
58833.605736 23.381664 0.018911588
58833.606292 23.43807 0.017914929
58833.606846 23.340861 0.017896474
58833.607409 23.416398 0.017908944
58833.607972 23.361683 0.017934125
58833.608554 23.362251 0.018882264
58833.609122 23.382471 0.017922434
58833.609691 23.333722 0.017876718
58833.61027 23.359504 0.016921301
58833.610843 23.340318 0.016918186
58833.611415 23.369823 0.014916047
58833.611993 23.312245 0.015897787
58833.612577 23.339765 0.015894212
58833.613137 23.32427 0.015903673
58833.613696 23.365876 0.01588965
58833.614278 23.358413 0.014922944
58833.614853 23.35018 0.015864005
58833.615407 23.364039 0.015889846
58833.615983 23.378102 0.016904416
58833.616534 23.429609 0.014939939
58833.617093 23.370776 0.019914095
58833.617655 23.368365 0.016944837
58833.618216 23.375158 0.015954483
58833.618781 23.495051 0.016954668
58833.619336 23.420107 0.016946365
58833.619908 23.365643 0.018933438
58833.620489 23.403676 0.017940654
58833.621073 23.467969 0.016950599
58833.621643 23.420754 0.015932566
58833.622212 23.374297 0.015940321
58833.622786 23.39256 0.017907603
58833.623339 23.415186 0.014955035
58833.623898 23.436107 0.016933854
58833.624467 23.413081 0.019945419
58833.625042 23.448671 0.016941878
58833.625625 23.398512 0.015950443
58833.626195 23.42023 0.015957898
58833.626758 23.400993 0.0179123
58833.627345 23.462094 0.015968805
58833.627901 23.413396 0.016967059
58833.628481 23.478126 0.01596953
58833.629058 23.437234 0.016965111
58833.629625 23.476466 0.014971634
58833.630194 23.50545 0.017967642
58833.630754 23.456832 0.013979779
58833.631339 23.398284 0.015935271
58833.631919 23.32274 0.01685654
58833.632476 23.368231 0.018868432
58833.633035 23.340575 0.015923158
58833.633609 23.371341 0.016906227
58833.634176 23.410541 0.017944147
58833.63477 23.397264 0.01892392
58833.63533 23.480054 0.016960529
58833.635896 23.354396 0.015942895
58833.636454 23.518415 0.015974539
58833.637031 23.44356 0.016911769
58833.637603 23.475952 0.017952229
58833.638178 23.452964 0.016921077
58833.638751 23.509869 0.015969782
58833.639317 23.454339 0.015967926
58833.639885 23.508243 0.016969303
58833.640451 23.503156 0.015984892
58833.641017 23.515963 0.014984238
58833.641587 23.509745 0.016968743
58833.642165 23.517389 0.016973699
58833.642733 23.526535 0.016971514
58833.643298 23.550726 0.017966207
58833.643881 23.536198 0.017954871
58833.644463 23.571944 0.015984417
58833.645038 23.553646 0.016973134
58833.645621 23.516913 0.017952038
58833.646196 23.543449 0.01895254
58833.646775 23.490225 0.015972479
58833.647352 23.468081 0.016974054
58833.647947 23.536575 0.017948181
58833.648518 23.503991 0.01598581
58833.649091 23.48276 0.015976431
58833.649661 23.518211 0.015983444
58833.650234 23.545044 0.016982381
58833.650812 23.55617 0.017975503
58833.651385 23.501476 0.015972505
58833.651942 23.527682 0.016971591
58833.652501 23.493075 0.016980919
58833.653051 23.535797 0.016984899
58833.653627 23.459309 0.015982948
58833.654196 23.531232 0.017967653
58833.654761 23.495452 0.016974533
58833.655332 23.555961 0.016981528
58833.655903 23.541097 0.016984086
58833.656459 23.516215 0.016984277
58833.657018 23.534974 0.015987333
58833.657575 23.496597 0.014989324
58833.658134 23.542494 0.017980514
58833.658729 23.498839 0.016972122
58833.659291 23.524365 0.017974872
58833.659866 23.518443 0.01798583
58833.660428 23.549716 0.017971368
58833.660996 23.500136 0.018972123
58833.661568 23.462383 0.015976054
58833.662129 23.55432 0.018955101
58833.662686 23.415034 0.019951422
58833.663254 23.594282 0.017982846
58833.663845 23.487097 0.019930905
58833.664399 23.486428 0.017969327
58833.664959 23.525006 0.017983005
58833.66553 23.526909 0.01897753
58833.666087 23.526154 0.017984766
58833.666661 23.544857 0.016986123
58833.66724 23.525531 0.015989507
58833.667808 23.505138 0.015987818
58833.668374 23.505282 0.016984966
58833.66894 23.484607 0.016979915
58833.669515 23.544946 0.018976053
58833.670105 23.527817 0.01896991
58833.670664 23.528058 0.018968361
58833.671231 23.471626 0.016975433
58833.671792 23.43135 0.016971899
58833.672357 23.526731 0.017969834
58833.672921 23.468806 0.017967801
58833.6735 23.47879 0.016981978
58833.674063 23.567885 0.018982961
58833.674632 23.507181 0.018967234
58833.675223 23.384853 0.020919123
58833.67579 23.558046 0.019958611
58833.67635 23.454708 0.01795423
58833.676916 23.384602 0.017972608
58833.677484 23.391078 0.019964338
58833.678056 23.421326 0.016964505
58833.678616 23.371313 0.01988081
58833.679182 23.360866 0.021886206
58833.679761 23.366068 0.021824884
58833.680323 23.364778 0.022644177
58833.680894 23.376127 0.022825868
58833.681455 23.329421 0.021717871
58833.68202 23.369062 0.021811662
58833.682591 23.343783 0.019823927
58833.683157 23.388614 0.022896964
58833.683728 23.393361 0.019892328
58833.68429 23.375165 0.021802093
58833.684864 23.43757 0.018938366
58833.685427 23.39143 0.019930802
58833.686006 23.387672 0.02090272
58833.68663 23.400072 0.021956318
58833.687197 23.481917 0.017973553
58833.687766 23.494865 0.018963815
58833.688335 23.38283 0.021967639
58833.6889 23.531052 0.020957042
58833.689473 23.378705 0.021951707
58833.690035 23.40234 0.019952803
58833.690606 23.403335 0.01893532
58833.691182 23.453973 0.018963635
58833.691769 23.395629 0.019944827
58833.692334 23.360904 0.018913069
58833.692912 23.398743 0.019933283
58833.693482 23.370104 0.019945879
58833.694055 23.497574 0.018949084
58833.694629 23.407396 0.021966081
58833.695214 23.425842 0.020959785
58833.695788 23.406517 0.022952909
58833.696709 23.413645 0.01895917
58833.697282 23.369398 0.019925297
58833.697854 23.449369 0.018942116
58833.698426 23.446278 0.019955813
58833.698997 23.40682 0.022941502
58833.699574 23.558425 0.019971903
58833.700162 23.480895 0.0189761
58833.700738 23.389507 0.020965088
58833.701314 23.483078 0.019964593
58833.701879 23.425265 0.026965695
58833.702433 23.58289 0.020978928
58833.702997 23.53444 0.017982682
58833.703569 23.554664 0.021969103
58833.704138 23.484686 0.016986546
58833.704693 23.517688 0.019980003
58833.705269 23.530417 0.019970961
58833.705842 23.517254 0.019961412
58833.706416 23.464428 0.019952445
58833.706995 23.484402 0.017980391
58833.70756 23.555938 0.019965866
58833.708139 23.500491 0.018968842
58833.708701 23.543495 0.019975318
58833.709269 23.489633 0.01897649
58833.709837 23.509789 0.017975424
58833.710398 23.54438 0.019976516
58833.710961 23.409016 0.022944495
58833.711531 23.451672 0.019965255
58833.712096 23.437712 0.018963736
58833.712678 23.491018 0.018959495
58833.713245 23.395455 0.0199673
58833.713811 23.499722 0.018968203
58833.71438 23.498767 0.017976119
58833.714942 23.462823 0.018969406
58833.715515 23.546451 0.018967901
58833.716099 23.516938 0.016981049
58833.716662 23.53726 0.017981338
58833.717217 23.474437 0.015981255
58833.717786 23.54814 0.018967413
58833.718352 23.472428 0.018961875
58833.718933 23.443253 0.016970922
58833.719515 23.485934 0.018966298
58833.720081 23.374775 0.017959635
58833.720652 23.374531 0.021966009
58833.721229 23.395106 0.020955638
58833.721798 23.393663 0.018959804
58833.722365 23.517522 0.018963929
58833.722938 23.498862 0.016980311
58833.723517 23.505107 0.018965029
58833.724095 23.499346 0.017971108
58833.724659 23.586969 0.020966568
58833.725228 23.516046 0.017969001
58833.725794 23.367592 0.018970917
58833.726369 23.403539 0.016958483
58833.726949 23.371816 0.018938487
58833.727521 23.390465 0.019903334
58833.728085 23.413294 0.017924256
58833.728659 23.519422 0.018955235
58833.729226 23.346184 0.01995582
58833.729803 23.434707 0.016972612
58833.730359 23.478827 0.017960893
58833.730924 23.506376 0.017970351
58833.731502 23.412765 0.017969668
58833.732059 23.408195 0.018920936
58833.732632 23.394078 0.017955396
58833.733194 23.445294 0.018932431
58833.733759 23.352312 0.018899191
58833.734321 23.40138 0.020924873
58833.734879 23.398405 0.019911624
58833.735444 23.349002 0.019872721
58833.736003 23.366905 0.021882987
58833.736571 23.386995 0.023874418
58833.737136 23.393331 0.021880072
58833.737691 23.342215 0.02091697
58833.738267 23.354155 0.020809389
58833.738823 23.348478 0.018903087
58833.739382 23.354661 0.018921738
58833.739948 23.385141 0.021861986
58833.740522 23.339676 0.020869523
58833.741085 23.326013 0.021838577
58833.741647 23.344985 0.018920149
58833.742215 23.396462 0.020934062
58833.742788 23.425168 0.020858269
58833.743365 23.375601 0.019915199
58833.743953 23.394901 0.020904408
58833.744526 23.351866 0.019925737
58833.745093 23.488364 0.018950553
58833.745664 23.364042 0.019936744
58833.746226 23.519645 0.019946032
58833.746789 23.40257 0.017948536
58833.747358 23.445197 0.016963646
58833.747921 23.433401 0.018956606
58833.748478 23.511116 0.018962234
58833.749035 23.437673 0.018961254
58833.749599 23.437103 0.018958957
58833.750168 23.414929 0.017922795
58833.750733 23.385113 0.01792964
58833.751298 23.361276 0.018890574
58833.751854 23.399386 0.021891153
58833.752416 23.36666 0.019928767
58833.752988 23.407721 0.018935004
58833.753539 23.380555 0.019940634
58833.7541 23.479362 0.018948862
58833.754655 23.461921 0.017962056
58833.75523 23.512602 0.017975463
58833.755803 23.527855 0.020950623
58833.756377 23.538723 0.02095222
58833.756948 23.487087 0.016976868
58833.757519 23.476533 0.017979647
58833.758074 23.50498 0.017975203
58833.758639 23.43477 0.020936086
58833.759204 23.380133 0.023921988
58833.759765 23.39919 0.021966031
58833.760341 23.433615 0.018969238
58833.760921 23.506986 0.021967047
58833.761489 23.365286 0.022936946
58833.76205 23.490483 0.019969802
58833.762618 23.455201 0.021954346
58833.763196 23.496057 0.019964602
58833.763771 23.511022 0.019979889
58833.764345 23.455603 0.018974981
58833.764904 23.507893 0.017979994
58833.765469 23.516312 0.016986824
58833.766035 23.500131 0.020976118
58833.766604 23.499671 0.020959724
58833.767179 23.50538 0.018981383
58833.767754 23.532632 0.019980124
58833.768337 23.513404 0.018974165
58833.768906 23.528918 0.01997687
58833.769468 23.566529 0.02195547
58833.770037 23.411422 0.021969867
58833.770609 23.536825 0.020963477
58833.771176 23.399925 0.022915619
58833.77175 23.381076 0.023934205
58833.772312 23.383939 0.022916207
58833.772873 23.392537 0.023897032
58833.773436 23.382303 0.023869804
58833.774013 23.390867 0.025882183
58833.774581 23.370715 0.025918794
58833.775149 23.402998 0.025915604
58833.775718 23.398909 0.022920796
58833.776274 23.382038 0.0219472
58833.776849 23.395057 0.022956745
58833.777425 23.472847 0.022953821
58833.777996 23.385741 0.023932101
58833.778564 23.512326 0.019955904
58833.779126 23.456707 0.020943768
58833.779701 23.394778 0.021941166
58833.780275 23.37185 0.020951735
58833.780836 23.389341 0.024873892
58833.781394 23.395769 0.023875593
58833.781959 23.448458 0.019948789
58833.78252 23.435264 0.020957323
58833.783078 23.386785 0.021914882
58833.783656 23.407156 0.022928154
58833.784224 23.385012 0.02195904
58833.784791 23.512306 0.021960511
58833.785359 23.359004 0.020966071
58833.785923 23.458628 0.019972682
58833.786499 23.391831 0.021959042
58833.787075 23.465068 0.019965519
58833.787657 23.538198 0.021964158
58833.788243 23.390721 0.021960935
58833.788815 23.473933 0.019971075
58833.789431 23.497514 0.019975923
58833.789993 23.458417 0.018970148
58833.790558 23.560982 0.019980518
58833.791114 23.569164 0.020962279
58833.791692 23.562897 0.02097598
58833.792254 23.455581 0.018961749
58833.792819 23.567833 0.018973118
58833.793386 23.582455 0.021960834
58833.793945 23.393093 0.020968847
58833.794517 23.531386 0.018973656
58833.79508 23.486886 0.018973465
58833.795646 23.408754 0.019975501
58833.796225 23.568031 0.018971311
58833.79679 23.399476 0.022981615
58833.797352 23.496531 0.017987549
58833.797908 23.492146 0.016983423
58833.798484 23.529769 0.016984941
58833.799061 23.540372 0.018980075
58833.799624 23.509874 0.018977961
58833.800185 23.575612 0.01998071
58833.800756 23.580068 0.020966971
58833.801313 23.588553 0.021973705
58833.801876 23.428271 0.016978967
58833.802443 23.569146 0.019962849
58833.803031 23.575664 0.018984579
58833.803608 23.493334 0.017978921
58833.804175 23.578387 0.019984145
58833.804741 23.516795 0.019983484
58833.805316 23.548149 0.018982608
58833.805876 23.635965 0.022975183
0.0 0.0 0.0
58833.807016 23.518953 0.019982351
58833.807582 23.460892 0.017972158
58833.80816 23.517959 0.018982565
58833.808724 23.47094 0.016985223
58833.809281 23.521144 0.017979803
58833.809857 23.501317 0.018983533
58833.810432 23.496755 0.018977458
58833.811002 23.540498 0.017982796
58833.81157 23.540395 0.018985114
58833.812141 23.473664 0.016986262
58833.81271 23.515707 0.018986213
58833.813283 23.544615 0.017988541
58833.81385 23.541507 0.016988088
58833.814425 23.534265 0.017986918
58833.81499 23.557429 0.019986339
58833.815567 23.580158 0.018984379
58833.816133 23.558119 0.019982105
58833.816698 23.552732 0.021963262
58833.817289 23.55323 0.018976794
58833.817864 23.438363 0.020972278
58833.818429 23.511026 0.017974899
58833.819011 23.529136 0.019973229
58833.819573 23.446566 0.015984245
58833.820146 23.444471 0.017971507
58833.82073 23.499103 0.017977396
58833.821295 23.515151 0.017977313
58833.821869 23.401015 0.022974614
58833.822431 23.56111 0.020981709
58833.822986 23.414106 0.026980329
58833.823546 23.476628 0.021967697
58833.824122 23.461359 0.018968645
58833.82469 23.494948 0.021979276
58833.82527 23.455687 0.020982912
58833.825842 23.530587 0.021977892
58833.826414 23.435518 0.021966678
58833.826987 23.513379 0.019968637
58833.827559 23.60979 0.021971585
58833.828123 23.531659 0.019978922
58833.828694 23.512104 0.019964259
58833.829263 23.464181 0.018973358
58833.829826 23.55432 0.02096173
58833.830398 23.408839 0.021971065
58833.830961 23.466293 0.018974552
58833.831526 23.557866 0.019964131
58833.832097 23.496163 0.016981683
58833.83267 23.66402 0.021972361
58833.833228 23.514546 0.019973862
58833.833798 23.430882 0.01598358
58833.834371 23.490165 0.017966239
58833.834936 23.500483 0.0179812
58833.83551 23.378528 0.019977667
58833.836083 23.454627 0.017978282
58833.836648 23.493627 0.016980705
58833.837231 23.417963 0.017979464
58833.837806 23.409311 0.020948667
58833.83839 23.518443 0.019961951
58833.838952 23.386589 0.021946808
58833.839512 23.391446 0.019972787
58833.840078 23.389227 0.021962737
58833.840638 23.508864 0.018975487
58833.841214 23.507631 0.018975549
58833.841784 23.500092 0.018981303
58833.842354 23.459781 0.017979676
58833.842932 23.494663 0.018976464
58833.8435 23.564422 0.020977335
58833.844068 23.517738 0.01798066
58833.84464 23.556457 0.018978618
58833.845192 23.574928 0.021980785
58833.845764 23.499165 0.017984586
58833.846315 23.556884 0.019983501
58833.846882 23.589146 0.019986285
58833.847447 23.64773 0.025973352
58833.848017 23.497924 0.018984187
58833.848583 23.54353 0.021977054
58833.849139 23.555923 0.023978524
58833.849713 23.585477 0.024967607
58833.850286 23.547412 0.019983822
