HJD mag magerr
58833.526351 24.333482 0.078717315
58833.526938 24.437152 0.08072553
58833.527497 24.459753 0.067899212
58833.528073 24.360945 0.074740563
58833.52864 24.410761 0.054835287
58833.529223 24.47552 0.075646506
58833.529794 24.290413 0.064418264
58833.530369 24.383489 0.044810646
58833.530936 24.30636 0.040830639
58833.531508 24.341771 0.03389035
58833.532068 24.448347 0.032930234
58833.532639 24.3778 0.034848676
58833.533201 24.385315 0.031921413
58833.533765 24.37468 0.031921668
58833.534319 24.384462 0.035818396
58833.534878 24.340519 0.031850044
58833.535457 24.37853 0.033795974
58833.536022 24.398391 0.028937234
58833.536586 24.365479 0.029929581
58833.537148 24.385616 0.025933943
58833.537706 24.386762 0.027909463
58833.538275 24.402012 0.02690109
58833.538843 24.408853 0.025940976
58833.539403 24.332953 0.022938988
58833.539961 24.384026 0.023944095
58833.540691 24.361164 0.024934519
58833.54127 24.373594 0.02394285
58833.541834 24.358562 0.022955504
58833.542384 24.362036 0.023943939
58833.542946 24.352803 0.022947625
58833.543507 24.405172 0.0229405
58833.544071 24.366745 0.022942457
58833.544644 24.355721 0.020967858
58833.545206 24.403785 0.02492651
58833.545767 24.392188 0.021959899
58833.54634 24.345016 0.021971056
58833.546924 24.356673 0.020955992
58833.547488 24.369007 0.022932796
58833.548053 24.368614 0.02193675
58833.548633 24.352216 0.019959376
58833.549203 24.365317 0.021966154
58833.549779 24.376442 0.020964819
58833.550355 24.422272 0.025946108
58833.550911 24.368355 0.020965289
58833.551466 24.326789 0.02095238
58833.552025 24.329692 0.02394131
58833.552609 24.38715 0.022955618
58833.553172 24.420421 0.022955299
58833.553736 24.397507 0.022946611
58833.554298 24.368776 0.022964269
58833.554862 24.392143 0.022963447
58833.55542 24.358868 0.020969139
58833.556007 24.363925 0.024955326
58833.556565 24.375214 0.022979175
58833.557125 24.34283 0.023974718
58833.557676 24.424267 0.024979246
58833.558245 24.360633 0.024969134
58833.558811 24.324464 0.02195572
58833.559373 24.383552 0.022945724
58833.559928 24.40082 0.02390353
58833.560497 24.387561 0.033643125
58833.561052 24.330406 0.022920786
58833.561629 24.44068 0.023933907
58833.562183 24.412432 0.025928529
58833.562742 24.348097 0.020949054
58833.563315 24.308975 0.022957177
58833.563889 24.399343 0.025873272
58833.564461 24.293242 0.026612357
58833.565019 24.348736 0.020942067
58833.565576 24.359639 0.01799143
58833.566153 24.444834 0.021930672
58833.566722 24.400291 0.021970524
58833.56729 24.349189 0.021950573
58833.56785 24.367098 0.020958329
58833.568406 24.385214 0.020972771
58833.568961 24.302003 0.017971431
58833.569533 24.351922 0.017977831
58833.570095 24.359058 0.017979445
58833.57065 24.35803 0.01998224
58833.57121 24.367777 0.017977231
58833.571768 24.377792 0.021954258
58833.572322 24.398104 0.018982746
58833.572898 24.309079 0.018968857
58833.573468 24.436753 0.022939337
58833.574037 24.423548 0.02492014
58833.574593 24.339159 0.021923471
58833.575159 24.422039 0.029641241
58833.575726 24.379719 0.021867473
58833.576286 24.34546 0.021874318
58833.576839 24.358477 0.022898333
58833.577403 24.355198 0.020934217
58833.577964 24.32746 0.01896646
58833.578544 24.331523 0.020952933
58833.579114 24.396895 0.019951844
58833.579688 24.396728 0.023923053
58833.580238 24.378708 0.022916888
58833.58081 24.34098 0.022879107
58833.581375 24.393298 0.022919993
58833.581944 24.332969 0.020936155
58833.582509 24.353214 0.020947657
58833.58308 24.404148 0.022931515
58833.583647 24.401335 0.023900864
58833.584215 24.397951 0.026815509
58833.584762 24.40822 0.02189735
58833.585316 24.430773 0.024848394
58833.585886 24.307209 0.017946375
58833.586442 24.393284 0.019944052
58833.587001 24.312717 0.020931604
58833.587566 24.434842 0.028865906
58833.58814 24.388891 0.026872758
58833.588711 24.339199 0.018965936
58833.589285 24.372568 0.018963742
58833.589857 24.39055 0.024790811
58833.590423 24.415673 0.025867926
58833.590994 24.324554 0.026801099
58833.591559 24.324768 0.033719469
58833.592112 24.384871 0.030746944
58833.592665 24.336008 0.030754225
58833.593224 24.351331 0.034779442
58833.593796 24.448587 0.032865843
58833.594369 24.430343 0.03575356
58833.59492 24.402006 0.037678782
58833.595528 24.373442 0.029820643
58833.596082 24.392607 0.029854666
58833.596665 24.488809 0.027876064
58833.597231 24.390876 0.025897865
58833.597797 24.405332 0.024915629
58833.59838 24.355058 0.019956557
58833.598947 24.381557 0.019957275
58833.599512 24.376983 0.023928034
58833.60009 24.423102 0.024942199
58833.600655 24.393052 0.024956058
58833.601221 24.395365 0.022948674
58833.601788 24.369224 0.023927041
58833.602358 24.344362 0.02096144
58833.602926 24.458501 0.024947738
58833.60349 24.367244 0.029828779
58833.604047 24.368792 0.021952079
58833.604615 24.364055 0.025907251
58833.605171 24.406304 0.028892553
58833.605736 24.409105 0.029906737
58833.606292 24.450347 0.027929108
58833.606846 24.312419 0.026867149
58833.607409 24.409586 0.028896175
58833.607972 24.369859 0.026882446
58833.608554 24.456688 0.028895435
58833.609122 24.342855 0.026900837
58833.609691 24.410214 0.027871375
58833.61027 24.380543 0.025902851
58833.610843 24.420212 0.023914478
58833.611415 24.420001 0.023877618
58833.611993 24.364213 0.024851678
58833.612577 24.351869 0.023868071
58833.613137 24.351832 0.025822959
58833.613696 24.335273 0.023799232
58833.614278 24.356978 0.0228578
58833.614853 24.333123 0.023837244
58833.615407 24.398399 0.025856931
58833.615983 24.374961 0.025884405
58833.616534 24.390476 0.025868555
58833.617093 24.455448 0.029891733
58833.617655 24.370089 0.021934902
58833.618216 24.37063 0.024925782
58833.618781 24.396999 0.023918726
58833.619336 24.368329 0.024913411
58833.619908 24.370351 0.025924127
58833.620489 24.366072 0.021940929
58833.621073 24.407694 0.02294962
58833.621643 24.3703 0.025868619
58833.622212 24.338494 0.024923022
58833.622786 24.408448 0.026901886
58833.623339 24.408466 0.025910796
58833.623898 24.370377 0.024943019
58833.624467 24.328175 0.022946532
58833.625042 24.380561 0.022933551
58833.625625 24.351978 0.021944166
58833.626195 24.389946 0.024942502
58833.626758 24.406209 0.023945567
58833.627345 24.351838 0.022956005
58833.627901 24.367381 0.021967002
58833.628481 24.36902 0.023961602
58833.629058 24.386795 0.021935961
58833.629625 24.364955 0.02096915
58833.630194 24.361535 0.019969067
58833.630754 24.392878 0.021964438
58833.631339 24.270979 0.022925613
58833.631919 24.355972 0.024900725
58833.632476 24.366493 0.026899567
58833.633035 24.357541 0.024876304
58833.633609 24.285824 0.025813528
58833.634176 24.383615 0.030936591
58833.63477 24.436747 0.026907378
58833.63533 24.366307 0.025936647
58833.635896 24.348492 0.025903058
58833.636454 24.371275 0.020967681
58833.637031 24.35475 0.022943679
58833.637603 24.383202 0.02592629
58833.638178 24.359727 0.023915408
58833.638751 24.411802 0.022945606
58833.639317 24.356 0.023942732
58833.639885 24.383527 0.021949907
58833.640451 24.378121 0.024962156
58833.641017 24.352391 0.023957661
58833.641587 24.428042 0.023970127
58833.642165 24.357479 0.023963015
58833.642733 24.360155 0.023945725
58833.643298 24.392531 0.02596338
58833.643881 24.393827 0.022970431
58833.644463 24.37757 0.021970215
58833.645038 24.371679 0.025952632
58833.645621 24.363536 0.023949666
58833.646196 24.399441 0.025950162
58833.646775 24.38245 0.023970447
58833.647352 24.363351 0.024952884
58833.647947 24.3531 0.02294934
58833.648518 24.401019 0.023976739
58833.649091 24.3781 0.022972509
58833.649661 24.383808 0.021971257
58833.650234 24.389115 0.021974003
58833.650812 24.377754 0.023957741
58833.651385 24.403411 0.024950729
58833.651942 24.365243 0.023946362
58833.652501 24.371744 0.022968001
58833.653051 24.366336 0.021980437
58833.653627 24.381141 0.021980058
58833.654196 24.372807 0.02394905
58833.654761 24.386945 0.021973147
58833.655332 24.389178 0.025951479
58833.655903 24.351496 0.024975655
58833.656459 24.361568 0.022975995
58833.657018 24.391985 0.022977417
58833.657575 24.399493 0.025961991
58833.658134 24.394647 0.022970282
58833.658729 24.346299 0.024950738
58833.659291 24.368117 0.021974651
58833.659866 24.389331 0.023974313
58833.660428 24.315677 0.023950177
58833.660996 24.383533 0.025955406
58833.661568 24.377217 0.024951187
58833.662129 24.371069 0.024953028
58833.662686 24.370451 0.028923148
58833.663254 24.388642 0.025955428
58833.663845 24.378197 0.027955495
58833.664399 24.345046 0.025948488
58833.664959 24.413655 0.026970642
58833.66553 24.410566 0.026976093
58833.666087 24.350384 0.025975181
58833.666661 24.384067 0.027978221
58833.66724 24.375417 0.023980892
58833.667808 24.384694 0.021977944
58833.668374 24.364036 0.023983807
58833.66894 24.372019 0.024976812
58833.669515 24.396995 0.025972806
58833.670105 24.387148 0.026969502
58833.670664 24.420858 0.029965681
58833.671231 24.382406 0.024962197
58833.671792 24.406062 0.02696574
58833.672357 24.420952 0.027961216
58833.672921 24.363629 0.024977564
58833.6735 24.39045 0.029955313
58833.674063 24.354692 0.026973016
58833.674632 24.36443 0.027939008
58833.675223 24.383908 0.029905718
58833.67579 24.388851 0.029929565
58833.67635 24.319284 0.028937737
58833.676916 24.416019 0.029956771
58833.677484 24.351952 0.028955423
58833.678056 24.361768 0.030895795
58833.678616 24.360761 0.034867257
58833.679182 24.36699 0.034872902
58833.679761 24.432925 0.036819551
58833.680323 24.349241 0.043718545
58833.680894 24.399701 0.038790802
58833.681455 24.361224 0.038792315
58833.68202 24.428019 0.036856827
58833.682591 24.384684 0.040723775
58833.683157 24.412397 0.039890038
58833.683728 24.38341 0.036831104
58833.68429 24.396556 0.039787492
58833.684864 24.353389 0.030926116
58833.685427 24.382319 0.034920464
58833.686006 24.345557 0.034896055
58833.68663 24.426709 0.035923246
58833.687197 24.316821 0.029954091
58833.687766 24.412563 0.034959432
58833.688335 24.321828 0.031926801
58833.6889 24.396278 0.031923518
58833.689473 24.372073 0.029948059
58833.690035 24.39436 0.030919264
58833.690606 24.374677 0.030929573
58833.691182 24.368381 0.032940668
58833.691769 24.406209 0.031898696
58833.692334 24.381625 0.034890965
58833.692912 24.372017 0.031873711
58833.693482 24.349903 0.028939562
58833.694055 24.375169 0.031904018
58833.694629 24.40428 0.030952807
58833.695214 24.399788 0.030927096
58833.695788 24.383108 0.033951667
58833.696709 24.34014 0.031950711
58833.697282 24.334353 0.032905158
58833.697854 24.348174 0.032903344
58833.698426 24.376315 0.031944354
58833.698997 24.32228 0.033926965
58833.699574 24.401951 0.033952065
58833.700162 24.365796 0.030941601
58833.700738 24.382225 0.034926639
58833.701314 24.366101 0.029955883
58833.701879 24.446338 0.03996188
58833.702433 24.427859 0.035963262
58833.702997 24.3701 0.029969899
58833.703569 24.394917 0.030967882
58833.704138 24.356273 0.029978777
58833.704693 24.371168 0.033968893
58833.705269 24.38901 0.029964044
58833.705842 24.383019 0.033934573
58833.706416 24.332623 0.031956396
58833.706995 24.43256 0.031976194
58833.70756 24.388693 0.033961375
58833.708139 24.402973 0.028968045
58833.708701 24.349317 0.029942786
58833.709269 24.35554 0.030960309
58833.709837 24.383075 0.029933185
58833.710398 24.359858 0.031938562
58833.710961 24.337854 0.032941354
58833.711531 24.368288 0.030945155
58833.712096 24.397657 0.030959398
58833.712678 24.343778 0.030955649
58833.713245 24.383026 0.030951486
58833.713811 24.378073 0.029943139
58833.71438 24.341419 0.026955713
58833.714942 24.378359 0.027961771
58833.715515 24.392218 0.027962638
58833.716099 24.363317 0.028971169
58833.716662 24.374135 0.031967446
58833.717217 24.355527 0.02796601
58833.717786 24.350206 0.027943784
58833.718352 24.389362 0.029955063
58833.718933 24.415395 0.029959067
58833.719515 24.365052 0.028948496
58833.720081 24.383379 0.035896367
58833.720652 24.424415 0.028964339
58833.721229 24.398157 0.027955993
58833.721798 24.388055 0.029955803
58833.722365 24.368577 0.027962946
58833.722938 24.401235 0.02596353
58833.723517 24.372971 0.026940775
58833.724095 24.378132 0.025969471
58833.724659 24.341048 0.026961806
58833.725228 24.364668 0.027960854
58833.725794 24.367198 0.029913351
58833.726369 24.315371 0.028905889
58833.726949 24.433156 0.031922563
58833.727521 24.378929 0.029900261
58833.728085 24.38344 0.0289127
58833.728659 24.392782 0.029949579
58833.729226 24.406212 0.0319283
58833.729803 24.351422 0.028925413
58833.730359 24.365657 0.026958237
58833.730924 24.375069 0.024964719
58833.731502 24.379751 0.030947872
58833.732059 24.424255 0.034902955
58833.732632 24.407996 0.032918042
58833.733194 24.322769 0.029918509
58833.733759 24.398868 0.032904794
58833.734321 24.378115 0.033878106
58833.734879 24.425998 0.037907324
58833.735444 24.366904 0.034863861
58833.736003 24.426491 0.038881719
58833.736571 24.433347 0.044852705
58833.737136 24.433525 0.037825091
58833.737691 24.354973 0.034909504
58833.738267 24.383242 0.03778111
58833.738823 24.377632 0.03189547
58833.739382 24.362215 0.033885036
58833.739948 24.412976 0.037857814
58833.740522 24.451242 0.037846209
58833.741085 24.36106 0.041649699
58833.741647 24.445766 0.037908358
58833.742215 24.379965 0.031909115
58833.742788 24.371464 0.034870254
58833.743365 24.384886 0.035899881
58833.743953 24.408267 0.035903397
58833.744526 24.355726 0.0319244
58833.745093 24.409269 0.030906957
58833.745664 24.410895 0.02992884
58833.746226 24.418582 0.032942186
58833.746789 24.348631 0.026942176
58833.747358 24.375054 0.029955678
58833.747921 24.364621 0.028952848
58833.748478 24.354924 0.027959216
58833.749035 24.354301 0.02695955
58833.749599 24.383866 0.027959173
58833.750168 24.380594 0.032911807
58833.750733 24.378003 0.031907598
58833.751298 24.321945 0.03280066
58833.751854 24.416895 0.035885788
58833.752416 24.363723 0.030921324
58833.752988 24.378122 0.030923395
58833.753539 24.417849 0.033900122
58833.7541 24.379841 0.028907861
58833.754655 24.37172 0.029937525
58833.75523 24.429655 0.028959952
58833.755803 24.403142 0.0319482
58833.756377 24.334178 0.031949595
58833.756948 24.41426 0.02897359
58833.757519 24.406777 0.032968206
58833.758074 24.441478 0.031971654
58833.758639 24.437602 0.038928699
58833.759204 24.432517 0.038936267
58833.759765 24.442006 0.033939329
58833.760341 24.361767 0.031955231
58833.760921 24.373013 0.034964257
58833.761489 24.362602 0.039923442
58833.76205 24.383165 0.03394831
58833.762618 24.353462 0.031947799
58833.763196 24.393341 0.030940702
58833.763771 24.357503 0.029970656
58833.764345 24.355099 0.031959442
58833.764904 24.339736 0.0349428
58833.765469 24.381348 0.030974086
58833.766035 24.356573 0.030970809
58833.766604 24.364222 0.031965327
58833.767179 24.393678 0.031961752
58833.767754 24.447592 0.032970392
58833.768337 24.43402 0.033959815
58833.768906 24.370685 0.03196798
58833.769468 24.412533 0.034962926
58833.770037 24.454735 0.033957517
58833.770609 24.417782 0.035966275
58833.771176 24.354143 0.038906405
58833.77175 24.414449 0.0369364
58833.772312 24.393107 0.04091339
58833.772873 24.412366 0.045881073
58833.773436 24.451692 0.049863765
58833.774013 24.402113 0.046875538
58833.774581 24.385567 0.044912818
58833.775149 24.357987 0.04087026
58833.775718 24.409033 0.041905407
58833.776274 24.411428 0.040899097
58833.776849 24.378831 0.03695186
58833.777425 24.44365 0.043950828
58833.777996 24.343622 0.039919846
58833.778564 24.38535 0.038930393
58833.779126 24.48624 0.042908017
58833.779701 24.34476 0.038901403
58833.780275 24.357562 0.037907791
58833.780836 24.401989 0.039884189
58833.781394 24.444402 0.044876059
58833.781959 24.420069 0.038936779
58833.78252 24.397058 0.039935233
58833.783078 24.29829 0.037917028
58833.783656 24.341031 0.033926669
58833.784224 24.423952 0.040934754
58833.784791 24.416988 0.036956091
58833.785359 24.372212 0.032956694
58833.785923 24.403698 0.03096523
58833.786499 24.378015 0.038952067
58833.787075 24.43174 0.038912509
58833.787657 24.436367 0.033965466
58833.788243 24.369632 0.031955394
58833.788815 24.390161 0.035953218
58833.789431 24.376086 0.030970199
58833.789993 24.416909 0.030969779
58833.790558 24.393875 0.029975881
58833.791114 24.41566 0.033958794
58833.791692 24.344391 0.030969875
58833.792254 24.34892 0.026968229
58833.792819 24.359458 0.030955456
58833.793386 24.362672 0.028954519
58833.793945 24.422311 0.029964247
58833.794517 24.433519 0.028966132
58833.79508 24.366669 0.027960722
58833.795646 24.388767 0.030957914
58833.796225 24.366982 0.024969604
58833.79679 24.35197 0.026975846
58833.797352 24.360845 0.025977807
58833.797908 24.393271 0.027976654
58833.798484 24.353811 0.026977443
58833.799061 24.389853 0.02696368
58833.799624 24.349838 0.028971096
58833.800185 24.34959 0.029967417
58833.800756 24.374117 0.025973565
58833.801313 24.386041 0.02697332
58833.801876 24.38527 0.026962943
58833.802443 24.358148 0.029958346
58833.803031 24.348326 0.027977894
58833.803608 24.360708 0.025975191
58833.804175 24.372669 0.026979996
58833.804741 24.348864 0.027974546
58833.805316 24.418458 0.029982617
58833.805876 24.391019 0.030969669
58833.806445 24.412213 0.028981821
58833.807016 24.355239 0.029970741
58833.807582 24.391153 0.029967359
58833.80816 24.374208 0.027976342
58833.808724 24.420774 0.02997525
58833.809281 24.40304 0.027970691
58833.809857 24.388976 0.028974077
58833.810432 24.375055 0.027976856
58833.811002 24.404584 0.031977885
58833.81157 24.374547 0.02997969
58833.812141 24.396781 0.028981163
58833.81271 24.380178 0.023984347
58833.813283 24.403081 0.026978596
58833.81385 24.352564 0.023979458
58833.814425 24.401887 0.025982682
58833.81499 24.362683 0.025977304
58833.815567 24.40695 0.027979659
58833.816133 24.347066 0.029971098
58833.816698 24.396336 0.029977411
58833.817289 24.371299 0.028969382
58833.817864 24.414806 0.034963732
58833.818429 24.35878 0.02797276
58833.819011 24.358164 0.031967133
58833.819573 24.393431 0.030969012
58833.820146 24.353362 0.029951189
58833.82073 24.353618 0.026962677
58833.821295 24.343277 0.027970951
58833.821869 24.352362 0.030971623
58833.822431 24.377102 0.030971086
58833.822986 24.384775 0.034970986
58833.823546 24.366271 0.035968252
58833.824122 24.412107 0.034963749
58833.82469 24.398222 0.035973137
58833.82527 24.364515 0.036969241
58833.825842 24.400388 0.037965078
58833.826414 24.444459 0.037964536
58833.826987 24.367196 0.033968932
58833.827559 24.42513 0.032964386
58833.828123 24.444641 0.032974878
58833.828694 24.385932 0.031970442
58833.829263 24.382177 0.028967042
58833.829826 24.413238 0.029967754
58833.830398 24.345779 0.032962363
58833.830961 24.429658 0.031957879
58833.831526 24.382663 0.027973749
58833.832097 24.393062 0.026974326
58833.83267 24.426912 0.026974382
58833.833228 24.361185 0.028959641
58833.833798 24.364492 0.02696929
58833.834371 24.339107 0.028967326
58833.834936 24.428287 0.027970634
58833.83551 24.403777 0.028973647
58833.836083 24.387355 0.028973465
58833.836648 24.388041 0.030952143
58833.837231 24.354039 0.028954079
58833.837806 24.382092 0.035915475
58833.83839 24.357468 0.030954256
58833.838952 24.319178 0.030940271
58833.839512 24.379281 0.030965036
58833.840078 24.36127 0.031959485
58833.840638 24.370916 0.028970029
58833.841214 24.378045 0.031969224
58833.841784 24.402735 0.030967061
58833.842354 24.34712 0.031972817
58833.842932 24.356486 0.030971261
58833.8435 24.368227 0.032965641
58833.844068 24.346937 0.029967872
58833.84464 24.386747 0.031967008
58833.845192 24.400445 0.03596064
58833.845764 24.385216 0.031978196
58833.846315 24.384848 0.029979473
58833.846882 24.453932 0.0339789
58833.847447 24.407973 0.034978165
58833.848017 24.352927 0.034969175
58833.848583 24.406016 0.042973083
58833.849139 24.361651 0.037960782
58833.849713 24.417882 0.037966906
58833.850286 24.441964 0.035973731
