HJD mag magerr
58833.526351 22.068482 0.016777737
58833.526938 22.007152 0.016803054
58833.527497 22.029753 0.013946622
58833.528073 21.935945 0.015822296
58833.52864 21.995761 0.01291389
58833.529223 21.93852 0.014775623
58833.529794 21.972413 0.014590469
58833.530369 22.062489 0.012899518
58833.530936 21.97636 0.012908983
58833.531508 21.971771 0.011951496
58833.532068 22.038347 0.011972961
58833.532639 22.0208 0.01290385
58833.533201 22.021315 0.01097806
58833.533765 22.01068 0.01097813
58833.534319 22.074462 0.011921245
58833.534878 21.964519 0.010965523
58833.535457 21.95153 0.013871273
58833.536022 21.997391 0.01098498
58833.536586 22.023479 0.010980068
58833.537148 22.042616 0.011968939
58833.537706 22.097762 0.012953021
58833.538275 22.003012 0.012934481
58833.538843 22.043853 0.011972217
58833.539403 21.977953 0.010984224
58833.539961 22.013026 0.010983239
58833.540691 22.038164 0.011963317
58833.54127 22.056594 0.011972482
58833.541834 22.037562 0.010986444
58833.542384 22.116036 0.011973002
58833.542946 22.034803 0.012967951
58833.543507 22.028172 0.014951143
58833.544071 22.015745 0.01196713
58833.544644 22.006721 0.0099999998
58833.545206 22.048785 0.012956265
58833.545767 22.038188 0.012975043
58833.54634 22.067016 0.012983507
58833.546924 22.007673 0.011980112
58833.547488 22.022007 0.011967249
58833.548053 22.017614 0.011968673
58833.548633 21.997216 0.010986916
58833.549203 22.042317 0.012978922
58833.549779 22.037442 0.011982183
58833.550355 22.008272 0.012968194
58833.550911 22.022355 0.01198242
58833.551466 22.043789 0.011975928
58833.552025 22.058692 0.011971746
58833.552609 22.03715 0.010988488
58833.553172 22.100421 0.012975059
58833.553736 22.029507 0.011973927
58833.554298 22.066776 0.013974942
58833.554862 22.048143 0.011982104
58833.55542 22.017868 0.011984361
58833.556007 22.058925 0.014963944
58833.556565 22.046214 0.012988353
58833.557125 22.02483 0.010993529
58833.557676 22.052267 0.010994763
58833.558245 22.047633 0.011987022
58833.558811 22.035464 0.011978006
58833.559373 22.049552 0.011976513
58833.559928 22.01882 0.011959189
58833.560497 22.013561 0.012778506
58833.561052 22.035406 0.010976052
58833.561629 22.14168 0.014952976
58833.562183 22.111432 0.011966422
58833.562742 22.024097 0.010986237
58833.563315 22.036975 0.010988889
58833.563889 22.031343 0.011948096
58833.564461 21.907242 0.013767964
58833.565019 21.989736 0.010987315
58833.565576 22.027639 0.010997682
58833.566153 22.047834 0.012968645
58833.566722 22.040291 0.011986951
58833.56729 22.002189 0.011978176
58833.56785 22.102098 0.013971671
58833.568406 22.069214 0.010992611
58833.568961 21.972003 0.011986778
58833.569533 22.002922 0.011988946
58833.570095 22.057058 0.010992966
58833.57065 22.06203 0.012988477
58833.57121 22.026777 0.011987517
58833.571768 22.043792 0.013964556
58833.572322 22.053104 0.012989335
58833.572898 21.979079 0.011986208
58833.573468 22.067753 0.010984313
58833.574037 22.104548 0.011966643
58833.574593 22.052159 0.011962172
58833.575159 21.994039 0.012822318
58833.575726 22.021719 0.010965521
58833.576286 21.99846 0.0099999998
58833.576839 22.036477 0.01195071
58833.577403 22.051198 0.010979373
58833.577964 22.02146 0.010990371
58833.578544 22.030523 0.01098518
58833.579114 22.054895 0.010984516
58833.579688 22.103728 0.01196306
58833.580238 22.083708 0.011959593
58833.58081 22.00298 0.011941559
58833.581375 22.135298 0.011961085
58833.581944 22.074969 0.011967803
58833.582509 22.062214 0.010983538
58833.58308 22.080148 0.013952098
58833.583647 22.067335 0.010974975
58833.584215 22.055951 0.011925912
58833.584762 22.03022 0.010979948
58833.585316 22.101773 0.012925264
58833.585886 22.015209 0.011975252
58833.586442 22.075284 0.01197408
58833.587001 21.997717 0.011969189
58833.587566 22.070842 0.010972368
58833.58814 22.065891 0.011948505
58833.588711 22.069199 0.012978977
58833.589285 22.061568 0.010994288
58833.589857 22.04955 0.012888829
58833.590423 22.061673 0.011945946
58833.590994 21.973554 0.012896844
58833.591559 22.005768 0.011895014
58833.592112 22.040871 0.011888764
58833.592665 22.047008 0.011905689
58833.593224 22.023331 0.01289291
58833.593796 22.094587 0.010981592
58833.594369 22.027343 0.011937009
58833.59492 22.016006 0.011882901
58833.595528 22.041442 0.011942855
58833.596082 22.113607 0.01391385
58833.596665 22.119809 0.013925025
58833.597231 22.053876 0.011958029
58833.597797 22.080332 0.011960021
58833.59838 22.066058 0.010987934
58833.598947 22.078557 0.011977921
58833.599512 22.106983 0.013950358
58833.60009 22.099102 0.012965541
58833.600655 22.059052 0.010986946
58833.601221 22.094365 0.011974927
58833.601788 22.038224 0.011964954
58833.602358 22.038362 0.010989559
58833.602926 22.075501 0.011980216
58833.60349 22.066244 0.011923301
58833.604047 22.057792 0.011978837
58833.604615 22.061055 0.011956567
58833.605171 22.087304 0.011951056
58833.605736 22.088105 0.011957716
58833.606292 22.083347 0.010982898
58833.606846 22.043419 0.012923019
58833.607409 22.084586 0.01195268
58833.607972 22.127859 0.01392177
58833.608554 22.135688 0.013937255
58833.609122 22.050855 0.011954042
58833.609691 22.088214 0.011941155
58833.61027 22.085543 0.010971774
58833.610843 22.086212 0.012948561
58833.611415 22.103001 0.011941652
58833.611993 22.019213 0.011930398
58833.612577 22.058869 0.010961103
58833.613137 22.082832 0.012906864
58833.613696 22.031273 0.011905406
58833.614278 22.025978 0.011931479
58833.614853 22.046123 0.010952337
58833.615407 22.130399 0.012916406
58833.615983 22.089961 0.011946057
58833.616534 22.077476 0.011938809
58833.617093 22.148448 0.014922777
58833.617655 22.112089 0.011967767
58833.618216 22.08163 0.010978099
58833.618781 22.092999 0.01294481
58833.619336 22.092329 0.012941736
58833.619908 22.110351 0.012955333
58833.620489 22.087072 0.010981781
58833.621073 22.112694 0.011978187
58833.621643 22.0963 0.01291274
58833.622212 22.127494 0.012954207
58833.622786 22.125448 0.011954521
58833.623339 22.066466 0.011958204
58833.623898 22.080377 0.0099999998
58833.624467 22.082175 0.010983743
58833.625042 22.079561 0.011967613
58833.625625 22.062978 0.011972315
58833.626195 22.084946 0.011967744
58833.626758 22.145209 0.012967148
58833.627345 22.074838 0.011978484
58833.627901 22.093381 0.011983582
58833.628481 22.14402 0.011981458
58833.629058 22.095795 0.011963051
58833.629625 22.101955 0.010990251
58833.630194 22.124535 0.012979956
58833.630754 22.124878 0.013974669
58833.631339 22.033979 0.011970834
58833.631919 22.077972 0.010975311
58833.632476 22.086493 0.011959207
58833.633035 22.083541 0.010969376
58833.633609 21.998824 0.011924239
58833.634176 22.104615 0.012967865
58833.63477 22.150747 0.012946085
58833.63533 22.088307 0.011964759
58833.635896 22.079492 0.011946393
58833.636454 22.080275 0.010991239
58833.637031 22.10075 0.011972508
58833.637603 22.105202 0.012950694
58833.638178 22.094727 0.011952368
58833.638751 22.094802 0.011968912
58833.639317 22.11 0.0119676
58833.639885 22.096527 0.011971028
58833.640451 22.113121 0.012974384
58833.641017 22.104391 0.011975984
58833.641587 22.107042 0.011985556
58833.642165 22.136479 0.012977636
58833.642733 22.122155 0.012963024
58833.643298 22.106531 0.011982703
58833.643881 22.107827 0.011985508
58833.644463 22.08357 0.010990754
58833.645038 22.104679 0.012968212
58833.645621 22.091536 0.012965693
58833.646196 22.109441 0.011972211
58833.646775 22.11745 0.010991087
58833.647352 22.104351 0.012968144
58833.647947 22.0971 0.011971028
58833.648518 22.116019 0.011988741
58833.649091 22.1111 0.010991593
58833.649661 22.098808 0.010991075
58833.650234 22.118115 0.011987052
58833.650812 22.104754 0.011976029
58833.651385 22.102411 0.01197232
58833.651942 22.092243 0.011969634
58833.652501 22.086744 0.010990224
58833.653051 22.129336 0.011991328
58833.653627 22.113141 0.010994702
58833.654196 22.116807 0.011971143
58833.654761 22.120945 0.010991658
58833.655332 22.112178 0.012967443
58833.655903 22.107496 0.011988358
58833.656459 22.118568 0.011988225
58833.657018 22.099985 0.01198892
58833.657575 22.106493 0.011978763
58833.658134 22.113647 0.011985435
58833.658729 22.105299 0.011972324
58833.659291 22.104117 0.011987374
58833.659866 22.115331 0.011987572
58833.660428 22.115677 0.011971776
58833.660996 22.111533 0.011975112
58833.661568 22.121217 0.012967004
58833.662129 22.115069 0.0119736
58833.662686 22.132451 0.012949526
58833.663254 22.125642 0.011975124
58833.663845 22.134197 0.011979374
58833.664399 22.136046 0.011971286
58833.664959 22.125655 0.012982788
58833.66553 22.118566 0.011988791
58833.666087 22.117384 0.011988256
58833.666661 22.111067 0.011989871
58833.66724 22.121417 0.011990746
58833.667808 22.110694 0.010993141
58833.668374 22.122036 0.010995848
58833.66894 22.109019 0.011988909
58833.669515 22.109995 0.011987137
58833.670105 22.096148 0.010991091
58833.670664 22.127858 0.011984297
58833.671231 22.131406 0.011981959
58833.671792 22.143062 0.011985958
58833.672357 22.130952 0.011982009
58833.672921 22.111629 0.010995032
58833.6735 22.11645 0.012970673
58833.674063 22.132692 0.011987354
58833.674632 22.12743 0.012959648
58833.675223 22.125908 0.011949011
58833.67579 22.117851 0.012953927
58833.67635 22.110284 0.01197144
58833.676916 22.126019 0.011982811
58833.677484 22.144952 0.011982122
58833.678056 22.133768 0.012932426
58833.678616 22.139761 0.012926817
58833.679182 22.14199 0.012918988
58833.679761 22.102925 0.012886421
58833.680323 22.106241 0.01285193
58833.680894 22.109701 0.012869462
58833.681455 22.111224 0.012888208
58833.68202 22.123019 0.011937779
58833.682591 22.121684 0.013809393
58833.683157 22.134397 0.011952446
58833.683728 22.10641 0.012893532
58833.68429 22.117556 0.012867748
58833.684864 22.156389 0.012958141
58833.685427 22.133319 0.011964809
58833.686006 22.134557 0.012933546
58833.68663 22.123709 0.012950898
58833.687197 22.132821 0.011979032
58833.687766 22.122563 0.010990659
58833.688335 22.142828 0.012952536
58833.6889 22.138278 0.012950428
58833.689473 22.138073 0.011976299
58833.690035 22.14036 0.012947488
58833.690606 22.156677 0.012960084
58833.691182 22.152381 0.01396188
58833.691769 22.133209 0.01194574
58833.692334 22.127625 0.011951979
58833.692912 22.152017 0.012918666
58833.693482 22.141903 0.011972269
58833.694055 22.119169 0.011948541
58833.694629 22.12828 0.011978584
58833.695214 22.139788 0.012952535
58833.695788 22.144108 0.010986551
58833.696709 22.13314 0.010988456
58833.697282 22.146353 0.011957745
58833.697854 22.151174 0.012937744
58833.698426 22.162315 0.011974925
58833.698997 22.12928 0.012959269
58833.699574 22.139951 0.01197859
58833.700162 22.143796 0.012961908
58833.700738 22.161225 0.012952913
58833.701314 22.157101 0.011979845
58833.701879 22.153338 0.01099142
58833.702433 22.159859 0.011983703
58833.702997 22.1521 0.011986218
58833.703569 22.157917 0.012981715
58833.704138 22.161273 0.010994926
58833.704693 22.167168 0.01198607
58833.705269 22.14301 0.011983552
58833.705842 22.164019 0.01295783
58833.706416 22.122623 0.010989777
58833.706995 22.16156 0.011990653
58833.70756 22.164693 0.011982724
58833.708139 22.157973 0.010990815
58833.708701 22.149317 0.012962512
58833.709269 22.15054 0.011981967
58833.709837 22.146075 0.012956274
58833.710398 22.153858 0.012960102
58833.710961 22.118854 0.011973724
58833.711531 22.161288 0.011975141
58833.712096 22.170657 0.011983978
58833.712678 22.144778 0.010987452
58833.713245 22.162026 0.011977989
58833.713811 22.137073 0.012962741
58833.71438 22.159419 0.011979301
58833.714942 22.141359 0.011982265
58833.715515 22.165218 0.011982665
58833.716099 22.151317 0.011986706
58833.716662 22.178135 0.012981573
58833.717217 22.164527 0.010990161
58833.717786 22.151206 0.012962785
58833.718352 22.184362 0.012974295
58833.718933 22.163395 0.010988338
58833.719515 22.148052 0.010985261
58833.720081 22.157379 0.012933935
58833.720652 22.158415 0.011985681
58833.721229 22.174157 0.01098729
58833.721798 22.164055 0.01098948
58833.722365 22.152577 0.010989281
58833.722938 22.145235 0.011982773
58833.723517 22.164971 0.011967248
58833.724095 22.175132 0.011985567
58833.724659 22.173048 0.011984355
58833.725228 22.168668 0.011981842
58833.725794 22.170198 0.013936979
58833.726369 22.139371 0.0129461
58833.726949 22.149156 0.011965224
58833.727521 22.141929 0.012935
58833.728085 22.16944 0.0119525
58833.728659 22.187782 0.011976987
58833.729226 22.180212 0.012953499
58833.729803 22.159422 0.011959325
58833.730359 22.161657 0.011980473
58833.730924 22.160069 0.010989499
58833.731502 22.143751 0.011976363
58833.732059 22.163255 0.012952254
58833.732632 22.166996 0.011963412
58833.733194 22.157769 0.011962986
58833.733759 22.164868 0.011957586
58833.734321 22.180115 0.012922008
58833.734879 22.186998 0.012949258
58833.735444 22.131904 0.011940294
58833.736003 22.169491 0.012935653
58833.736571 22.159347 0.012921442
58833.737136 22.155525 0.012890107
58833.737691 22.169973 0.011960028
58833.738267 22.184242 0.012863264
58833.738823 22.175632 0.011953254
58833.739382 22.189215 0.011949187
58833.739948 22.151976 0.01193842
58833.740522 22.226242 0.012916405
58833.741085 22.16106 0.013760578
58833.741647 22.183766 0.011959996
58833.742215 22.132965 0.013941468
58833.742788 22.124464 0.011943042
58833.743365 22.157886 0.011956027
58833.743953 22.181267 0.012946736
58833.744526 22.179726 0.011966039
58833.745093 22.175269 0.01194989
58833.745664 22.190895 0.011967626
58833.746226 22.187582 0.011974093
58833.746789 22.181631 0.01197303
58833.747358 22.154054 0.011979752
58833.747921 22.161621 0.010986493
58833.748478 22.156924 0.010988212
58833.749035 22.184301 0.01098821
58833.749599 22.171866 0.011981067
58833.750168 22.174594 0.010975558
58833.750733 22.173003 0.0119586
58833.751298 22.137945 0.012873293
58833.751854 22.158895 0.011949947
58833.752416 22.182723 0.011964471
58833.752988 22.185122 0.010978482
58833.753539 22.170849 0.011946865
58833.7541 22.191841 0.01194991
58833.754655 22.17272 0.01196602
58833.75523 22.173655 0.01098851
58833.755803 22.164142 0.011976644
58833.756377 22.164178 0.011977268
58833.756948 22.18026 0.010993637
58833.757519 22.158777 0.010992579
58833.758074 22.174478 0.0099999998
58833.758639 22.180602 0.012960994
58833.759204 22.197517 0.011976038
58833.759765 22.190006 0.012966115
58833.760341 22.197767 0.011979792
58833.760921 22.179013 0.011986247
58833.761489 22.163602 0.011971383
58833.76205 22.167165 0.011976927
58833.762618 22.210462 0.01297052
58833.763196 22.181341 0.012961326
58833.763771 22.172503 0.011988309
58833.764345 22.166099 0.011981681
58833.764904 22.176736 0.012963208
58833.765469 22.176348 0.01099386
58833.766035 22.162573 0.011988462
58833.766604 22.203222 0.011986406
58833.767179 22.201678 0.011982718
58833.767754 22.180592 0.012985151
58833.768337 22.18802 0.01198203
58833.768906 22.213685 0.010992476
58833.769468 22.164533 0.011985738
58833.770037 22.181735 0.011981009
58833.770609 22.203782 0.011987089
58833.771176 22.175143 0.011959292
58833.77175 22.150449 0.012968919
58833.772312 22.184107 0.012952993
58833.772873 22.193366 0.012936496
58833.773436 22.233692 0.013917404
58833.774013 22.162113 0.012933724
58833.774581 22.179567 0.012953166
58833.775149 22.165987 0.013909129
58833.775718 22.182033 0.012948852
58833.776274 22.166428 0.012945329
58833.776849 22.212831 0.011981698
58833.777425 22.20265 0.012976573
58833.777996 22.189622 0.012956335
58833.778564 22.20935 0.012961913
58833.779126 22.22024 0.013943158
58833.779701 22.17876 0.012946236
58833.780275 22.206562 0.012949511
58833.780836 22.186989 0.012937177
58833.781394 22.182402 0.01392401
58833.781959 22.165069 0.012969378
58833.78252 22.199058 0.012964652
58833.783078 22.19729 0.012954519
58833.783656 22.174031 0.012959105
58833.784224 22.205952 0.011975666
58833.784791 22.214988 0.011983297
58833.785359 22.198212 0.010989914
58833.785923 22.181698 0.010991775
58833.786499 22.217015 0.011981939
58833.787075 22.18974 0.012944526
58833.787657 22.203367 0.010993083
58833.788243 22.199632 0.010989544
58833.788815 22.180161 0.011979281
58833.789431 22.199086 0.010992944
58833.789993 22.190909 0.0099999998
58833.790558 22.193875 0.010994994
58833.791114 22.20766 0.012979487
58833.791692 22.235391 0.012984679
58833.792254 22.20192 0.010992197
58833.792819 22.197458 0.011979778
58833.793386 22.189672 0.011979083
58833.793945 22.204311 0.010991476
58833.794517 22.198519 0.010991852
58833.79508 22.195669 0.011981781
58833.795646 22.198767 0.010988087
58833.796225 22.206982 0.010990943
58833.79679 22.21797 0.012987244
58833.797352 22.209845 0.010994475
58833.797908 22.186271 0.010994318
58833.798484 22.202811 0.01099445
58833.799061 22.189853 0.011983004
58833.799624 22.199838 0.0099999998
58833.800185 22.20159 0.011985087
58833.800756 22.209117 0.010993424
58833.801313 22.203041 0.010993441
58833.801876 22.20227 0.01098919
58833.802443 22.199148 0.010988135
58833.803031 22.222326 0.011991951
58833.803608 22.216708 0.010993826
58833.804175 22.207669 0.010995699
58833.804741 22.217864 0.012986702
58833.805316 22.200458 0.0099999998
58833.805876 22.192019 0.011988014
58833.806445 22.198213 0.010996592
58833.807016 22.229239 0.011988343
58833.807582 22.181153 0.0099999998
58833.80816 22.234208 0.011991388
58833.808724 22.198774 0.010994087
58833.809281 22.17604 0.010992875
58833.809857 22.204976 0.010993754
58833.810432 22.212055 0.011991574
58833.811002 22.204584 0.011992266
58833.81157 22.214547 0.010995782
58833.812141 22.216781 0.011993217
58833.81271 22.221178 0.010996468
58833.813283 22.210081 0.010995399
58833.81385 22.197564 0.010994738
58833.814425 22.215887 0.0099999998
58833.81499 22.208683 0.01099435
58833.815567 22.21295 0.010995682
58833.816133 22.179066 0.010993101
58833.816698 22.199336 0.010995311
58833.817289 22.197299 0.010992629
58833.817864 22.180806 0.010991642
58833.818429 22.18178 0.0099999998
58833.819011 22.213164 0.011987111
58833.819573 22.203431 0.010992664
58833.820146 22.185362 0.012972091
58833.82073 22.212618 0.011982537
58833.821295 22.216277 0.010992937
58833.821869 22.213362 0.011989997
58833.822431 22.175102 0.011989808
58833.822986 22.210775 0.011988826
58833.823546 22.200271 0.010993723
58833.824122 22.210107 0.012982048
58833.82469 22.191222 0.011990879
58833.82527 22.225515 0.011989623
58833.825842 22.219388 0.011986761
58833.826414 22.205459 0.01198811
58833.826987 22.209196 0.011989315
58833.827559 22.19413 0.010991694
58833.828123 22.203641 0.011991289
58833.828694 22.216932 0.010993052
58833.829263 22.205177 0.010992069
58833.829826 22.196238 0.011987158
58833.830398 22.189779 0.011985348
58833.830961 22.210658 0.011980979
58833.831526 22.198663 0.010993614
58833.832097 22.198062 0.010994485
58833.83267 22.186912 0.010993701
58833.833228 22.212185 0.011981424
58833.833798 22.208492 0.010992456
58833.834371 22.225107 0.010993157
58833.834936 22.213287 0.010992861
58833.83551 22.224777 0.0099999998
58833.836083 22.233355 0.010994437
58833.836648 22.209041 0.011978285
58833.837231 22.214039 0.011978882
58833.837806 22.182092 0.012953329
58833.83839 22.197468 0.010989201
58833.838952 22.163178 0.010985936
58833.839512 22.218281 0.011987685
58833.840078 22.19927 0.011984128
58833.840638 22.208916 0.011987956
58833.841214 22.202045 0.010993736
58833.841784 22.197735 0.010992205
58833.842354 22.20312 0.010994464
58833.842932 22.220486 0.012986694
58833.8435 22.204227 0.011986619
58833.844068 22.208937 0.011987205
58833.84464 22.210747 0.011987062
58833.845192 22.201445 0.012978151
58833.845764 22.212216 0.011992375
58833.846315 22.227848 0.011992687
58833.846882 22.223932 0.011992734
58833.847447 22.220973 0.012990993
58833.848017 22.213927 0.011988132
58833.848583 22.213016 0.010994856
58833.849139 22.196651 0.012980872
58833.849713 22.188882 0.011988901
58833.850286 22.230964 0.01199108
