HJD mag magerr
58833.526351 24.507579 0.088830932
58833.526938 24.435672 0.07761451
58833.527497 24.502366 0.067819133
58833.528073 24.484065 0.075664038
58833.52864 24.532489 0.053824373
58833.529223 24.484727 0.066663946
58833.529794 24.484053 0.073363409
58833.530369 24.541653 0.05280731
58833.530936 24.485726 0.045831313
58833.531508 24.496385 0.037894164
58833.532068 24.473783 0.033904368
58833.532639 24.434107 0.034899654
58833.533201 24.459004 0.031914225
58833.533765 24.386932 0.029917001
58833.534319 24.613681 0.042781561
58833.534878 24.495493 0.033820737
58833.535457 24.463341 0.032831753
58833.536022 24.408687 0.029908256
58833.536586 24.441326 0.025927457
58833.537148 24.445954 0.02595434
58833.537706 24.469741 0.031880346
58833.538275 24.458477 0.025933785
58833.538843 24.463391 0.023936029
58833.539403 24.429962 0.024925876
58833.539961 24.424642 0.023943745
58833.540691 24.445892 0.022956117
58833.54127 24.456827 0.023933335
58833.541834 24.428881 0.024945557
58833.542384 24.438203 0.023945832
58833.542946 24.472022 0.025931307
58833.543507 24.45065 0.023966913
58833.544071 24.449209 0.021958591
58833.544644 24.425383 0.022925805
58833.545206 24.439984 0.023882326
58833.545767 24.479529 0.022954702
58833.54634 24.448574 0.022964594
58833.546924 24.448352 0.020956052
58833.547488 24.467745 0.022921307
58833.548053 24.445147 0.020945155
58833.548633 24.436465 0.021956657
58833.549203 24.452345 0.019965032
58833.549779 24.430188 0.019961819
58833.550355 24.447883 0.022951023
58833.550911 24.412293 0.020961997
58833.551466 24.469236 0.022945
58833.552025 24.434787 0.022938196
58833.552609 24.460581 0.022945909
58833.553172 24.476459 0.024939261
58833.553736 24.475689 0.020940585
58833.554298 24.443563 0.022965127
58833.554862 24.435875 0.021967241
58833.55542 24.433647 0.025944579
58833.556007 24.461211 0.022977361
58833.556565 24.408512 0.023982164
58833.557125 24.452067 0.022967086
58833.557676 24.426527 0.026964948
58833.558245 24.430656 0.026953807
58833.558811 24.439855 0.021951628
58833.559373 24.485197 0.021945436
58833.559928 24.432417 0.023908282
58833.560497 24.478803 0.030812001
58833.561052 24.449737 0.022942359
58833.561629 24.443304 0.025886335
58833.562183 24.395393 0.023929979
58833.562742 24.449163 0.022948978
58833.563315 24.440212 0.021956862
58833.563889 24.460822 0.023899964
58833.564461 24.475791 0.029779748
58833.565019 24.444993 0.021895567
58833.565576 24.417688 0.016991518
58833.566153 24.423929 0.020941479
58833.566722 24.414056 0.020957209
58833.56729 24.431473 0.021951273
58833.56785 24.468405 0.022932281
58833.568406 24.429299 0.01996794
58833.568961 24.432194 0.0189756
58833.569533 24.408646 0.016988023
58833.570095 24.415774 0.018977483
58833.57065 24.424981 0.017982243
58833.57121 24.403703 0.018976839
58833.571768 24.404769 0.018970997
58833.572322 24.412759 0.018974431
58833.572898 24.360586 0.019959253
58833.573468 24.447952 0.022910561
58833.574037 24.422027 0.021923796
58833.574593 24.418511 0.021911816
58833.575159 24.507105 0.02772081
58833.575726 24.464922 0.022875238
58833.576286 24.446139 0.024824757
58833.576839 24.437008 0.022896842
58833.577403 24.446562 0.021934866
58833.577964 24.449522 0.021944123
58833.578544 24.390463 0.020946367
58833.579114 24.418127 0.021875975
58833.579688 24.399237 0.022926434
58833.580238 24.450803 0.025908075
58833.58081 24.3714 0.022889287
58833.581375 24.385763 0.023893382
58833.581944 24.432895 0.0219191
58833.582509 24.392985 0.019945702
58833.58308 24.393169 0.022914204
58833.583647 24.414889 0.023910144
58833.584215 24.41594 0.026836683
58833.584762 24.510916 0.020921125
58833.585316 24.512397 0.025814515
58833.585886 24.386304 0.019951626
58833.586442 24.420466 0.021913869
58833.587001 24.37838 0.021939412
58833.587566 24.408849 0.028792844
58833.58814 24.406627 0.027852928
58833.588711 24.379335 0.016979113
58833.589285 24.451571 0.015973551
58833.589857 24.431813 0.020860803
58833.590423 24.378198 0.025852229
58833.590994 24.339843 0.026849412
58833.591559 24.374919 0.033756403
58833.592112 24.365931 0.030742639
58833.592665 24.453813 0.032729131
58833.593224 24.442634 0.034639428
58833.593796 24.384511 0.035756732
58833.594369 24.361931 0.036625961
58833.59492 24.376419 0.034731083
58833.595528 24.460519 0.028796601
58833.596082 24.386668 0.029849716
58833.596665 24.40327 0.027877091
58833.597231 24.315517 0.026853953
58833.597797 24.325366 0.02490317
58833.59838 24.317566 0.021935382
58833.598947 24.347174 0.020958771
58833.599512 24.315186 0.021927085
58833.60009 24.336451 0.021939228
58833.600655 24.340997 0.021954624
58833.601221 24.327732 0.021939443
58833.601788 24.289804 0.022942618
58833.602358 24.272144 0.01994332
58833.602926 24.312698 0.022942461
58833.60349 24.279195 0.026830961
58833.604047 24.305066 0.02094223
58833.604615 24.278938 0.023904128
58833.605171 24.274529 0.024895695
58833.605736 24.284767 0.024905871
58833.606292 24.343438 0.024902555
58833.606846 24.307152 0.025874351
58833.607409 24.249152 0.025834025
58833.607972 24.330275 0.027873841
58833.608554 24.284297 0.023901395
58833.609122 24.290922 0.026890406
58833.609691 24.270174 0.024860754
58833.61027 24.269568 0.021898092
58833.610843 24.299641 0.021862117
58833.611415 24.313296 0.021879753
58833.611993 24.264694 0.023868935
58833.612577 24.305849 0.020867145
58833.613137 24.34424 0.023856296
58833.613696 24.261366 0.020865828
58833.614278 24.317638 0.021869701
58833.614853 24.285251 0.023836474
58833.615407 24.285886 0.021899161
58833.615983 24.260848 0.022887808
58833.616534 24.230819 0.021908886
58833.617093 24.277194 0.026891348
58833.617655 24.263878 0.021932836
58833.618216 24.222449 0.021920741
58833.618781 24.217264 0.022940557
58833.619336 24.221995 0.022936866
58833.619908 24.23306 0.022920983
58833.620489 24.217802 0.019931946
58833.621073 24.238187 0.020951308
58833.621643 24.232633 0.023860602
58833.622212 24.267991 0.022918631
58833.622786 24.231239 0.024886925
58833.623339 24.188262 0.022861123
58833.623898 24.182017 0.023855779
58833.624467 24.221907 0.022936188
58833.625042 24.171613 0.020925922
58833.625625 24.228754 0.021940413
58833.626195 24.187791 0.020956308
58833.626758 24.214027 0.020955281
58833.627345 24.201068 0.019952668
58833.627901 24.191504 0.01996249
58833.628481 24.201438 0.019937914
58833.629058 24.183449 0.019956679
58833.629625 24.185613 0.020935677
58833.630194 24.176906 0.01996232
58833.630754 24.165958 0.018968257
58833.631339 24.163342 0.021895363
58833.631919 24.217157 0.02284649
58833.632476 24.13147 0.025830775
58833.633035 24.254645 0.023857472
58833.633609 24.164935 0.022846842
58833.634176 24.198793 0.026938203
58833.63477 24.182838 0.023913186
58833.63533 24.17433 0.020915388
58833.635896 24.174913 0.021928927
58833.636454 24.144987 0.017969452
58833.637031 24.182354 0.020937653
58833.637603 24.208548 0.022913954
58833.638178 24.14365 0.021912427
58833.638751 24.154179 0.01993907
58833.639317 24.172558 0.019959618
58833.639885 24.15846 0.019943792
58833.640451 24.154925 0.019960576
58833.641017 24.14334 0.018978816
58833.641587 24.131242 0.017974761
58833.642165 24.180247 0.018969831
58833.642733 24.157882 0.020964793
58833.643298 24.157876 0.022934722
58833.643881 24.161762 0.020950048
58833.644463 24.159011 0.017972005
58833.645038 24.189342 0.019966589
58833.645621 24.131062 0.020942674
58833.646196 24.16986 0.021944311
58833.646775 24.115917 0.020943583
58833.647352 24.146427 0.02094765
58833.647947 24.133171 0.020962594
58833.648518 24.167045 0.021971785
58833.649091 24.151404 0.020952665
58833.649661 24.138806 0.020948033
58833.650234 24.168398 0.019971539
58833.650812 24.162618 0.019955398
58833.651385 24.125763 0.021944203
58833.651942 24.152825 0.021943322
58833.652501 24.122898 0.02096628
58833.653051 24.1342 0.02197017
58833.653627 24.110723 0.018968985
58833.654196 24.100702 0.020942722
58833.654761 24.126974 0.019970899
58833.655332 24.126566 0.018969069
58833.655903 24.121564 0.020972738
58833.656459 24.150118 0.018974993
58833.657018 24.122499 0.018977999
58833.657575 24.133315 0.021955619
58833.658134 24.106814 0.022947433
58833.658729 24.139307 0.0219457
58833.659291 24.111894 0.018973597
58833.659866 24.133167 0.020974094
58833.660428 24.106144 0.019945269
58833.660996 24.107435 0.018971948
58833.661568 24.103486 0.020963638
58833.662129 24.115684 0.021950581
58833.662686 24.125263 0.026907376
58833.663254 24.106546 0.021952768
58833.663845 24.152781 0.024958513
58833.664399 24.116424 0.020963949
58833.664959 24.11874 0.019978699
58833.66553 24.107305 0.020975751
58833.666087 24.121501 0.020975646
58833.666661 24.097802 0.018979483
58833.66724 24.126063 0.020971594
58833.667808 24.12677 0.020977169
58833.668374 24.112917 0.019978079
58833.66894 24.1255 0.019977026
58833.669515 24.118583 0.020972504
58833.670105 24.104815 0.021965494
58833.670664 24.120607 0.021963802
58833.671231 24.10524 0.022953145
58833.671792 24.107074 0.022950462
58833.672357 24.129815 0.020962212
58833.672921 24.093484 0.021959556
58833.6735 24.117174 0.022968066
58833.674063 24.127476 0.024957601
58833.674632 24.095372 0.02293447
58833.675223 24.111837 0.025903668
58833.67579 24.125447 0.023952696
58833.67635 24.099978 0.024935198
58833.676916 24.105343 0.025933805
58833.677484 24.071001 0.02594735
58833.678056 24.112082 0.024937328
58833.678616 24.08854 0.027859379
58833.679182 24.137472 0.029842049
58833.679761 24.09974 0.028806793
58833.680323 24.135349 0.035704239
58833.680894 24.160608 0.032774019
58833.681455 24.09817 0.033790432
58833.68202 24.185498 0.033853506
58833.682591 24.096166 0.031715821
58833.683157 24.091554 0.031868526
58833.683728 24.088425 0.030802326
0.0 0.0 0.0
58833.684864 24.129821 0.026917011
58833.685427 24.141771 0.028874506
58833.686006 24.117515 0.026898997
58833.68663 24.1299 0.025944573
58833.687197 24.102211 0.026953846
58833.687766 24.117005 0.025955456
58833.688335 24.083384 0.023932797
58833.6889 24.102606 0.02595038
58833.689473 24.09517 0.027911001
58833.690035 24.05112 0.023914658
58833.690606 24.061072 0.023921433
58833.691182 24.085008 0.02095409
58833.691769 24.108526 0.023902419
58833.692334 24.077754 0.026828303
58833.692912 24.103723 0.026869136
58833.693482 24.064051 0.023933622
58833.694055 24.125427 0.025905766
58833.694629 24.108453 0.024951402
58833.695214 24.08362 0.025945816
58833.695788 24.093516 0.027942513
58833.696709 24.088676 0.025878606
58833.697282 24.074371 0.030853293
58833.697854 24.132779 0.027884534
58833.698426 24.097161 0.024954267
58833.698997 24.082492 0.030914611
58833.699574 24.054358 0.023948295
58833.700162 24.069011 0.026957613
58833.700738 24.121013 0.028911939
58833.701314 24.096434 0.027956243
58833.701879 24.044888 0.033947914
58833.702433 24.121525 0.027946538
58833.702997 24.075761 0.024973776
58833.703569 24.081311 0.024968193
58833.704138 24.089994 0.023975733
58833.704693 24.082829 0.025967624
58833.705269 24.076554 0.023948359
58833.705842 24.080707 0.025954215
58833.706416 24.071771 0.027933992
58833.706995 24.099537 0.02496701
58833.70756 24.071553 0.024969161
58833.708139 24.080281 0.023964943
58833.708701 24.086253 0.025937243
58833.709269 24.065262 0.024957423
58833.709837 24.071132 0.023967485
58833.710398 24.063189 0.024957989
58833.710961 24.085583 0.025955276
58833.711531 24.095549 0.027936285
58833.712096 24.096797 0.02295506
58833.712678 24.093537 0.026918557
58833.713245 24.062183 0.023914853
58833.713811 24.073931 0.023935014
58833.71438 24.128728 0.024930953
58833.714942 24.072759 0.024937119
58833.715515 24.10401 0.02196281
58833.716099 24.07777 0.024968769
58833.716662 24.088719 0.02297491
58833.717217 24.088535 0.022945482
58833.717786 24.113176 0.022971983
58833.718352 24.076353 0.023965673
58833.718933 24.100696 0.023952135
58833.719515 24.043032 0.023940872
58833.720081 24.095309 0.026881349
58833.720652 24.10506 0.022962419
58833.721229 24.067078 0.023948045
58833.721798 24.106218 0.026929274
58833.722365 24.107882 0.024938176
58833.722938 24.057736 0.021961926
58833.723517 24.104312 0.02095554
58833.724095 24.099355 0.022948171
58833.724659 24.097157 0.022953592
58833.725228 24.081261 0.021936058
58833.725794 24.10335 0.023936445
58833.726369 24.14554 0.025906687
58833.726949 24.073949 0.02492054
58833.727521 24.128323 0.02589221
58833.728085 24.118068 0.025908465
58833.728659 24.102253 0.02594215
58833.729226 24.089156 0.021952693
58833.729803 24.061932 0.024916673
58833.730359 24.10261 0.023955126
58833.730924 24.101051 0.021964353
58833.731502 24.100903 0.024947331
58833.732059 24.145137 0.028888401
58833.732632 24.134074 0.026919522
58833.733194 24.085334 0.023918725
58833.733759 24.111351 0.026830419
58833.734321 24.119555 0.028855997
58833.734879 24.150985 0.03087582
58833.735444 24.172745 0.029848574
58833.736003 24.120297 0.030870379
58833.736571 24.117654 0.036770228
58833.737136 24.149872 0.031791416
58833.737691 24.16292 0.027894945
58833.738267 24.129638 0.032762544
58833.738823 24.150735 0.026878914
58833.739382 24.089631 0.027864191
58833.739948 24.129361 0.028846467
58833.740522 24.117019 0.028874651
58833.741085 24.09306 0.032755726
58833.741647 24.142159 0.027879279
58833.742215 24.129037 0.027853364
58833.742788 24.1435 0.030809544
58833.743365 24.180797 0.031884218
58833.743953 24.198881 0.029887979
58833.744526 24.163663 0.027901331
58833.745093 24.117646 0.025900605
58833.745664 24.188823 0.027916303
58833.746226 24.142051 0.027925162
58833.746789 24.134611 0.021941832
58833.747358 24.174453 0.023921868
58833.747921 24.192473 0.023908799
58833.748478 24.150037 0.021953781
58833.749035 24.140361 0.022961799
58833.749599 24.15044 0.021956614
58833.750168 24.138827 0.026861022
58833.750733 24.163472 0.028848665
58833.751298 24.168484 0.027831487
58833.751854 24.179215 0.03181989
58833.752416 24.209044 0.029868839
58833.752988 24.167543 0.025880336
58833.753539 24.178184 0.024921886
58833.7541 24.222004 0.02689753
58833.754655 24.207009 0.024925347
58833.75523 24.133626 0.023967917
58833.755803 24.162412 0.02694337
58833.756377 24.168649 0.029908075
58833.756948 24.181318 0.020971709
58833.757519 24.199236 0.026971124
58833.758074 24.183908 0.02696865
58833.758639 24.159674 0.027921014
58833.759204 24.19483 0.030921192
58833.759765 24.185159 0.026957059
58833.760341 24.196335 0.028956502
58833.760921 24.182147 0.02695941
58833.761489 24.165785 0.032910528
58833.76205 24.211966 0.028946862
58833.762618 24.207982 0.02894178
58833.763196 24.180504 0.028930474
58833.763771 24.183141 0.030937837
58833.764345 24.213002 0.025969127
58833.764904 24.221136 0.027961003
58833.765469 24.173372 0.027942132
58833.766035 24.17138 0.027960105
58833.766604 24.212428 0.028951535
58833.767179 24.182094 0.026968048
58833.767754 24.236771 0.026968442
58833.768337 24.211407 0.027957774
58833.768906 24.205544 0.024966505
58833.769468 24.183124 0.026957177
58833.770037 24.222141 0.029914762
58833.770609 24.26405 0.031944536
58833.771176 24.252315 0.033890081
58833.77175 24.223845 0.034892132
58833.772312 24.216593 0.035881495
58833.772873 24.285485 0.039847154
58833.773436 24.280507 0.039868681
58833.774013 24.206628 0.038776848
58833.774581 24.282008 0.039843501
58833.775149 24.239826 0.038834978
58833.775718 24.255498 0.035891083
58833.776274 24.283866 0.037886831
58833.776849 24.285962 0.036921614
58833.777425 24.284626 0.034914163
58833.777996 24.268352 0.034894222
58833.778564 24.280145 0.034916978
58833.779126 24.23382 0.035888429
58833.779701 24.267008 0.034805255
58833.780275 24.248103 0.033899252
58833.780836 24.301611 0.035858534
58833.781394 24.327975 0.039866618
58833.781959 24.193889 0.029923233
58833.78252 24.283356 0.03579244
58833.783078 24.230935 0.03888398
58833.783656 24.327233 0.036901973
58833.784224 24.256138 0.033921994
58833.784791 24.24476 0.032941701
58833.785359 24.23373 0.029920535
58833.785923 24.253173 0.029913256
58833.786499 24.32816 0.032939444
58833.787075 24.276539 0.032941159
58833.787657 24.307813 0.032943279
58833.788243 24.329486 0.03193968
58833.788815 24.314974 0.029961875
58833.789431 24.32175 0.027965262
58833.789993 24.320939 0.030956852
58833.790558 24.339843 0.027964408
58833.791114 24.322698 0.029956347
58833.791692 24.317561 0.028971533
58833.792254 24.274557 0.025968171
58833.792819 24.30194 0.028952979
58833.793386 24.29182 0.024966308
58833.793945 24.265309 0.026942227
58833.794517 24.324712 0.02696657
58833.79508 24.283776 0.024952764
58833.795646 24.298118 0.024968731
58833.796225 24.294592 0.021977723
58833.79679 24.319118 0.025979565
58833.797352 24.315751 0.028951948
58833.797908 24.312995 0.025976912
58833.798484 24.32555 0.025976215
58833.799061 24.332854 0.022973548
58833.799624 24.288061 0.027960222
58833.800185 24.362456 0.027938489
58833.800756 24.316255 0.024972184
58833.801313 24.29662 0.023973833
58833.801876 24.337212 0.023968194
58833.802443 24.320116 0.024966197
58833.803031 24.317087 0.025971826
58833.803608 24.303057 0.024968424
58833.804175 24.331641 0.023981164
58833.804741 24.327188 0.025979088
58833.805316 24.339689 0.026975808
58833.805876 24.35975 0.030969807
58833.806445 24.348466 0.028981095
58833.807016 24.32827 0.030969613
58833.807582 24.33224 0.028967995
58833.80816 24.375749 0.030949328
58833.808724 24.367854 0.02597221
58833.809281 24.361588 0.027969925
58833.809857 24.391182 0.028969037
58833.810432 24.32585 0.025968552
58833.811002 24.293919 0.028970925
58833.81157 24.343467 0.023979591
58833.812141 24.370088 0.027980767
58833.81271 24.394735 0.029979942
58833.813283 24.353408 0.027972774
58833.81385 24.324676 0.023982249
58833.814425 24.37796 0.025981471
58833.81499 24.367718 0.024982035
58833.815567 24.368567 0.024983168
58833.816133 24.391808 0.02595671
58833.816698 24.381161 0.030967617
58833.817289 24.348692 0.028959725
58833.817864 24.322435 0.029956415
58833.818429 24.309905 0.029947383
58833.819011 24.381519 0.030961449
58833.819573 24.380092 0.031945477
58833.820146 24.3744 0.025967271
58833.82073 24.314774 0.025969926
58833.821295 24.387952 0.02796555
58833.821869 24.372908 0.032956735
58833.822431 24.383426 0.033961653
58833.822986 24.437454 0.032973808
58833.823546 24.392612 0.036953827
58833.824122 24.416029 0.031963561
58833.82469 24.387045 0.039952313
58833.82527 24.431337 0.038963644
58833.825842 24.369096 0.033967676
58833.826414 24.393313 0.032943934
58833.826987 24.387058 0.030964369
58833.827559 24.387674 0.030961199
58833.828123 24.392159 0.031970879
58833.828694 24.398611 0.02895212
58833.829263 24.399389 0.0309152
58833.829826 24.413698 0.027972611
58833.830398 24.421589 0.029954649
58833.830961 24.388766 0.028950276
58833.831526 24.379015 0.025971375
58833.832097 24.386331 0.024974228
58833.83267 24.407144 0.024958514
58833.833228 24.366624 0.026971619
58833.833798 24.398896 0.030921179
58833.834371 24.40821 0.030947931
58833.834936 24.412459 0.025965035
58833.83551 24.37734 0.028961482
58833.836083 24.375922 0.026959962
58833.836648 24.370337 0.027961175
58833.837231 24.359542 0.029945814
58833.837806 24.45123 0.033927613
58833.83839 24.423738 0.031928629
58833.838952 24.424402 0.032913738
58833.839512 24.400885 0.027961798
58833.840078 24.367156 0.034930783
58833.840638 24.432627 0.029963237
58833.841214 24.425514 0.033966862
58833.841784 24.422501 0.026964044
58833.842354 24.470209 0.033960604
58833.842932 24.382149 0.031963331
58833.8435 24.407671 0.030963827
58833.844068 24.355358 0.029972368
58833.84464 24.424234 0.031962647
58833.845192 24.431758 0.031969489
58833.845764 24.382457 0.02697676
58833.846315 24.369109 0.029970771
58833.846882 24.418857 0.02997462
58833.847447 24.424765 0.033971651
58833.848017 24.412379 0.036971699
58833.848583 24.408072 0.031970755
58833.849139 24.390292 0.040959395
58833.849713 24.405114 0.034967389
58833.850286 24.374757 0.032972748
