HJD mag magerr
58833.526351 24.88953 0.14077359
58833.526938 24.747369 0.10363514
58833.527497 24.766691 0.092828152
58833.528073 24.904487 0.10168382
58833.52864 24.766482 0.067830596
58833.529223 24.823811 0.09161696
58833.529794 24.780158 0.096616294
58833.530369 24.766823 0.069758975
58833.530936 24.867031 0.060898654
58833.531508 24.780471 0.051890965
58833.532068 24.756108 0.044908403
58833.532639 24.802549 0.042898148
58833.533201 24.786663 0.042933727
58833.533765 24.816383 0.044938445
58833.534319 24.872642 0.053730692
58833.534878 24.775599 0.042813973
58833.535457 24.801559 0.045834902
58833.536022 24.758126 0.035928468
58833.536586 24.806358 0.035943679
58833.537148 24.729252 0.030940174
58833.537706 24.836356 0.039887342
58833.538275 24.78461 0.031930538
58833.538843 24.76418 0.03193416
58833.539403 24.810106 0.031934493
58833.539961 24.786315 0.029946381
58833.540691 24.732745 0.025965667
58833.54127 24.847259 0.03393101
58833.541834 24.792391 0.027948506
58833.542384 24.805006 0.02994342
58833.542946 24.819841 0.030937719
58833.543507 24.812959 0.027955013
58833.544071 24.789739 0.024973103
58833.544644 24.795962 0.024967053
58833.545206 24.78649 0.02794244
58833.545767 24.788124 0.027955232
58833.54634 24.750443 0.025965345
58833.546924 24.749703 0.027948346
58833.547488 24.792297 0.026943332
58833.548053 24.750412 0.02494956
58833.548633 24.794975 0.024966225
58833.549203 24.764682 0.023962499
58833.549779 24.769018 0.024960369
58833.550355 24.782411 0.028945956
58833.550911 24.78181 0.025938527
58833.551466 24.802793 0.025946108
58833.552025 24.79148 0.03191975
58833.552609 24.793588 0.031919353
58833.553172 24.847958 0.029948121
58833.553736 24.789925 0.024957165
58833.554298 24.791185 0.02696778
58833.554862 24.794157 0.025966846
58833.55542 24.761631 0.024978995
58833.556007 24.763579 0.025982318
58833.556565 24.784006 0.02598047
58833.557125 24.757076 0.027975379
58833.557676 24.742059 0.030980567
58833.558245 24.741408 0.025966714
58833.558811 24.779491 0.02894964
58833.559373 24.780237 0.02794093
58833.559928 24.784963 0.032871379
58833.560497 24.795557 0.035811695
58833.561052 24.776311 0.02791727
58833.561629 24.745233 0.032910549
58833.562183 24.796503 0.029946868
58833.562742 24.810149 0.0279514
58833.563315 24.783017 0.029952247
58833.563889 24.900797 0.035842985
58833.564461 24.782277 0.033777161
58833.565019 24.827862 0.02296745
58833.565576 24.776639 0.019989884
58833.566153 24.770409 0.025938652
58833.566722 24.733002 0.024948967
58833.56729 24.801705 0.025946166
58833.56785 24.769882 0.026916736
58833.568406 24.79575 0.020978656
58833.568961 24.76612 0.022977377
58833.569533 24.772144 0.022982758
58833.570095 24.773323 0.021975227
58833.57065 24.797482 0.018986719
58833.57121 24.757783 0.021976384
58833.571768 24.798466 0.021977689
58833.572322 24.776543 0.021972377
58833.572898 24.763464 0.024962698
58833.573468 24.787253 0.028867739
58833.574037 24.867161 0.028905534
58833.574593 24.766075 0.025916047
58833.575159 24.721527 0.035739869
58833.575726 24.809156 0.030816084
58833.576286 24.787468 0.029858525
58833.576839 24.716331 0.026885074
58833.577403 24.817476 0.024956868
58833.577964 24.802116 0.024961754
58833.578544 24.771771 0.027940161
58833.579114 24.80374 0.023961257
58833.579688 24.76422 0.028923271
58833.580238 24.74879 0.028913323
58833.58081 24.78225 0.02792733
58833.581375 24.791214 0.03081652
58833.581944 24.743095 0.02691627
58833.582509 24.736521 0.025950871
58833.58308 24.787605 0.030913864
58833.583647 24.817991 0.031877787
58833.584215 24.818536 0.03479834
58833.584762 24.817412 0.026902047
58833.585316 24.844013 0.029868667
58833.585886 24.770191 0.023930513
58833.586442 24.790513 0.024939087
58833.587001 24.78095 0.028924559
58833.587566 24.821813 0.032875791
58833.58814 24.79333 0.03389761
58833.588711 24.760299 0.022971151
58833.589285 24.776694 0.021956133
58833.589857 24.857737 0.029790218
58833.590423 24.760982 0.03478197
58833.590994 24.873091 0.034816314
58833.591559 24.76576 0.043745051
58833.592112 24.792018 0.042767419
58833.592665 24.767098 0.042750022
58833.593224 24.81908 0.044822923
58833.593796 24.786419 0.050829166
58833.594369 24.741698 0.058536348
58833.59492 24.833219 0.049760877
58833.595528 24.803224 0.039795494
58833.596082 24.798575 0.038868224
58833.596665 24.784704 0.037869043
58833.597231 24.82738 0.036842313
58833.597797 24.831239 0.030915504
58833.59838 24.78278 0.024954065
58833.598947 24.819714 0.028941242
58833.599512 24.737178 0.029923597
58833.60009 24.733975 0.029943567
58833.600655 24.721684 0.029949998
58833.601221 24.795339 0.029927159
58833.601788 24.718407 0.026951326
58833.602358 24.709453 0.028936613
58833.602926 24.747916 0.033902114
58833.60349 24.721357 0.035823882
58833.604047 24.813782 0.027931379
58833.604615 24.790309 0.035892085
58833.605171 24.908501 0.038838902
58833.605736 24.783664 0.038892725
58833.606292 24.77907 0.034895091
58833.606846 24.800861 0.03387279
58833.607409 24.879398 0.039885585
58833.607972 24.806683 0.033915007
58833.608554 24.793251 0.038856945
58833.609122 24.782471 0.036903604
58833.609691 24.836722 0.036846402
58833.61027 24.840504 0.032900053
58833.610843 24.783318 0.027899373
58833.611415 24.783823 0.029882218
58833.611993 24.728245 0.030864788
58833.612577 24.770765 0.028861891
58833.613137 24.77127 0.031863097
58833.613696 24.755876 0.029845429
58833.614278 24.753413 0.02888454
58833.614853 24.79118 0.032817568
58833.615407 24.767039 0.033851808
58833.615983 24.795102 0.031879131
58833.616534 24.828609 0.026911987
58833.617093 24.807776 0.03489998
58833.617655 24.786365 0.031930418
58833.618216 24.745158 0.029936561
58833.618781 24.824051 0.03294255
58833.619336 24.789107 0.030932741
58833.619908 24.774643 0.032921276
58833.620489 24.797676 0.029928849
58833.621073 24.783969 0.028938882
58833.621643 24.825754 0.034909186
58833.622212 24.756297 0.02992181
58833.622786 24.84356 0.036885078
58833.623339 24.824186 0.034929882
58833.623898 24.808107 0.034915267
58833.624467 24.780081 0.028938626
58833.625042 24.765671 0.029927555
58833.625625 24.801512 0.029935121
58833.626195 24.77723 0.026946166
58833.626758 24.778993 0.029899953
58833.627345 24.783094 0.027959804
58833.627901 24.767396 0.028959284
58833.628481 24.796126 0.02696107
58833.629058 24.800234 0.026957558
58833.629625 24.783466 0.025961684
58833.630194 24.82845 0.026962133
58833.630754 24.797832 0.0289665
58833.631339 24.841284 0.030908917
58833.631919 24.74574 0.034815287
58833.632476 24.778231 0.0358418
58833.633035 24.837575 0.033889521
58833.633609 24.757341 0.030882123
58833.634176 24.753541 0.039925834
58833.63477 24.794264 0.033909541
58833.63533 24.823054 0.029950855
58833.635896 24.781396 0.028925715
58833.636454 24.770415 0.026965587
58833.637031 24.84756 0.032895081
58833.637603 24.725952 0.029942757
58833.638178 24.763964 0.027908297
58833.638751 24.780869 0.026961392
58833.639317 24.761339 0.029958065
58833.639885 24.806243 0.026962666
58833.640451 24.720156 0.023980398
58833.641017 24.754963 0.023977905
58833.641587 24.739745 0.025962339
58833.642165 24.777389 0.026966496
58833.642733 24.751535 0.027965066
58833.643298 24.757726 0.030959277
58833.643881 24.825198 0.027949136
58833.644463 24.780944 0.024979475
58833.645038 24.756646 0.025967637
58833.645621 24.756913 0.028945647
58833.646196 24.811449 0.031946731
58833.646775 24.779225 0.02996403
58833.647352 24.787081 0.029967721
58833.647947 24.762575 0.031940479
58833.648518 24.798991 0.030980113
58833.649091 24.72476 0.029969204
58833.649661 24.774211 0.028977177
58833.650234 24.738044 0.029976904
58833.650812 24.77217 0.027971099
58833.651385 24.768476 0.02796458
58833.651942 24.775682 0.026965453
58833.652501 24.755075 0.029974984
58833.653051 24.777797 0.024981252
58833.653627 24.774309 0.025977238
58833.654196 24.736232 0.031960798
58833.654761 24.792452 0.026969035
58833.655332 24.733961 0.026976478
58833.655903 24.749097 0.027979522
58833.656459 24.758215 0.02498048
58833.657018 24.779974 0.028982544
58833.657575 24.735597 0.026983484
58833.658134 24.780494 0.028975834
58833.658729 24.781839 0.028965551
58833.659291 24.753365 0.026970602
58833.659866 24.695443 0.024982722
58833.660428 24.762716 0.029965722
58833.660996 24.723136 0.027968111
58833.661568 24.754383 0.030966412
58833.662129 24.78832 0.030949812
58833.662686 24.745034 0.035943279
58833.663254 24.749282 0.029978541
58833.663845 24.819097 0.037922414
58833.664399 24.755428 0.033962452
58833.664959 24.797006 0.031978411
58833.66553 24.785909 0.032973473
58833.666087 24.749154 0.03098079
58833.666661 24.773857 0.026982335
58833.66724 24.786531 0.026985833
58833.667808 24.750138 0.027983374
58833.668374 24.744282 0.031979991
58833.66894 24.773607 0.031974719
58833.669515 24.750946 0.031971875
58833.670105 24.797817 0.036963843
58833.670664 24.735058 0.028963527
58833.671231 24.808626 0.037966163
58833.671792 24.77935 0.033962081
58833.672357 24.792731 0.038962347
58833.672921 24.770806 0.032960772
58833.6735 24.79079 0.033975697
58833.674063 24.797885 0.034978767
58833.674632 24.805181 0.037960481
58833.675223 24.779853 0.038910351
58833.67579 24.751046 0.035951687
58833.67635 24.786708 0.03894282
58833.676916 24.744602 0.037962172
58833.677484 24.863078 0.047954753
58833.678056 24.798326 0.043949961
58833.678616 24.834313 0.04785562
58833.679182 24.682866 0.042874396
58833.679761 24.712068 0.0478048
58833.680323 24.836778 0.065598768
58833.680894 24.815127 0.054806584
58833.681455 24.728421 0.052682385
58833.68202 24.813062 0.053788445
58833.682591 24.670783 0.047786163
58833.683157 24.792614 0.047882105
58833.683728 24.722361 0.042871105
58833.68429 24.799165 0.051778108
58833.684864 24.79257 0.040924849
58833.685427 24.74843 0.042917298
58833.686006 24.832672 0.044890867
58833.68663 24.715072 0.038950454
58833.687197 24.794917 0.040964808
58833.687766 24.848865 0.047952618
58833.688335 24.77283 0.040961745
58833.6889 24.811052 0.041949936
58833.689473 24.785705 0.044944312
58833.690035 24.73134 0.036944681
58833.690606 24.778335 0.039921358
58833.691182 24.807973 0.03995357
58833.691769 24.790629 0.040934456
58833.692334 24.849904 0.046892301
58833.692912 24.856743 0.039920941
58833.693482 24.788104 0.035936794
58833.694055 24.737574 0.037938538
58833.694629 24.720396 0.034960978
58833.695214 24.664842 0.038953553
58833.695788 24.786517 0.038947415
58833.696709 24.786645 0.041947469
58833.697282 24.773398 0.046909872
58833.697854 24.797369 0.047928252
58833.698426 24.792278 0.044946991
58833.698997 24.80782 0.053932473
58833.699574 24.787425 0.038965393
58833.700162 24.790895 0.039969503
58833.700738 24.753507 0.040957781
58833.701314 24.905078 0.04895719
58833.701879 24.854265 0.061960618
58833.702433 24.81789 0.046974048
58833.702997 24.74344 0.033977714
58833.703569 24.808664 0.046964238
58833.704138 24.830686 0.043979872
58833.704693 24.724688 0.038975377
58833.705269 24.817417 0.037965865
58833.705842 24.814254 0.046953519
58833.706416 24.786428 0.041943366
58833.706995 24.788402 0.037974234
58833.70756 24.830938 0.043959165
58833.708139 24.730491 0.032963203
58833.708701 24.782495 0.036969875
58833.709269 24.756633 0.037970253
58833.709837 24.781789 0.037967699
58833.710398 24.77938 0.03897108
58833.710961 24.760016 0.043937128
58833.711531 24.844672 0.041956698
58833.712096 24.760712 0.038953888
58833.712678 24.783018 0.039950809
58833.713245 24.805455 0.040959397
58833.713811 24.762722 0.033962264
58833.71438 24.760767 0.032969448
58833.714942 24.792823 0.03496353
58833.715515 24.749451 0.034961734
58833.716099 24.760938 0.031974771
58833.716662 24.75926 0.034975844
58833.717217 24.735437 0.031973525
58833.717786 24.71014 0.032961513
58833.718352 24.803428 0.037954005
58833.718933 24.735253 0.037959936
58833.719515 24.744934 0.037957336
58833.720081 24.815775 0.040946243
58833.720652 24.811531 0.039959969
58833.721229 24.834106 0.038948757
58833.721798 24.805663 0.040948472
58833.722365 24.783522 0.034956992
58833.722938 24.806862 0.033973446
58833.723517 24.774107 0.036957969
58833.724095 24.757346 0.02996541
58833.724659 24.771969 0.03696025
58833.725228 24.776046 0.032962236
58833.725794 24.837592 0.03796156
58833.726369 24.770539 0.036943014
58833.726949 24.780816 0.038925458
58833.727521 24.787465 0.039890844
58833.728085 24.805294 0.037911275
58833.728659 24.735422 0.034946605
58833.729226 24.769184 0.042947254
58833.729803 24.787707 0.03796227
58833.730359 24.721827 0.034951891
58833.730924 24.777376 0.034963544
58833.731502 24.818765 0.039959783
58833.732059 24.739195 0.040898449
58833.732632 24.821078 0.041940367
58833.733194 24.819294 0.042917138
58833.733759 24.851312 0.047874763
58833.734321 24.79838 0.043911894
58833.734879 24.741405 0.047893095
58833.735444 24.796002 0.052844403
58833.736003 24.849905 0.063860803
58833.736571 24.792995 0.058855765
58833.737136 24.696331 0.050859723
58833.737691 24.784215 0.049901374
58833.738267 24.750155 0.050783625
58833.738823 24.780478 0.044880396
58833.739382 24.809661 0.047897287
58833.739948 24.792141 0.053837686
58833.740522 24.900676 0.053843702
58833.741085 24.811013 0.058808703
58833.741647 24.780985 0.044901538
58833.742215 24.839462 0.04792202
58833.742788 24.764168 0.045840494
58833.743365 24.741601 0.049897052
58833.743953 24.710901 0.046887049
58833.744526 24.756866 0.040911709
58833.745093 24.805364 0.039939923
58833.745664 24.835042 0.045923882
58833.746226 24.814645 0.043935381
58833.746789 24.77157 0.038935685
58833.747358 24.779197 0.035953327
58833.747921 24.799401 0.036947825
58833.748478 24.751116 0.03395517
58833.749035 24.778673 0.033954004
58833.749599 24.796103 0.037950479
58833.750168 24.793929 0.039903067
58833.750733 24.833113 0.043910724
58833.751298 24.779276 0.040866265
58833.751854 24.826386 0.050872733
58833.752416 24.75466 0.039915574
58833.752988 24.859721 0.038921224
58833.753539 24.795555 0.038929895
58833.7541 24.830362 0.03893806
58833.754655 24.780921 0.038952617
58833.75523 24.749602 0.03496823
58833.755803 24.758855 0.044942012
58833.756377 24.786723 0.040944462
58833.756948 24.735087 0.034968615
58833.757519 24.812533 0.04197136
58833.758074 24.71898 0.038967265
58833.758639 24.79577 0.041925459
58833.759204 24.799133 0.055910869
58833.759765 24.79419 0.04595919
58833.760341 24.773615 0.044960059
58833.760921 24.814986 0.043960645
58833.761489 24.834286 0.059923486
58833.76205 24.795483 0.043962123
58833.762618 24.762201 0.045947244
58833.763196 24.805057 0.040957982
58833.763771 24.833022 0.039975136
58833.764345 24.799603 0.040967952
58833.764904 24.807893 0.042973202
58833.765469 24.741312 0.035981039
58833.766035 24.775131 0.038971357
58833.766604 24.807671 0.045952611
58833.767179 24.80938 0.046974462
58833.767754 24.721632 0.03897455
58833.768337 24.775404 0.038967165
58833.768906 24.762918 0.039970232
58833.769468 24.755529 0.042948905
58833.770037 24.759422 0.039964517
58833.770609 24.774825 0.050956623
58833.771176 24.836925 0.049903143
58833.77175 24.774076 0.051925297
58833.772312 24.769939 0.050903653
58833.772873 24.819537 0.060881545
58833.773436 24.825303 0.060850097
58833.774013 24.723867 0.064866929
58833.774581 24.815715 0.058908953
58833.775149 24.777998 0.06090515
58833.775718 24.809909 0.055908251
58833.776274 24.768038 0.057934884
58833.776849 24.747057 0.049948509
58833.777425 24.805847 0.058944081
58833.777996 24.850741 0.052922782
58833.778564 24.800326 0.049943762
58833.779126 24.736707 0.05292968
58833.779701 24.821778 0.051928222
58833.780275 24.68985 0.047940338
58833.780836 24.794341 0.055857468
58833.781394 24.762769 0.059856951
58833.781959 24.796458 0.051934378
58833.78252 24.823264 0.055946361
58833.783078 24.809785 0.055899805
58833.783656 24.826156 0.055916794
58833.784224 24.771012 0.052947937
58833.784791 24.815306 0.051951857
58833.785359 24.854004 0.04495676
58833.785923 24.869628 0.04296585
58833.786499 24.802831 0.04795052
58833.787075 24.858068 0.048956146
58833.787657 24.866198 0.05295622
58833.788243 24.778721 0.04595306
58833.788815 24.800933 0.043963722
58833.789431 24.830514 0.043969809
58833.789993 24.706417 0.044961243
58833.790558 24.758982 0.040974815
58833.791114 24.794164 0.046953512
58833.791692 24.772897 0.037971317
58833.792254 24.785581 0.035954197
58833.792819 24.785833 0.037965982
58833.793386 24.864455 0.040955309
58833.793945 24.805093 0.041962196
58833.794517 24.770386 0.036966817
58833.79508 24.748886 0.035966742
58833.795646 24.761754 0.034970406
58833.796225 24.795031 0.032966122
58833.79679 24.726476 0.033978925
58833.797352 24.733531 0.034983128
58833.797908 24.768146 0.034977519
58833.798484 24.758769 0.030980104
58833.799061 24.735372 0.030975806
58833.799624 24.826874 0.038971995
58833.800185 24.769612 0.034976703
58833.800756 24.772068 0.035962273
58833.801313 24.785553 0.033969929
58833.801876 24.759271 0.031971997
58833.802443 24.728146 0.033957014
58833.803031 24.766664 0.031980442
58833.803608 24.754334 0.032973036
58833.804175 24.793387 0.038979701
58833.804741 24.818795 0.035979208
58833.805316 24.776149 0.036978102
58833.805876 24.772965 0.040971237
58833.806445 24.795835 0.03698208
58833.807016 24.770953 0.039977292
58833.807582 24.792892 0.040962948
58833.80816 24.786959 0.045976164
58833.808724 24.79094 0.03897837
58833.809281 24.793144 0.035973714
58833.809857 24.804317 0.037978249
58833.810432 24.810755 0.039971239
58833.811002 24.800498 0.03897613
58833.81157 24.683395 0.032980967
58833.812141 24.765664 0.037979998
58833.81271 24.804707 0.039981605
58833.813283 24.810615 0.036983581
58833.81385 24.758507 0.032983213
58833.814425 24.767265 0.035982158
58833.81499 24.763429 0.033983033
58833.815567 24.792158 0.040979058
58833.816133 24.711119 0.033978513
58833.816698 24.790732 0.040958083
58833.817289 24.72223 0.036970774
58833.817864 24.804363 0.040965243
58833.818429 24.805026 0.036967161
58833.819011 24.850136 0.045966228
58833.819573 24.806566 0.041974982
58833.820146 24.837471 0.039962225
58833.82073 24.791103 0.037970294
58833.821295 24.773151 0.040969818
58833.821869 24.733015 0.046969011
58833.822431 24.82011 0.044975852
58833.822986 24.745106 0.039978173
58833.823546 24.744628 0.047960988
58833.824122 24.762359 0.043959411
58833.82469 24.864948 0.050973812
58833.82527 24.808687 0.049976185
58833.825842 24.795587 0.051971989
58833.826414 24.811518 0.046958365
58833.826987 24.787379 0.045960426
58833.827559 24.83879 0.047965688
58833.828123 24.782659 0.046972119
58833.828694 24.760104 0.038957833
58833.829263 24.776181 0.039966
58833.829826 24.73032 0.038955802
58833.830398 24.762839 0.038966068
58833.830961 24.736293 0.033968458
58833.831526 24.804866 0.035958139
58833.832097 24.815163 0.035973631
58833.83267 24.79802 0.036967879
58833.833228 24.755546 0.036968096
58833.833798 24.798882 0.035974716
58833.834371 24.812165 0.03895541
58833.834936 24.758483 0.033974692
58833.83551 24.783528 0.0389714
58833.836083 24.824627 0.037970018
58833.836648 24.772627 0.038971748
58833.837231 24.751963 0.03697181
58833.837806 24.790311 0.045936874
58833.83839 24.826443 0.043952259
58833.838952 24.769589 0.045936054
58833.839512 24.840446 0.049963669
58833.840078 24.821227 0.050954672
58833.840638 24.768864 0.043968279
58833.841214 24.775631 0.043966798
58833.841784 24.780092 0.0379753
58833.842354 24.783781 0.041971401
58833.842932 24.833663 0.042968167
58833.8435 24.809422 0.041971463
58833.844068 24.754738 0.039973031
58833.84464 24.854457 0.041971203
58833.845192 24.782928 0.041976442
58833.845764 24.750165 0.041978317
58833.846315 24.794884 0.040978673
58833.846882 24.767146 0.040981603
58833.847447 24.80273 0.045969273
58833.848017 24.736924 0.047977218
58833.848583 24.89953 0.057970533
58833.849139 24.738923 0.044974483
58833.849713 24.763477 0.044963151
58833.850286 24.751412 0.042978081
