HJD mag magerr
58833.526351 24.392482 0.080717074
58833.526938 24.316152 0.072727005
58833.527497 24.513753 0.071898785
58833.528073 24.393945 0.074740563
58833.52864 24.489761 0.053835528
58833.529223 24.47352 0.076646262
0.0 0.0 0.0
58833.530369 24.412489 0.047809415
58833.530936 24.50936 0.046828098
58833.531508 24.570771 0.041887146
58833.532068 24.615347 0.038928002
58833.532639 24.4688 0.035848225
58833.533201 24.551315 0.034920246
58833.533765 24.52768 0.034920505
58833.534319 24.427462 0.038816359
58833.534878 24.402519 0.033848048
58833.535457 24.47153 0.037792545
58833.536022 24.590391 0.034934471
58833.536586 24.599479 0.030929134
58833.537148 24.569616 0.028932229
58833.537706 24.557762 0.031906319
58833.538275 24.536012 0.028899948
58833.538843 24.606853 0.027939908
58833.539403 24.557953 0.028934034
58833.539961 24.521026 0.025942818
58833.540691 24.548164 0.025934024
58833.54127 24.574594 0.026940989
58833.541834 24.570562 0.024954351
58833.542384 24.571036 0.026942114
58833.542946 24.505803 0.025945693
58833.543507 24.574172 0.026938536
58833.544071 24.566745 0.024941396
58833.544644 24.527721 0.023965898
58833.545206 24.538785 0.027924376
58833.545767 24.562188 0.024958212
58833.54634 24.627016 0.025969115
58833.546924 24.515673 0.022954093
58833.547488 24.490007 0.024931046
58833.548053 24.597614 0.025933371
58833.548633 24.538216 0.023956479
58833.549203 24.562317 0.022965621
58833.549779 24.519442 0.023963111
58833.550355 24.578272 0.025946108
58833.550911 24.546355 0.022964096
58833.551466 24.594789 0.023950062
58833.552025 24.523692 0.026939398
58833.552609 24.53115 0.025953553
58833.553172 24.524421 0.025953218
58833.553736 24.582507 0.026944116
58833.554298 24.582776 0.024963345
58833.554862 24.591143 0.026961746
58833.55542 24.552868 0.027966312
58833.556007 24.546925 0.028954176
58833.556565 24.584214 0.026977949
58833.557125 24.54383 0.025973992
58833.557676 24.576267 0.026978717
58833.558245 24.534633 0.02596872
58833.558811 24.559464 0.026952923
58833.559373 24.536552 0.025943194
58833.559928 24.51682 0.025900725
0.0 0.0 0.0
58833.561052 24.586406 0.026917062
58833.561629 24.57768 0.026931176
58833.562183 24.593432 0.027927233
58833.562742 24.541097 0.025944376
58833.563315 24.558975 0.026954647
58833.563889 24.519343 0.027870327
58833.564461 24.287242 0.033587966
58833.565019 24.593736 0.022938712
58833.565576 24.545639 0.018991047
58833.566153 24.616834 0.025922904
58833.566722 24.533291 0.019971935
58833.56729 24.547189 0.024947947
58833.56785 24.562098 0.023955782
58833.568406 24.520214 0.021972149
58833.568961 24.591003 0.020968065
58833.569533 24.533922 0.01997624
58833.570095 24.572058 0.022977023
58833.57065 24.57003 0.020981858
58833.57121 24.559777 0.02197494
58833.571768 24.541792 0.022953742
58833.572322 24.569104 0.020981719
58833.572898 24.599079 0.02296499
58833.573468 24.454753 0.021940517
58833.574037 24.609548 0.02591906
58833.574593 24.561159 0.02392118
0.0 0.0 0.0
58833.575726 24.578719 0.02585841
0.0 0.0 0.0
58833.576839 24.589477 0.027892613
58833.577403 24.562198 0.023931
58833.577964 24.61346 0.023962289
58833.578544 24.549523 0.022951311
58833.579114 24.613895 0.025947226
58833.579688 24.633728 0.026920537
58833.580238 24.559708 0.026912977
58833.58081 24.44798 0.024875919
58833.581375 24.555298 0.024917904
58833.581944 24.551969 0.023933034
58833.582509 24.558214 0.022945849
58833.58308 24.491148 0.024929731
58833.583647 24.526335 0.027895619
58833.584215 24.660951 0.031806888
58833.584762 24.50022 0.022894317
58833.585316 24.622773 0.028839773
58833.585886 24.536209 0.021938407
58833.586442 24.573284 0.022940057
58833.587001 24.556717 0.025925301
58833.587566 24.490842 0.028865906
58833.58814 24.552891 0.030867861
58833.588711 24.559199 0.021963077
58833.589285 24.460568 0.017966537
58833.589857 24.36355 0.023794025
58833.590423 24.581673 0.030861166
58833.590994 24.540554 0.031791782
0.0 0.0 0.0
58833.592112 24.462871 0.032744015
58833.592665 24.445008 0.032750614
58833.593224 24.456331 0.038775012
58833.593796 24.753587 0.046849668
58833.594369 24.321343 0.03575356
58833.59492 24.378006 0.037678782
58833.595528 24.493442 0.030818606
58833.596082 24.658607 0.034849531
58833.596665 24.613809 0.032870854
58833.597231 24.551876 0.027895502
58833.597797 24.577332 0.029911891
58833.59838 24.554058 0.024951943
58833.598947 24.550557 0.023954226
58833.599512 24.574983 0.028924471
58833.60009 24.582102 0.027940526
58833.600655 24.557052 0.02795479
58833.601221 24.585365 0.023947969
58833.601788 24.593224 0.026924657
58833.602358 24.546362 0.023959085
58833.602926 24.546501 0.026946141
58833.60349 24.509244 0.032825708
58833.604047 24.522792 0.023950288
58833.604615 24.523055 0.028904831
58833.605171 24.530304 0.03189047
58833.605736 24.618105 0.030906143
58833.606292 24.563347 0.029927779
58833.606846 24.579419 0.030863127
58833.607409 24.599586 0.030894779
58833.607972 24.522859 0.031878189
58833.608554 24.574688 0.03189285
58833.609122 24.520855 0.029898504
58833.609691 24.542214 0.029869459
58833.61027 24.591543 0.027901079
58833.610843 24.577212 0.026911675
58833.611415 24.624001 0.027872482
58833.611993 24.480213 0.025850064
58833.612577 24.543869 0.024866453
58833.613137 24.586832 0.030813824
58833.613696 24.381273 0.02679248
58833.614278 24.560978 0.026851018
58833.614853 24.566123 0.028829019
58833.615407 24.555399 0.029852117
58833.615983 24.583961 0.028881373
58833.616534 24.587476 0.029864143
58833.617093 24.553448 0.027893315
58833.617655 24.517089 0.024932147
58833.618216 24.56263 0.028923038
58833.618781 24.537999 0.02891589
58833.619336 24.526329 0.027911633
58833.619908 24.613351 0.030921113
58833.620489 24.542072 0.026937185
58833.621073 24.552694 0.024947973
58833.621643 24.6003 0.031864347
58833.622212 24.594494 0.026921456
58833.622786 24.603448 0.029899579
58833.623339 24.530466 0.02890847
58833.623898 24.566377 0.027940925
58833.624467 24.558175 0.026944033
58833.625042 24.570561 0.027929843
58833.625625 24.554978 0.025941188
58833.626195 24.554946 0.025942068
58833.626758 24.580209 0.026943795
58833.627345 24.539838 0.023955402
58833.627901 24.555381 0.024965616
58833.628481 24.56202 0.024961141
58833.629058 24.614795 0.025933539
58833.629625 24.587955 0.024967266
58833.630194 24.561535 0.02196782
58833.630754 24.584878 0.025962551
58833.631339 24.565979 0.026920348
58833.631919 24.484972 0.029895109
58833.632476 24.563493 0.030895719
58833.633035 24.593541 0.029869276
58833.633609 24.440824 0.026811235
58833.634176 24.536615 0.031936121
58833.63477 24.640747 0.032903529
58833.63533 24.564307 0.025936647
58833.635896 24.524492 0.02790181
58833.636454 24.531275 0.022966289
58833.637031 24.54375 0.026941045
58833.637603 24.609202 0.028924944
58833.638178 24.546727 0.026913449
58833.638751 24.559802 0.025944187
58833.639317 24.548 0.025941807
58833.639885 24.564527 0.024948409
58833.640451 24.576121 0.026961619
58833.641017 24.568391 0.024957301
58833.641587 24.553042 0.025969449
58833.642165 24.581479 0.025962173
58833.642733 24.592155 0.02694448
58833.643298 24.553531 0.02596338
58833.643881 24.576827 0.025969346
58833.644463 24.57257 0.02696834
58833.645038 24.594679 0.028951774
58833.645621 24.553536 0.025948855
58833.646196 24.561441 0.028949258
58833.646775 24.57445 0.022970845
58833.647352 24.572351 0.026952213
58833.647947 24.5831 0.02794736
58833.648518 24.575019 0.025976211
58833.649091 24.5531 0.026971232
58833.649661 24.552808 0.026969448
58833.650234 24.585115 0.023973234
58833.650812 24.527754 0.025957062
58833.651385 24.585411 0.025950359
58833.651942 24.539243 0.026945132
58833.652501 24.572744 0.026966513
58833.653051 24.600336 0.024979403
58833.653627 24.561141 0.023979317
58833.654196 24.561807 0.027947571
58833.654761 24.574945 0.022972725
58833.655332 24.566178 0.026951155
58833.655903 24.578496 0.028974765
58833.656459 24.565568 0.024975376
58833.657018 24.593985 0.027976169
58833.657575 24.548493 0.025961991
58833.658134 24.562647 0.025969192
58833.658729 24.529299 0.024950738
58833.659291 24.529117 0.023973901
58833.659866 24.561331 0.026973483
58833.660428 24.524677 0.028948456
58833.660996 24.624533 0.026955109
58833.661568 24.573217 0.026950492
58833.662129 24.582069 0.027952074
58833.662686 24.567451 0.031922114
58833.663254 24.575642 0.027954863
58833.663845 24.542197 0.027955495
58833.664399 24.606046 0.027947834
58833.664959 24.623655 0.027970394
58833.66553 24.553566 0.025976316
58833.666087 24.573384 0.028974543
58833.666661 24.570067 0.024978829
58833.66724 24.603417 0.024980663
58833.667808 24.573694 0.028976181
58833.668374 24.598036 0.025983343
58833.66894 24.552019 0.027976146
58833.669515 24.521995 0.027972317
58833.670105 24.604148 0.031968419
58833.670664 24.617858 0.026966459
58833.671231 24.531406 0.031960062
58833.671792 24.597062 0.029964726
58833.672357 24.556952 0.02896092
58833.672921 24.539629 0.024977564
58833.6735 24.59445 0.030955116
58833.674063 24.574692 0.030972218
58833.674632 24.60743 0.031937858
58833.675223 24.567908 0.034903923
58833.67579 24.584851 0.035928025
58833.67635 24.529284 0.032936205
58833.676916 24.525019 0.033955527
58833.677484 24.558952 0.036952983
58833.678056 24.517768 0.032894976
58833.678616 24.582761 0.039864778
58833.679182 24.57699 0.037871848
58833.679761 24.470925 0.039818233
0.0 0.0 0.0
0.0 0.0 0.0
0.0 0.0 0.0
58833.68202 24.460019 0.044853381
58833.682591 24.462684 0.043722174
58833.683157 24.642397 0.044888559
58833.683728 24.59841 0.042828855
58833.68429 24.457556 0.044785462
58833.684864 24.541389 0.034924585
58833.685427 24.522319 0.038919252
58833.686006 24.591557 0.040894498
58833.68663 24.519709 0.034923469
58833.687197 24.620821 0.037952297
58833.687766 24.535563 0.035959214
58833.688335 24.616828 0.034926046
58833.6889 24.530278 0.035922503
58833.689473 24.557073 0.034946653
58833.690035 24.63736 0.035917858
58833.690606 24.581677 0.033928439
58833.691182 24.550381 0.032940668
58833.691769 24.576209 0.032898317
58833.692334 24.573625 0.03788967
58833.692912 24.621017 0.036871658
58833.693482 24.517903 0.029939142
58833.694055 24.558169 0.033903328
58833.694629 24.57928 0.03395205
58833.695214 24.548788 0.033926278
58833.695788 24.595108 0.033951667
58833.696709 24.65914 0.040948387
58833.697282 24.677353 0.046900743
58833.697854 24.480174 0.037901904
58833.698426 24.671315 0.039942493
58833.698997 24.56528 0.041924847
58833.699574 24.612951 0.035951648
58833.700162 24.572796 0.032941149
58833.700738 24.541225 0.034926639
58833.701314 24.524101 0.034954691
58833.701879 24.495338 0.043961341
58833.702433 24.515859 0.037962987
58833.702997 24.6091 0.032969375
58833.703569 24.624917 0.033967369
58833.704138 24.559273 0.031978449
58833.704693 24.550168 0.033968893
58833.705269 24.63701 0.030963817
58833.705842 24.554019 0.034934367
58833.706416 24.584623 0.03495557
58833.706995 24.57956 0.032976033
58833.70756 24.626693 0.036960889
58833.708139 24.544973 0.029967824
58833.708701 24.536317 0.032942088
58833.709269 24.54454 0.03196008
58833.709837 24.559075 0.033932137
58833.710398 24.609858 0.031938562
58833.710961 24.574854 0.035940553
58833.711531 24.563288 0.033944274
58833.712096 24.584657 0.030959398
58833.712678 24.511778 0.030955649
58833.713245 24.583026 0.036950086
58833.713811 24.614073 0.031942657
58833.71438 24.510419 0.030954398
58833.714942 24.517359 0.029961212
58833.715515 24.562218 0.029962092
58833.716099 24.598317 0.032970465
58833.716662 24.608135 0.032967274
58833.717217 24.585527 0.030965296
58833.717786 24.563206 0.031942726
58833.718352 24.602362 0.034953848
58833.718933 24.597395 0.034957961
58833.719515 24.539052 0.032947231
58833.720081 24.572379 0.035896367
58833.720652 24.565415 0.030963735
58833.721229 24.601157 0.03595395
58833.721798 24.551055 0.033954531
58833.722365 24.582577 0.029962404
58833.722938 24.562235 0.029962331
58833.723517 24.578971 0.029939807
58833.724095 24.595132 0.027968923
58833.724659 24.527048 0.028961019
58833.725228 24.586668 0.030960032
58833.725794 24.587198 0.034911705
58833.726369 24.541371 0.03490264
58833.726949 24.554156 0.034921413
58833.727521 24.577929 0.036897782
58833.728085 24.54344 0.032911191
58833.728659 24.571782 0.034948214
58833.729226 24.625212 0.032928034
58833.729803 24.566422 0.03192441
58833.730359 24.567657 0.027957883
58833.730924 24.558069 0.025964345
58833.731502 24.539751 0.031947571
58833.732059 24.569255 0.037901476
58833.732632 24.562996 0.032918042
58833.733194 24.579769 0.035915936
58833.733759 24.620868 0.038902419
58833.734321 24.524115 0.036877018
58833.734879 24.489998 0.037907324
58833.735444 24.465904 0.037862236
58833.736003 24.499491 0.03988134
58833.736571 24.499347 0.043853056
58833.737136 24.570525 0.040823899
58833.737691 24.591973 0.039907829
0.0 0.0 0.0
58833.738823 24.519632 0.036893043
58833.739382 24.556215 0.038882738
58833.739948 24.449976 0.042855637
58833.740522 24.562242 0.04084471
0.0 0.0 0.0
58833.741647 24.561766 0.038908045
58833.742215 24.471965 0.03290863
58833.742788 24.599464 0.040867434
58833.743365 24.584886 0.04189786
58833.743953 24.644267 0.040901726
58833.744526 24.543726 0.037922373
58833.745093 24.557269 0.034905608
58833.745664 24.528895 0.031927973
58833.746226 24.543582 0.035941396
58833.746789 24.546631 0.030940454
58833.747358 24.603054 0.030955398
58833.747921 24.555621 0.032951691
58833.748478 24.562924 0.029958619
58833.749035 24.633301 0.029958611
58833.749599 24.574866 0.027959173
58833.750168 24.577594 0.033911373
58833.750733 24.546003 0.035905827
58833.751298 24.499945 0.035798695
58833.751854 24.501895 0.034886269
58833.752416 24.529723 0.032920445
58833.752988 24.552122 0.032922539
58833.753539 24.576849 0.031900835
58833.7541 24.592841 0.030906994
58833.754655 24.57672 0.032936761
58833.75523 24.495655 0.030959421
58833.755803 24.617142 0.035947215
58833.756377 24.505178 0.034948851
58833.756948 24.55926 0.027973844
58833.757519 24.620777 0.034967823
58833.758074 24.618478 0.031971654
58833.758639 24.614602 0.036929198
58833.759204 24.503517 0.03693684
58833.759765 24.566006 0.039937933
58833.760341 24.569767 0.039953737
58833.760921 24.552013 0.036963886
58833.761489 24.623602 0.046921678
58833.76205 24.559165 0.036947657
58833.762618 24.579462 0.035946806
58833.763196 24.597341 0.034939851
58833.763771 24.527503 0.032970001
58833.764345 24.533099 0.029959927
58833.764904 24.612736 0.0389422
58833.765469 24.561348 0.032973719
58833.766035 24.595573 0.03397021
58833.766604 24.573222 0.036964305
58833.767179 24.556678 0.035961027
58833.767754 24.590592 0.033970207
58833.768337 24.58102 0.037959161
58833.768906 24.611685 0.036967036
58833.769468 24.553533 0.034962926
58833.770037 24.538735 0.036956982
58833.770609 24.646782 0.04096553
58833.771176 24.533143 0.041905559
58833.77175 24.572449 0.043934647
58833.772312 24.492107 0.043912698
58833.772873 24.673366 0.050879921
58833.773436 24.583692 0.053862873
58833.774013 24.608113 0.056873472
58833.774581 24.629567 0.050911781
58833.775149 24.469987 0.054867675
58833.775718 24.591033 0.05090356
58833.776274 24.467428 0.04589782
58833.776849 24.544831 0.040951039
58833.777425 24.55065 0.046950401
58833.777996 24.582622 0.045918593
58833.778564 24.59035 0.043929407
58833.779126 24.52124 0.04190826
58833.779701 24.59376 0.044899761
58833.780275 24.689562 0.041906641
58833.780836 24.546989 0.049881434
58833.781394 24.550402 0.050874575
58833.781959 24.578069 0.040936276
58833.78252 24.600058 0.046934085
58833.783078 24.57829 0.048914661
58833.783656 24.571031 0.044923976
58833.784224 24.597952 0.041934517
58833.784791 24.677988 0.038955694
58833.785359 24.558212 0.037955509
58833.785923 24.570698 0.035964119
58833.786499 24.525015 0.039951872
58833.787075 24.49774 0.040912135
58833.787657 24.569367 0.036964788
58833.788243 24.579632 0.036954077
58833.788815 24.565161 0.036953037
58833.789431 24.554086 0.031969979
58833.789993 24.554909 0.034968815
58833.790558 24.580875 0.033975046
58833.791114 24.50666 0.035958333
58833.791692 24.587391 0.034969079
58833.792254 24.54692 0.030967027
58833.792819 24.545458 0.035954349
58833.793386 24.551672 0.028954519
58833.793945 24.521311 0.03096396
58833.794517 24.581519 0.030965558
58833.79508 24.539669 0.028960422
58833.795646 24.627767 0.031957671
58833.796225 24.596982 0.02796873
58833.79679 24.59397 0.032974577
58833.797352 24.641845 0.029976878
58833.797908 24.536271 0.027976654
58833.798484 24.605811 0.029976777
58833.799061 24.546853 0.027963373
58833.799624 24.591838 0.031970391
58833.800185 24.57559 0.029967417
58833.800756 24.567117 0.029972459
58833.801313 24.555041 0.02697332
58833.801876 24.54527 0.028962344
58833.802443 24.595148 0.030958083
58833.803031 24.600326 0.031976981
58833.803608 24.611708 0.030973945
58833.804175 24.611669 0.030979088
58833.804741 24.560864 0.032973494
58833.805316 24.561458 0.028982799
58833.805876 24.628019 0.034968869
58833.806445 24.600213 0.032981028
58833.807016 24.550239 0.031970289
58833.807582 24.565153 0.03296663
58833.80816 24.529208 0.03597464
58833.808724 24.526774 0.027975702
58833.809281 24.58204 0.030969906
58833.809857 24.591976 0.035972798
58833.810432 24.574055 0.02997634
58833.811002 24.596584 0.034977381
58833.81157 24.631547 0.033978987
58833.812141 24.595781 0.03098078
58833.81271 24.577178 0.026983582
58833.813283 24.528081 0.030977624
58833.81385 24.510564 0.027978387
58833.814425 24.525887 0.026982435
58833.81499 24.549683 0.026977033
58833.815567 24.55595 0.029979206
58833.816133 24.591066 0.033970269
58833.816698 24.565336 0.03397663
58833.817289 24.551299 0.031968634
58833.817864 24.561806 0.034963732
58833.818429 24.56978 0.031971635
58833.819011 24.528164 0.033966703
58833.819573 24.556431 0.032968572
58833.820146 24.540362 0.030950881
58833.82073 24.525618 0.029961811
58833.821295 24.555277 0.03396956
58833.821869 24.559362 0.031971372
58833.822431 24.518102 0.034970164
58833.822986 24.553775 0.035970831
58833.823546 24.573271 0.037967881
58833.824122 24.610107 0.042962488
58833.82469 24.594222 0.035973137
58833.82527 24.538515 0.035969425
58833.825842 24.632388 0.039964783
58833.826414 24.521459 0.037964536
58833.826987 24.630196 0.040967668
58833.827559 24.57013 0.037963413
58833.828123 24.552641 0.0309753
58833.828694 24.542932 0.031970442
58833.829263 24.553177 0.035965413
58833.829826 24.566238 0.035966457
58833.830398 24.575779 0.033962127
58833.830961 24.606658 0.032957656
58833.831526 24.617663 0.02997326
58833.832097 24.534062 0.027973996
58833.83267 24.565912 0.031973217
58833.833228 24.562185 0.034958264
58833.833798 24.558492 0.031967893
58833.834371 24.586107 0.036965167
58833.834936 24.562287 0.029970087
58833.83551 24.628777 0.032972652
58833.836083 24.618355 0.030972926
58833.836648 24.587041 0.031951867
58833.837231 24.570039 0.032952952
58833.837806 24.573092 0.036915144
58833.83839 24.537468 0.035952793
58833.838952 24.554178 0.034938686
58833.839512 24.587281 0.031964727
58833.840078 24.49327 0.035958496
58833.840638 24.598916 0.032969089
58833.841214 24.567045 0.032968973
58833.841784 24.531735 0.031966819
58833.842354 24.57212 0.034972197
58833.842932 24.565486 0.035970153
58833.8435 24.640227 0.040964267
58833.844068 24.627937 0.037966256
58833.84464 24.557747 0.034966384
58833.845192 24.546445 0.03596064
58833.845764 24.528216 0.031978196
58833.846315 24.618848 0.034978616
58833.846882 24.581932 0.035978615
58833.847447 24.620973 0.056975984
58833.848017 24.621927 0.040968326
58833.848583 24.542016 0.03697385
58833.849139 24.579651 0.040960299
58833.849713 24.550882 0.039966567
58833.850286 24.595964 0.038973284
