HJD mag magerr
58833.526351 23.845579 0.051837976
58833.526938 23.877672 0.050622356
58833.527497 23.871366 0.045824584
58833.528073 23.795065 0.044677253
58833.52864 23.808489 0.031835255
58833.529223 23.798727 0.039679306
58833.529794 23.810053 0.043390406
58833.530369 23.878653 0.030823519
58833.530936 23.820726 0.028842523
58833.531508 23.827385 0.025901474
58833.532068 23.816783 0.022912742
58833.532639 23.822107 0.0239076
58833.533201 23.860004 0.023919825
58833.533765 23.880932 0.020925139
58833.534319 23.885681 0.02779634
58833.534878 23.794493 0.021843759
58833.535457 23.891341 0.023843765
58833.536022 23.870687 0.020917267
58833.536586 23.842326 0.019933831
58833.537148 23.845954 0.017962006
58833.537706 23.828741 0.021891485
58833.538275 23.868477 0.018941128
58833.538843 23.850391 0.01894182
58833.539403 23.839962 0.018933406
58833.539961 23.874642 0.017950399
58833.540691 23.853892 0.017960764
58833.54127 23.880827 0.018939373
58833.541834 23.881881 0.017952565
58833.542384 23.880203 0.01895184
58833.542946 23.871022 0.017940807
58833.543507 23.86665 0.016972961
58833.544071 23.846209 0.016963814
58833.544644 23.839383 0.017931643
58833.545206 23.868984 0.019888133
58833.545767 23.857529 0.017959501
58833.54634 23.879574 0.015972263
58833.546924 23.926352 0.016961908
58833.547488 23.861745 0.016932386
58833.548053 23.822147 0.01595522
58833.548633 23.862465 0.016962126
58833.549203 23.872345 0.015969732
58833.549779 23.855188 0.016965286
58833.550355 23.884883 0.018954831
58833.550911 23.883293 0.016966179
58833.551466 23.876236 0.016952705
58833.552025 23.860787 0.018943015
58833.552609 23.915581 0.018951078
58833.553172 23.884459 0.018946812
58833.553736 23.863689 0.017945064
58833.554298 23.883563 0.016971014
58833.554862 23.877875 0.016972232
58833.55542 23.865647 0.01894906
58833.556007 23.895211 0.018979513
58833.556565 23.879512 0.016985888
58833.557125 23.848067 0.017971329
58833.557676 23.872527 0.020967618
58833.558245 23.858656 0.018959293
58833.558811 23.894855 0.018954685
58833.559373 23.913197 0.016953781
58833.559928 23.894417 0.018918519
58833.560497 23.890803 0.020836575
58833.561052 23.902737 0.016952125
58833.561629 23.996304 0.021895939
58833.562183 23.863393 0.018936326
58833.562742 23.863163 0.016957614
58833.563315 23.861212 0.018960206
58833.563889 23.886822 0.017916681
58833.564461 23.892791 0.01980629
58833.565019 23.846993 0.015916814
58833.565576 23.887688 0.012994551
58833.566153 23.958929 0.015957516
58833.566722 23.921056 0.017961129
58833.56729 23.848473 0.015961096
58833.56785 23.961405 0.017943535
58833.568406 23.919299 0.016971458
58833.568961 23.910194 0.015978868
58833.569533 23.901646 0.01399088
58833.570095 23.903774 0.014981255
58833.57065 23.896981 0.016982912
58833.57121 23.901703 0.015979427
58833.571768 23.886769 0.015974242
58833.572322 23.907759 0.015977289
58833.572898 23.901586 0.016963732
58833.573468 23.895952 0.016923182
58833.574037 23.921027 0.018929738
58833.574593 23.869511 0.016923052
58833.575159 23.897105 0.020756019
58833.575726 23.897922 0.017891575
58833.576286 23.907139 0.017852798
58833.576839 23.889008 0.018904959
58833.577403 23.909562 0.016943124
58833.577964 23.910522 0.018947659
58833.578544 23.924463 0.017950406
58833.579114 23.890127 0.016887902
58833.579688 23.922237 0.017934274
58833.580238 23.925803 0.017920848
58833.58081 23.8974 0.018898013
58833.581375 23.955763 0.018903122
58833.581944 23.944895 0.017926588
58833.582509 23.918985 0.016950651
58833.58308 23.925169 0.019918861
58833.583647 23.925889 0.017923173
58833.584215 23.94394 0.018864723
58833.584762 23.972916 0.015943666
58833.585316 24.010397 0.019838294
58833.585886 23.931304 0.015960483
58833.586442 23.904466 0.016924839
58833.587001 23.93238 0.016948687
58833.587566 23.919849 0.020812332
58833.58814 23.867627 0.01887608
58833.588711 23.925335 0.014982603
58833.589285 23.980571 0.013980698
58833.589857 23.963813 0.018871118
58833.590423 23.951198 0.018872602
58833.590994 23.988843 0.020866365
58833.591559 23.867919 0.023783948
58833.592112 23.945931 0.024755546
58833.592665 23.948813 0.024749816
58833.593224 23.895634 0.025661407
58833.593796 23.989511 0.027773516
58833.594369 23.925931 0.025663963
58833.59492 23.922419 0.025754933
58833.595528 23.898519 0.022814937
58833.596082 23.919668 0.021865106
58833.596665 23.97427 0.021887541
58833.597231 23.929517 0.021862811
58833.597797 23.919366 0.019910774
58833.59838 23.948566 0.017941341
58833.598947 23.948174 0.016964262
58833.599512 23.917186 0.019929936
58833.60009 23.985451 0.018943078
58833.600655 23.924997 0.017958791
58833.601221 23.964732 0.019941805
58833.601788 23.942804 0.017950047
58833.602358 23.935144 0.018944757
58833.602926 23.956698 0.019946294
58833.60349 23.997195 0.022838689
58833.604047 23.918066 0.017946584
58833.604615 23.919938 0.019910583
58833.605171 24.008529 0.022899027
58833.605736 23.950767 0.02091136
58833.606292 23.933438 0.020908242
58833.606846 23.927152 0.021880804
58833.607409 23.974152 0.02383675
58833.607972 23.941275 0.021882474
58833.608554 23.960297 0.022903081
58833.609122 23.944922 0.020898887
58833.609691 23.977174 0.020868952
58833.61027 23.991568 0.019902104
58833.610843 23.958641 0.01886866
58833.611415 23.991296 0.018887474
58833.611993 24.005694 0.019877826
58833.612577 23.966849 0.01787733
58833.613137 23.89424 0.019870267
58833.613696 23.956366 0.018873522
58833.614278 23.965638 0.017881892
58833.614853 23.963251 0.019847644
58833.615407 24.013886 0.018907059
58833.615983 23.985848 0.019893934
58833.616534 23.973819 0.019913297
58833.617093 24.015194 0.021897887
58833.617655 23.960878 0.019935459
58833.618216 23.981449 0.018925784
58833.618781 23.973264 0.020942543
58833.619336 23.973995 0.019940276
58833.619908 23.97606 0.020923635
58833.620489 23.962802 0.018933676
58833.621073 23.961187 0.018954056
58833.621643 23.950633 0.020865397
58833.622212 23.979991 0.019923043
58833.622786 23.971239 0.02189156
58833.623339 24.003262 0.021862716
58833.623898 24.002017 0.021858855
58833.624467 23.960907 0.019939635
58833.625042 23.950613 0.018929347
58833.625625 23.971754 0.017945903
58833.626195 23.995791 0.016961121
58833.626758 23.977027 0.017959379
58833.627345 23.945068 0.018953865
58833.627901 23.967504 0.016965895
58833.628481 23.990438 0.019937914
58833.629058 23.974449 0.017959066
58833.629625 23.957613 0.018937848
58833.630194 23.989906 0.017964394
58833.630754 24.003958 0.017969441
58833.631339 23.926342 0.018902059
58833.631919 23.936157 0.021848934
58833.632476 23.98847 0.021839546
58833.633035 23.948645 0.018873516
58833.633609 23.904935 0.018861732
58833.634176 23.963793 0.021942794
58833.63477 24.025838 0.02091725
58833.63533 23.97333 0.020915388
58833.635896 23.961913 0.017935491
58833.636454 23.962987 0.016970849
58833.637031 23.983354 0.018940529
58833.637603 23.967548 0.019917353
58833.638178 23.98865 0.020913581
58833.638751 23.985179 0.01993907
58833.639317 23.993558 0.018960637
58833.639885 23.98646 0.019943792
58833.640451 23.988925 0.018961303
58833.641017 23.99934 0.016980535
58833.641587 24.020242 0.017974761
58833.642165 23.974247 0.017970955
58833.642733 23.998882 0.018966406
58833.643298 23.973876 0.020936299
58833.643881 23.991762 0.019950817
58833.644463 23.979011 0.017972005
58833.645038 23.988342 0.018967431
58833.645621 23.995062 0.019943558
58833.646196 23.98686 0.020945038
58833.646775 24.017917 0.018945483
58833.647352 24.000427 0.01894941
58833.647947 23.993171 0.018964309
58833.648518 23.989045 0.01897356
58833.649091 23.990404 0.018954253
58833.649661 24.014806 0.019948834
58833.650234 23.976398 0.017973102
58833.650812 23.992618 0.017957208
58833.651385 24.004763 0.020944931
58833.651942 23.990825 0.020944062
58833.652501 24.000898 0.018967825
58833.653051 24.0222 0.018972047
58833.653627 23.988723 0.018968985
58833.654196 23.995702 0.018944651
58833.654761 23.990974 0.018971632
58833.655332 23.999566 0.018969069
58833.655903 24.003564 0.020972738
58833.656459 24.007118 0.018974993
58833.657018 24.004499 0.018977999
58833.657575 24.003315 0.021955619
58833.658134 23.987814 0.019949488
58833.658729 23.982307 0.019947235
58833.659291 24.016894 0.018973597
58833.659866 24.003167 0.017976033
58833.660428 23.975144 0.019945269
58833.660996 23.988435 0.019971223
58833.661568 23.992486 0.019964408
58833.662129 24.043684 0.020951225
58833.662686 24.003263 0.022910363
58833.663254 24.016546 0.020953383
58833.663845 24.056781 0.021960603
58833.664399 24.000424 0.019964711
58833.664959 24.02574 0.019978699
58833.66553 23.986305 0.019976262
58833.666087 23.988501 0.017977467
58833.666661 23.982802 0.018979483
58833.66724 24.025063 0.020971594
58833.667808 23.98877 0.019977651
58833.668374 24.045917 0.019978079
58833.66894 24.0055 0.018977603
58833.669515 24.009583 0.019973085
58833.670105 24.017815 0.021965494
58833.670664 24.031607 0.019965206
58833.671231 23.99824 0.021953874
58833.671792 24.036074 0.021951233
58833.672357 24.028815 0.020962212
58833.672921 24.003484 0.020960285
58833.6735 24.005174 0.020969126
58833.674063 24.021476 0.022958365
58833.674632 24.004372 0.021935205
58833.675223 24.023837 0.023905217
58833.67579 24.006447 0.022953337
58833.67635 23.996978 0.022936841
58833.676916 24.013343 0.022936166
58833.677484 24.020001 0.024948049
58833.678056 24.009082 0.024937328
58833.678616 24.04654 0.026860586
58833.679182 24.038472 0.028842837
58833.679761 24.06574 0.027807869
58833.680323 24.099349 0.035704239
58833.680894 23.983608 0.027779255
58833.681455 24.05717 0.030793847
58833.68202 23.997498 0.025861444
58833.682591 24.056166 0.029718365
58833.683157 24.020554 0.029870127
0.0 0.0 0.0
58833.68429 24.036216 0.031800401
58833.684864 24.032821 0.025917796
58833.685427 23.956771 0.026875949
58833.686006 24.027515 0.024900438
58833.68663 23.9899 0.023945811
58833.687197 23.985211 0.023955298
58833.687766 24.004005 0.024956047
58833.688335 24.021384 0.025931708
58833.6889 24.028606 0.023951486
58833.689473 24.03017 0.025912129
58833.690035 24.01312 0.022915493
58833.690606 23.996072 0.022922504
58833.691182 24.012008 0.022952108
58833.691769 24.033526 0.023902419
58833.692334 24.000754 0.026828303
58833.692912 24.039723 0.024871019
58833.693482 24.017051 0.022934524
58833.694055 24.013427 0.023907281
58833.694629 24.027453 0.02295263
58833.695214 24.02562 0.024946387
58833.695788 24.066516 0.025943534
58833.696709 24.021676 0.025878606
58833.697282 24.032371 0.031852686
58833.697854 24.018779 0.024886877
58833.698426 24.039161 0.024954267
58833.698997 23.987492 0.027916384
58833.699574 24.013358 0.023948295
58833.700162 24.046011 0.023958945
58833.700738 24.064013 0.026912941
58833.701314 24.009434 0.024957469
58833.701879 24.039888 0.032948167
58833.702433 24.013525 0.029945989
58833.702997 24.030761 0.022974436
58833.703569 24.039311 0.021969474
58833.704138 24.060994 0.023975733
58833.704693 24.042829 0.024967963
58833.705269 24.069554 0.023948359
58833.705842 24.053707 0.023955235
58833.706416 24.024771 0.025935167
58833.706995 24.060537 0.02496701
58833.70756 24.034553 0.025968747
58833.708139 24.067281 0.022965417
58833.708701 24.025253 0.023938243
58833.709269 24.052262 0.023957929
58833.709837 24.021132 0.020969353
58833.710398 24.055189 0.024957989
58833.710961 24.042583 0.022957265
58833.711531 23.996549 0.024938079
58833.712096 24.056797 0.023954285
58833.712678 24.027537 0.026918557
58833.713245 24.048183 0.025913466
58833.713811 24.009931 0.022935646
58833.71438 24.042728 0.02393154
58833.714942 24.036759 0.022938258
58833.715515 24.05701 0.02196281
58833.716099 24.01777 0.021970027
58833.716662 24.038719 0.019976571
58833.717217 24.029535 0.023944949
58833.717786 24.058176 0.021972524
58833.718352 24.059353 0.023965673
58833.718933 24.048696 0.023952135
58833.719515 24.027032 0.023940872
58833.720081 24.048309 0.02488305
58833.720652 24.05406 0.022962419
58833.721229 24.044078 0.022948749
58833.721798 24.023218 0.022932442
58833.722365 24.042882 0.021939976
58833.722938 24.054736 0.020962612
58833.723517 24.076312 0.021954723
58833.724095 24.043355 0.020949418
58833.724659 24.009157 0.021954492
58833.725228 24.044261 0.022935332
58833.725794 24.07435 0.023936445
58833.726369 24.04454 0.024907679
58833.726949 24.059949 0.023921491
58833.727521 24.053323 0.026891477
58833.728085 24.021068 0.024909157
58833.728659 24.041253 0.022944209
58833.729226 24.093156 0.0249507
58833.729803 24.001932 0.022918193
58833.730359 24.04961 0.021956421
58833.730924 23.998051 0.021964353
58833.731502 24.036903 0.023947958
58833.732059 24.053137 0.024893439
58833.732632 24.067074 0.026919522
58833.733194 24.041334 0.024917739
58833.733759 24.051351 0.026830419
58833.734321 24.089555 0.028855997
58833.734879 24.051985 0.026879459
58833.735444 24.058745 0.029848574
58833.736003 24.064297 0.030870379
58833.736571 24.002654 0.030774959
58833.737136 24.038872 0.02779544
58833.737691 24.06092 0.02589683
58833.738267 24.078638 0.031763464
58833.738823 24.016735 0.025880068
58833.739382 24.063631 0.028863132
58833.739948 24.091361 0.028846467
58833.740522 24.091019 0.027875876
58833.741085 24.03506 0.032755726
58833.741647 24.030159 0.026880311
58833.742215 24.035037 0.027853364
58833.742788 24.0345 0.026813577
58833.743365 24.081797 0.029885624
58833.743953 24.060881 0.02888876
58833.744526 24.045663 0.027901331
58833.745093 24.071646 0.025900605
58833.745664 24.047823 0.024918669
58833.746226 24.066051 0.024927274
58833.746789 24.076611 0.023940098
58833.747358 24.057453 0.023921868
58833.747921 24.059473 0.02590731
58833.748478 24.033037 0.020954616
58833.749035 24.050361 0.022961799
58833.749599 24.07744 0.021956614
58833.750168 24.046827 0.025861969
58833.750733 24.009472 0.02585144
58833.751298 24.030484 0.024836336
58833.751854 24.068215 0.028822353
58833.752416 24.058044 0.024872846
58833.752988 24.034543 0.024881248
58833.753539 24.079184 0.023922821
58833.7541 24.052004 0.024898992
58833.754655 24.043009 0.023925983
58833.75523 24.112626 0.022968459
58833.755803 24.050412 0.025943903
58833.756377 24.076649 0.025910173
58833.756948 24.028318 0.020971709
58833.757519 24.069236 0.023972471
58833.758074 24.044908 0.023969885
58833.758639 24.062674 0.025922423
58833.759204 24.14283 0.027923266
58833.759765 24.083159 0.02495813
58833.760341 24.018335 0.024958444
58833.760921 24.052147 0.02695941
58833.761489 24.077785 0.031911135
58833.76205 24.068966 0.025948202
58833.762618 24.055982 0.027942223
58833.763196 24.043504 0.027930848
58833.763771 24.044141 0.027938741
58833.764345 24.093002 0.026968758
58833.764904 24.047136 0.026961331
58833.765469 24.017372 0.025942859
58833.766035 24.05238 0.025960811
58833.766604 24.063428 0.026952308
58833.767179 24.096094 0.024968844
58833.767754 24.081771 0.027968103
58833.768337 24.054407 0.025958522
58833.768906 24.082544 0.025965971
58833.769468 24.065124 0.026957177
58833.770037 24.058141 0.025916703
58833.770609 24.07905 0.029945201
58833.771176 24.037315 0.027894094
58833.77175 24.011845 0.028895739
58833.772312 24.055593 0.031883735
58833.772873 24.033485 0.032851393
58833.773436 24.022507 0.033872508
58833.774013 24.015628 0.036777977
58833.774581 24.043008 0.033846015
58833.775149 23.990826 0.034836743
58833.775718 24.037498 0.032892565
58833.776274 24.014866 0.030890447
58833.776849 24.043962 0.029924306
58833.777425 24.057626 0.030915909
58833.777996 24.043352 0.031895778
58833.778564 24.055145 0.032917757
58833.779126 24.10382 0.033889404
58833.779701 24.040008 0.030808116
58833.780275 24.034103 0.029901487
58833.780836 24.073611 0.032860471
58833.781394 24.080975 0.032870303
58833.781959 24.041889 0.028923909
58833.78252 24.056356 0.031796432
58833.783078 23.984935 0.030888072
58833.783656 24.057233 0.029905353
58833.784224 24.114138 0.028924855
58833.784791 24.05076 0.026944625
58833.785359 24.07573 0.025923086
58833.785923 24.038173 0.026914661
58833.786499 24.05316 0.025943165
58833.787075 24.023539 0.027943506
58833.787657 24.077813 0.02894501
58833.788243 24.076486 0.027941694
58833.788815 24.018974 0.023964433
58833.789431 24.06475 0.024966488
58833.789993 24.066939 0.024959465
58833.790558 24.027843 0.023966176
58833.791114 24.043698 0.023959278
58833.791692 24.053561 0.023973205
58833.792254 24.080557 0.021970171
58833.792819 24.03194 0.024954645
58833.793386 24.07482 0.019969535
58833.793945 24.063309 0.023944049
58833.794517 24.058712 0.024967403
58833.79508 24.048776 0.022953957
58833.795646 24.034118 0.020970966
58833.796225 24.032592 0.02097822
58833.79679 24.050118 0.021981072
58833.797352 24.019751 0.022954
58833.797908 24.056995 0.021978361
58833.798484 24.05555 0.020978205
58833.799061 24.032854 0.0199753
58833.799624 24.042061 0.021962896
58833.800185 24.037456 0.024939718
58833.800756 24.041255 0.019974846
58833.801313 24.03362 0.019975979
58833.801876 24.016212 0.021969337
58833.802443 24.019116 0.020968615
58833.803031 24.023087 0.023972612
58833.803608 24.050057 0.02296942
58833.804175 24.048641 0.020982428
58833.804741 24.063188 0.020981136
58833.805316 24.032689 0.021977594
58833.805876 24.04475 0.024971632
58833.806445 24.067466 0.020983911
58833.807016 24.02327 0.023971875
58833.807582 24.02724 0.022970386
58833.80816 24.048749 0.028949993
58833.808724 24.044854 0.021973955
58833.809281 24.057588 0.022971901
58833.809857 23.992182 0.023970857
58833.810432 24.08585 0.025968552
58833.811002 24.012919 0.02497222
58833.81157 24.045467 0.021980452
58833.812141 24.033088 0.02098311
58833.81271 24.065735 0.022981897
58833.813283 24.035408 0.022974561
58833.81385 24.038676 0.020983441
58833.814425 24.02696 0.021982837
58833.81499 24.042718 0.021983094
58833.815567 24.021567 0.019985276
58833.816133 24.012808 0.022958634
58833.816698 24.052161 0.023970028
58833.817289 24.016692 0.02296213
58833.817864 24.052435 0.025958171
58833.818429 24.027905 0.022950874
58833.819011 24.062519 0.022964926
58833.819573 24.106092 0.025947851
58833.820146 24.0614 0.022968723
58833.82073 24.058774 0.021971815
58833.821295 24.052952 0.022967815
58833.821869 24.054908 0.027958457
58833.822431 24.040426 0.024964699
58833.822986 24.045454 0.026975367
58833.823546 24.025612 0.025957616
58833.824122 24.070029 0.026965148
58833.82469 24.045045 0.029954406
58833.82527 24.085337 0.031965532
58833.825842 24.051096 0.026969828
58833.826414 24.057313 0.026946744
58833.826987 24.056058 0.024966927
58833.827559 24.061674 0.025963058
58833.828123 24.088159 0.024973204
58833.828694 24.050611 0.024953817
58833.829263 24.063389 0.025917499
58833.829826 24.044698 0.020975952
58833.830398 24.062589 0.024957053
58833.830961 24.064766 0.024952039
58833.831526 24.038015 0.023972174
58833.832097 24.070331 0.019977102
58833.83267 24.045144 0.022959561
58833.833228 24.044624 0.021973716
58833.833798 24.046896 0.022925274
58833.834371 24.04421 0.025950432
58833.834936 24.079459 0.021967233
58833.83551 24.07234 0.022964362
58833.836083 24.098922 0.023961543
58833.836648 24.075337 0.023963105
58833.837231 24.091542 0.025947544
58833.837806 24.09923 0.025932494
58833.83839 24.089738 0.025931748
58833.838952 24.047402 0.025919061
58833.839512 24.128885 0.025962815
58833.840078 24.085156 0.029932614
58833.840638 24.113627 0.024965183
58833.841214 24.082514 0.022971099
58833.841784 24.052501 0.02496494
58833.842354 24.033209 0.022964879
58833.842932 24.106149 0.022967518
58833.8435 24.073671 0.026965147
58833.844068 24.105358 0.023974557
58833.84464 24.151234 0.026964274
58833.845192 24.077758 0.026970816
58833.845764 24.078457 0.023977843
58833.846315 24.092109 0.024972317
58833.846882 24.085857 0.024976211
58833.847447 24.151765 0.0299726
58833.848017 24.115379 0.027973757
58833.848583 24.108072 0.027971916
58833.849139 24.060292 0.030961504
58833.849713 24.097114 0.028969026
58833.850286 24.047757 0.027974041
