HJD mag magerr
58833.526351 24.902482 0.13071359
58833.526938 24.748152 0.10172284
58833.527497 24.753753 0.083897766
58833.528073 24.771945 0.10273691
58833.52864 24.794761 0.070832457
58833.529223 24.71252 0.094642814
58833.529794 24.754413 0.098409116
58833.530369 24.728489 0.058806115
58833.530936 24.76836 0.058824775
58833.531508 24.751771 0.045886037
58833.532068 24.782347 0.038928002
58833.532639 24.7358 0.042845788
58833.533201 24.735315 0.039918773
58833.533765 24.71668 0.039919037
58833.534319 24.744462 0.04481325
58833.534878 24.782519 0.043841218
58833.535457 24.73853 0.04378879
58833.536022 24.704391 0.035934117
58833.536586 24.739479 0.030929134
58833.537148 24.789616 0.031930926
58833.537706 24.756762 0.033905083
58833.538275 24.763012 0.032898212
58833.538843 24.853853 0.029939026
58833.539403 24.727953 0.029933449
58833.539961 24.778026 0.028941338
58833.540691 24.765164 0.030932195
58833.54127 24.752594 0.026940989
58833.541834 24.769562 0.025953866
58833.542384 24.780036 0.029940765
58833.542946 24.737803 0.026945178
58833.543507 24.814172 0.028937834
58833.544071 24.735745 0.024941396
58833.544644 24.730721 0.024965382
58833.545206 24.723785 0.026925016
58833.545767 24.758188 0.024958212
58833.54634 24.827016 0.02796841
58833.546924 24.694673 0.025951956
58833.547488 24.705007 0.027929045
58833.548053 24.775614 0.026932737
58833.548633 24.720216 0.024955956
58833.549203 24.749317 0.026964021
58833.549779 24.732442 0.023963111
58833.550355 24.778272 0.027945134
58833.550911 24.728355 0.025962777
58833.551466 24.745789 0.023950062
58833.552025 24.722692 0.027938882
58833.552609 24.69415 0.025953553
58833.553172 24.725421 0.027952146
58833.553736 24.774507 0.028943209
58833.554298 24.718776 0.022964269
58833.554862 24.744143 0.026961746
58833.55542 24.701868 0.026966595
58833.556007 24.731925 0.028954176
58833.556565 24.733214 0.028977496
58833.557125 24.74283 0.026973681
58833.557676 24.736267 0.030977913
58833.558245 24.722633 0.027968005
58833.558811 24.748464 0.02895216
58833.559373 24.726552 0.023944787
58833.559928 24.79482 0.029896515
58833.560497 24.815561 0.041635395
58833.561052 24.781406 0.027916353
58833.561629 24.75768 0.030928554
58833.562183 24.747432 0.026927849
58833.562742 24.773097 0.026943707
58833.563315 24.809975 0.030952925
58833.563889 24.734343 0.029867872
58833.564461 24.661242 0.031593601
58833.565019 24.747736 0.024935995
58833.565576 24.724639 0.018991047
58833.566153 24.810834 0.027919915
58833.566722 24.709291 0.020971183
58833.56729 24.739189 0.024947947
58833.56785 24.753098 0.026953963
58833.568406 24.731214 0.020972771
58833.568961 24.756003 0.021967206
58833.569533 24.691922 0.01997624
58833.570095 24.751058 0.021977378
58833.57065 24.71303 0.020981858
58833.57121 24.737777 0.020975391
58833.571768 24.758792 0.023953291
58833.572322 24.765104 0.021981303
58833.572898 24.736079 0.02296499
58833.573468 24.718753 0.025936505
58833.574037 24.743548 0.027917194
58833.574593 24.776159 0.027917904
0.0 0.0 0.0
58833.575726 24.759719 0.027855111
58833.576286 24.71146 0.0308558
58833.576839 24.755477 0.027892613
58833.577403 24.794198 0.026928747
58833.577964 24.74146 0.022962928
58833.578544 24.726523 0.025949516
58833.579114 24.761895 0.025947226
58833.579688 24.746728 0.025921287
58833.580238 24.740708 0.028911555
58833.58081 24.73198 0.028871281
58833.581375 24.745298 0.025917024
58833.581944 24.718969 0.023933034
58833.582509 24.784214 0.023945105
58833.58308 24.738148 0.027927691
58833.583647 24.680335 0.027895619
58833.584215 25.918951 0.098780759
58833.584762 24.73822 0.028881004
58833.585316 24.772773 0.030836455
58833.585886 24.725209 0.021938407
58833.586442 24.793284 0.026936504
58833.587001 24.734717 0.029922147
58833.587566 24.710842 0.033859704
58833.58814 24.716891 0.031866871
58833.588711 24.747199 0.024961119
58833.589285 24.679568 0.018963742
58833.589857 24.64755 0.027782914
58833.590423 24.744673 0.029862293
58833.590994 24.772554 0.036785464
58833.591559 24.810768 0.05269969
58833.592112 24.780871 0.039736554
58833.592665 24.766008 0.042738407
58833.593224 24.673331 0.042771539
58833.593796 24.710587 0.043852249
58833.594369 24.673343 0.046734587
58833.59492 24.683006 0.043671167
58833.595528 24.701442 0.035810327
58833.596082 24.825607 0.03784722
58833.596665 24.779809 0.035868561
58833.597231 24.776876 0.031891864
58833.597797 24.779332 0.032910338
58833.59838 24.764058 0.02795018
58833.598947 24.758557 0.023954226
58833.599512 24.757983 0.029923945
58833.60009 24.736102 0.027940526
58833.600655 24.743052 0.028954444
58833.601221 24.721365 0.023947969
58833.601788 24.704224 0.030922404
58833.602358 24.703362 0.027956943
58833.602926 24.779501 0.029944225
58833.60349 24.700244 0.035823271
58833.604047 24.725792 0.02694824
58833.604615 24.761055 0.029904164
58833.605171 24.717304 0.034888834
58833.605736 24.786105 0.033904624
58833.606292 24.764347 0.032926154
58833.606846 24.794419 0.034860253
58833.607409 24.788586 0.033893072
58833.607972 24.783859 0.034876365
58833.608554 24.785688 0.033891434
58833.609122 24.728855 0.034895727
58833.609691 24.738214 0.034865865
58833.61027 24.770543 0.029899615
58833.610843 24.781212 0.028910231
58833.611415 24.815001 0.031868987
58833.611993 24.755213 0.029845011
58833.612577 24.735869 0.027862522
58833.613137 24.701832 0.031812418
58833.613696 24.732273 0.03278364
58833.614278 24.763978 0.027849725
58833.614853 24.692123 0.031825661
58833.615407 24.664399 0.028853156
58833.615983 24.772961 0.030879773
58833.616534 24.796476 0.03086327
58833.617093 24.704448 0.032889816
58833.617655 24.730089 0.029929152
58833.618216 24.76563 0.030922008
58833.618781 24.756999 0.030915101
58833.619336 24.722329 0.030910318
58833.619908 24.738351 0.029921611
58833.620489 24.740072 0.02793665
58833.621073 24.761694 0.026946639
58833.621643 24.7323 0.032863834
58833.622212 24.748494 0.030919106
58833.622786 24.800448 0.034896832
58833.623339 24.725466 0.026909943
58833.623898 24.759377 0.02993982
58833.624467 24.733175 0.028943124
58833.625042 24.755561 0.029928811
58833.625625 24.699978 0.024941809
58833.626195 24.771946 0.027941331
58833.626758 24.764209 0.028942882
58833.627345 24.745838 0.025954386
58833.627901 24.756381 0.024965616
58833.628481 24.76502 0.024961141
58833.629058 24.741795 0.027932692
58833.629625 24.732955 0.025966919
58833.630194 24.781535 0.026965793
58833.630754 24.751878 0.026962197
58833.631339 24.729979 0.025921477
58833.631919 24.783972 0.033892059
58833.632476 24.766493 0.034892932
58833.633035 24.769541 0.033865459
58833.633609 24.703824 0.03479857
58833.634176 24.662615 0.035934556
58833.63477 24.773747 0.034902613
58833.63533 24.798307 0.030934892
58833.635896 24.775492 0.030900345
58833.636454 24.716275 0.024965191
58833.637031 24.72775 0.027940544
58833.637603 24.714202 0.029924577
58833.638178 24.758727 0.028912453
58833.638751 24.751802 0.027943477
58833.639317 24.7 0.026941417
58833.639885 24.800527 0.030946586
58833.640451 24.761121 0.026961619
58833.641017 24.753391 0.02595698
58833.641587 24.761042 0.024969769
58833.642165 24.735479 0.030960683
58833.642733 24.757155 0.028943847
58833.643298 24.726531 0.028962436
58833.643881 24.760827 0.027968795
58833.644463 24.73557 0.02696834
58833.645038 24.745679 0.028951774
58833.645621 24.748536 0.027948205
58833.646196 24.722441 0.027949529
58833.646775 24.75345 0.027969232
58833.647352 24.773351 0.027951927
58833.647947 24.7061 0.026947673
58833.648518 24.776019 0.031975135
58833.649091 24.7181 0.027970989
58833.649661 24.760808 0.02996874
58833.650234 24.794115 0.028971922
58833.650812 24.739754 0.027956518
58833.651385 24.748411 0.028949459
58833.651942 24.775243 0.029944237
58833.652501 24.768744 0.028965972
58833.653051 24.763336 0.026978878
58833.653627 24.791141 0.028978027
58833.654196 24.717807 0.029947033
58833.654761 24.723945 0.027971216
58833.655332 24.718178 0.02995036
58833.655903 24.763496 0.030974431
58833.656459 24.730568 0.028974475
58833.657018 24.751985 0.026976369
58833.657575 24.728493 0.032960645
58833.658134 24.754647 0.027968638
58833.658729 24.763299 0.029949222
58833.659291 24.745117 0.028972623
58833.659866 24.750331 0.029972869
58833.660428 24.717677 0.029948206
58833.660996 24.758533 0.029954379
58833.661568 24.754217 0.0339489
58833.662129 24.725069 0.03095137
58833.662686 24.711451 0.032921824
58833.663254 24.740642 0.027954863
58833.663845 24.731197 0.031954297
58833.664399 24.782046 0.031946853
58833.664959 24.732655 0.027970394
58833.66553 24.776566 0.028975708
58833.666087 24.760384 0.028974543
58833.666661 24.740067 0.028978056
58833.66724 24.741417 0.026980275
58833.667808 24.725694 0.026976559
58833.668374 24.765036 0.026983144
58833.66894 24.786019 0.033975258
58833.669515 24.767995 0.030971737
58833.670105 24.730148 0.033968098
58833.670664 24.723858 0.031965266
58833.671231 24.714406 0.032959851
58833.671792 24.723062 0.032963937
58833.672357 24.733952 0.031960174
58833.672921 24.728629 0.030975832
58833.6735 24.77145 0.035954343
58833.674063 24.763692 0.030972218
58833.674632 24.75343 0.035937036
58833.675223 24.721908 0.036903378
58833.67579 24.743851 0.033928459
58833.67635 24.766284 0.037934845
58833.676916 24.756019 0.036954804
58833.677484 24.733952 0.036952983
58833.678056 24.714768 0.038893154
58833.678616 24.665761 0.042863621
58833.679182 24.74799 0.044870053
58833.679761 24.761925 0.046815946
58833.680323 24.720241 0.058710986
58833.680894 24.724701 0.051786285
58833.681455 24.742224 0.04978659
58833.68202 24.707019 0.046852735
58833.682591 24.769684 0.05571777
58833.683157 24.712397 0.047887845
58833.683728 24.70541 0.044828268
58833.68429 24.728556 0.057782084
58833.684864 24.768389 0.042922543
58833.685427 24.816319 0.044917912
58833.686006 24.704557 0.039894717
58833.68663 24.722709 0.037922843
58833.687197 24.814821 0.041951707
58833.687766 24.795563 0.041958162
58833.688335 24.745828 0.03692563
58833.6889 24.744278 0.039921741
58833.689473 24.738073 0.039945672
58833.690035 24.72936 0.036917635
58833.690606 24.764677 0.041926364
58833.691182 24.772381 0.034940109
58833.691769 24.751209 0.039896326
58833.692334 24.722625 0.040888604
58833.692912 24.762017 0.041870209
58833.693482 24.761903 0.034937491
58833.694055 24.708169 0.036902471
58833.694629 24.72628 0.036951445
58833.695214 24.703788 0.039925101
58833.695788 24.821108 0.038950714
58833.696709 24.73014 0.038948794
58833.697282 24.784353 0.047900543
58833.697854 24.746174 0.044900541
58833.698426 24.703315 0.042942009
58833.698997 24.75328 0.04392446
58833.699574 24.720951 0.039950965
58833.700162 24.760796 0.037940281
58833.700738 24.742225 0.042925269
58833.701314 24.780101 0.041953593
58833.701879 24.782338 0.055960243
58833.702433 24.772859 0.044962251
58833.702997 24.7291 0.034969088
58833.703569 24.748917 0.031967697
58833.704138 24.723273 0.036977815
58833.704693 24.729168 0.039968181
58833.705269 24.75701 0.036962776
58833.705842 24.760019 0.038933677
58833.706416 24.840623 0.061952118
58833.706995 24.74956 0.034975745
58833.70756 24.827693 0.039960491
58833.708139 24.719973 0.033967105
58833.708701 24.711317 0.035941539
58833.709269 24.72754 0.037959018
58833.709837 24.704075 0.035931725
58833.710398 24.767858 0.038937278
58833.710961 24.744854 0.039939712
58833.711531 24.767288 0.042942513
58833.712096 24.732657 0.037957694
58833.712678 24.707778 0.035954546
58833.713245 24.728026 0.034950486
58833.713811 24.744073 0.034942068
58833.71438 24.780419 0.032953892
58833.714942 24.741359 0.032960536
58833.715515 24.742218 0.033961243
58833.716099 24.736317 0.032970465
58833.716662 24.743135 0.035966829
58833.717217 24.742527 0.031965097
58833.717786 24.718206 0.034942137
58833.718352 24.802362 0.034953848
58833.718933 24.777395 0.036957622
58833.719515 24.717052 0.036946303
58833.720081 24.764379 0.039895341
58833.720652 24.715415 0.031963467
58833.721229 24.725157 0.034954141
58833.721798 24.745055 0.037953577
58833.722365 24.721577 0.034961389
58833.722938 24.703235 0.02896259
58833.723517 24.779971 0.034938673
58833.724095 24.818132 0.034967619
58833.724659 24.774048 0.036958887
58833.725228 24.786668 0.032959589
58833.725794 24.771198 0.037910981
58833.726369 24.789371 0.03890115
58833.726949 24.667156 0.036920774
58833.727521 24.701929 0.032899029
58833.728085 24.73044 0.036910098
58833.728659 24.729782 0.034948214
58833.729226 24.779212 0.033927789
58833.729803 24.759422 0.037923005
58833.730359 24.731657 0.03195675
58833.730924 24.740069 0.028963426
58833.731502 24.737751 0.037946172
58833.732059 24.692255 0.039900636
58833.732632 24.904996 0.057912712
58833.733194 24.736769 0.039914741
58833.733759 24.730868 0.037902751
58833.734321 24.740115 0.044874979
58833.734879 24.722998 0.048904675
58833.735444 24.673904 0.040860898
58833.736003 24.691491 0.04787897
58833.736571 24.832347 0.066847943
58833.737136 24.753525 0.04582233
58833.737691 24.773973 0.040907553
58833.738267 24.660242 0.045777612
58833.738823 24.783632 0.04289102
58833.739382 24.794215 0.046880255
58833.739948 24.766976 0.045854599
58833.740522 24.692242 0.042843849
58833.741085 24.72906 0.054643043
58833.741647 24.785766 0.044906516
58833.742215 24.692965 0.039906054
58833.742788 24.680464 0.041867057
58833.743365 24.780886 0.046896639
58833.743953 24.681267 0.040901726
58833.744526 24.717726 0.040921628
58833.745093 24.753269 0.039904396
58833.745664 24.781895 0.039925556
58833.746226 24.784582 0.045939642
58833.746789 24.718631 0.032939791
58833.747358 24.674054 0.035954289
58833.747921 24.740621 0.037950665
58833.748478 24.724924 0.034957501
58833.749035 24.730301 0.032957889
58833.749599 24.772866 0.032957853
58833.750168 24.744594 0.037909917
58833.750733 24.783003 0.038904789
58833.751298 24.798945 0.043795054
58833.751854 24.750895 0.044882594
58833.752416 24.742723 0.037918744
58833.752988 24.792122 0.037920884
58833.753539 24.782849 0.040898305
58833.7541 24.777841 0.038904645
58833.754655 24.76372 0.034936346
58833.75523 24.720655 0.033958771
58833.755803 24.718142 0.038946638
58833.756377 24.727178 0.042947473
58833.756948 24.77326 0.034972435
58833.757519 24.751777 0.038967195
58833.758074 24.726478 0.039970436
58833.758639 24.737602 0.039928472
58833.759204 24.775517 0.046934535
58833.759765 24.753006 0.038938129
58833.760341 24.764767 0.042953348
58833.760921 24.775013 0.047962477
58833.761489 24.761602 0.054920279
58833.76205 24.757165 0.041946818
58833.762618 24.791462 0.044945337
58833.763196 24.737341 0.040938961
58833.763771 24.715503 0.036969324
58833.764345 24.675099 0.037958362
58833.764904 24.792736 0.043941637
58833.765469 24.768348 0.037973002
58833.766035 24.735573 0.037969586
58833.766604 24.734222 0.037964138
58833.767179 24.754678 0.04096036
58833.767754 24.740592 0.042968993
58833.768337 24.75902 0.036959308
58833.768906 24.799685 0.039966602
58833.769468 24.774533 0.043961512
58833.770037 24.818735 0.043956069
58833.770609 24.721782 0.04096553
58833.771176 24.699143 0.049903882
58833.77175 24.718449 0.045934258
58833.772312 24.670107 0.047911934
58833.772873 24.742366 0.057878688
58833.773436 24.801692 0.066860795
58833.774013 24.718113 0.058873154
58833.774581 24.797567 0.053911362
58833.775149 24.793987 0.058867198
58833.775718 24.823033 0.058902454
58833.776274 24.701428 0.050896833
58833.776849 24.757831 0.048949854
58833.777425 24.75265 0.053949613
58833.777996 24.763622 0.05091781
58833.778564 24.72035 0.050928402
58833.779126 24.82824 0.054905889
58833.779701 24.74976 0.050898566
58833.780275 24.891562 0.057903844
58833.780836 24.808989 0.057880008
58833.781394 24.798402 0.060872835
58833.781959 24.755069 0.046935061
58833.78252 24.688058 0.04493437
58833.783078 24.76529 0.052914081
58833.783656 24.770031 0.052922826
58833.784224 24.764952 0.048933171
58833.784791 24.808988 0.047954376
58833.785359 24.710212 0.042954644
58833.785923 24.746698 0.037963772
58833.786499 24.830015 0.04795064
58833.787075 24.74974 0.048911001
58833.787657 24.758367 0.039964227
58833.788243 24.734632 0.040953294
58833.788815 24.714161 0.038952707
58833.789431 24.806086 0.038968816
58833.789993 24.784909 0.040967771
58833.790558 24.752875 0.037974414
58833.791114 24.80566 0.045956719
58833.791692 24.731391 0.038968477
58833.792254 24.79192 0.035965974
58833.792819 24.797458 0.040953567
58833.793386 24.702672 0.032953404
58833.793945 24.760311 0.035962809
58833.794517 24.767519 0.035964459
58833.79508 24.730669 0.031959666
58833.795646 24.718767 0.034957048
58833.796225 24.690982 0.03196789
58833.79679 24.75797 0.034974271
58833.797352 24.734845 0.030976693
58833.797908 24.697271 0.032975689
58833.798484 24.751811 0.029976777
58833.799061 24.745853 0.03296219
58833.799624 24.732838 0.031970391
58833.800185 24.76059 0.034966538
58833.800756 24.734117 0.031972033
58833.801313 24.715041 0.028972772
58833.801876 24.77127 0.032961422
58833.802443 24.745148 0.038956573
58833.803031 24.787326 0.038975901
58833.803608 24.752708 0.030973945
58833.804175 24.747669 0.032978731
58833.804741 24.771864 0.031973672
58833.805316 24.794458 0.035981774
58833.805876 24.776019 0.038968262
58833.806445 24.788213 0.036980427
58833.807016 24.735239 0.034969727
58833.807582 24.746153 0.038965569
58833.80816 24.747208 0.039974081
58833.808724 24.756774 0.037974007
58833.809281 24.76504 0.034969111
58833.809857 24.826976 0.037972535
58833.810432 24.732055 0.034975351
58833.811002 24.779584 0.038976847
58833.81157 24.793547 0.038978342
58833.812141 24.775781 0.032980453
58833.81271 24.754178 0.031982686
58833.813283 24.742081 0.032977242
58833.81385 24.764564 0.031977646
58833.814425 24.775887 0.035980931
58833.81499 24.720683 0.032975827
58833.815567 24.78495 0.036978065
58833.816133 24.750066 0.033970269
58833.816698 24.729336 0.03397663
58833.817289 24.775299 0.034968041
58833.817864 24.687806 0.035963538
58833.818429 24.78478 0.038970302
58833.819011 24.685164 0.035966331
58833.819573 24.730431 0.036967863
58833.820146 24.736362 0.036949463
58833.82073 24.789618 0.036960463
58833.821295 24.773277 0.036969067
58833.821869 24.781362 0.043969362
58833.822431 24.727102 0.042968903
58833.822986 24.743775 0.040970186
58833.823546 24.774271 0.045966757
58833.824122 24.763107 0.043962367
58833.82469 24.808222 0.040972417
58833.82527 24.654515 0.042968338
58833.825842 24.750388 0.044964178
58833.826414 24.776459 0.043963557
58833.826987 24.743196 0.037968144
58833.827559 24.77613 0.039963104
58833.828123 24.795641 0.042973436
58833.828694 24.703932 0.034969883
58833.829263 24.768177 0.040964649
58833.829826 24.751238 0.037966132
58833.830398 24.751779 0.036961513
58833.830961 24.723658 0.033957449
58833.831526 24.762663 0.035972186
58833.832097 24.740062 0.032972702
58833.83267 24.736912 0.033972868
58833.833228 24.770185 0.036957927
58833.833798 24.766492 0.036966946
58833.834371 24.792107 0.033965837
58833.834936 24.750287 0.033969228
58833.83551 24.752777 0.033972447
58833.836083 24.798355 0.034972063
58833.836648 24.748041 0.034951157
58833.837231 24.742039 0.039951638
58833.837806 24.685092 0.044913125
58833.83839 24.768468 0.037952336
58833.838952 24.688178 0.043936339
58833.839512 24.743281 0.041962549
58833.840078 24.76327 0.044957012
58833.840638 24.798916 0.038968107
58833.841214 24.770045 0.039967618
58833.841784 24.698735 0.03596601
58833.842354 24.74712 0.040971267
58833.842932 24.734486 0.040969353
58833.8435 24.756227 0.036964866
58833.844068 24.798937 0.03896611
58833.84464 24.681747 0.038965729
58833.845192 24.799445 0.040959966
58833.845764 24.751216 0.036977419
58833.846315 24.792848 0.041977804
58833.846882 24.770932 0.039978144
58833.847447 24.805973 0.044976884
58833.848017 24.700927 0.042968104
58833.848583 24.699016 0.045972784
58833.849139 24.797651 0.049959245
58833.849713 24.675882 0.042966125
58833.850286 24.785964 0.04497259
