HJD mag magerr
0.0 0.0 0.0
0.0 0.0 0.0
0.0 0.0 0.0
0.0 0.0 0.0
58833.52864 24.748482 0.088828282
0.0 0.0 0.0
0.0 0.0 0.0
0.0 0.0 0.0
58833.530936 24.613031 0.056899286
58833.531508 24.558471 0.052890792
0.0 0.0 0.0
58833.532639 25.104549 0.071893934
0.0 0.0 0.0
0.0 0.0 0.0
0.0 0.0 0.0
58833.534878 24.589599 0.042813973
0.0 0.0 0.0
0.0 0.0 0.0
0.0 0.0 0.0
0.0 0.0 0.0
58833.537706 24.814356 0.050884462
0.0 0.0 0.0
0.0 0.0 0.0
58833.539403 24.588106 0.035933244
0.0 0.0 0.0
0.0 0.0 0.0
58833.54127 25.200259 0.048927886
58833.541834 24.681391 0.041945035
0.0 0.0 0.0
58833.542946 24.746841 0.035936165
0.0 0.0 0.0
58833.544071 24.688739 0.02897185
58833.544644 24.713962 0.031964673
58833.545206 25.33549 0.057934985
0.0 0.0 0.0
58833.54634 24.818443 0.035962439
0.0 0.0 0.0
0.0 0.0 0.0
0.0 0.0 0.0
58833.548633 24.652975 0.03096405
58833.549203 24.702682 0.033959497
58833.549779 24.657018 0.033957703
58833.550355 24.680411 0.028945956
58833.550911 24.63481 0.03193657
58833.551466 24.857793 0.032943355
0.0 0.0 0.0
0.0 0.0 0.0
58833.553172 24.735958 0.04294365
58833.553736 24.798925 0.036952708
58833.554298 24.652185 0.032966085
58833.554862 24.621157 0.029965456
58833.55542 24.665631 0.035976502
58833.556007 24.673579 0.032980933
58833.556565 24.729006 0.037978244
58833.557125 24.674076 0.031974534
58833.557676 24.767059 0.038979476
58833.558245 24.719408 0.034964116
58833.558811 24.668491 0.035947699
58833.559373 25.099237 0.043935345
58833.559928 25.021963 0.045863954
0.0 0.0 0.0
58833.561052 25.399311 0.071907765
58833.561629 24.725233 0.044905692
0.0 0.0 0.0
58833.562742 24.597149 0.028950926
58833.563315 25.104017 0.046948254
58833.563889 25.648797 0.08082812
0.0 0.0 0.0
58833.565019 25.734862 0.068952144
58833.565576 24.645639 0.022989039
0.0 0.0 0.0
58833.566722 24.608002 0.029946106
58833.56729 24.552705 0.029943902
58833.56785 25.152882 0.057902226
58833.568406 24.78075 0.023976904
58833.568961 24.58912 0.022977377
58833.569533 24.634144 0.026981744
58833.570095 24.696323 0.028973245
58833.57065 24.736482 0.029984006
0.0 0.0 0.0
58833.571768 24.647466 0.026975911
58833.572322 24.757543 0.056967509
0.0 0.0 0.0
58833.573468 25.094253 0.046861056
58833.574037 25.502161 0.060893771
0.0 0.0 0.0
0.0 0.0 0.0
58833.575726 24.399156 0.027819981
58833.576286 24.834468 0.038848971
58833.576839 24.865331 0.033878175
0.0 0.0 0.0
58833.577964 24.665116 0.033958453
58833.578544 24.660771 0.034937635
58833.579114 24.54274 0.028958834
0.0 0.0 0.0
58833.580238 25.34379 0.056905514
58833.58081 25.08125 0.039921557
0.0 0.0 0.0
0.0 0.0 0.0
58833.582509 24.656521 0.025950871
58833.58308 25.845605 0.099904566
58833.583647 25.036991 0.046871377
0.0 0.0 0.0
58833.584762 24.508412 0.02889891
0.0 0.0 0.0
58833.585886 25.081191 0.039921046
58833.586442 25.131513 0.040931577
58833.587001 25.39495 0.060917384
58833.587566 25.177813 0.059862303
0.0 0.0 0.0
0.0 0.0 0.0
0.0 0.0 0.0
0.0 0.0 0.0
0.0 0.0 0.0
0.0 0.0 0.0
0.0 0.0 0.0
0.0 0.0 0.0
0.0 0.0 0.0
0.0 0.0 0.0
0.0 0.0 0.0
0.0 0.0 0.0
0.0 0.0 0.0
0.0 0.0 0.0
58833.596082 25.147575 0.069859237
58833.596665 25.584704 0.10185631
0.0 0.0 0.0
0.0 0.0 0.0
0.0 0.0 0.0
58833.598947 24.607714 0.027941689
58833.599512 26.429178 0.17591353
58833.60009 25.104975 0.054937753
58833.600655 24.674684 0.03594843
0.0 0.0 0.0
58833.601788 24.582407 0.030949478
0.0 0.0 0.0
0.0 0.0 0.0
0.0 0.0 0.0
58833.604047 24.641782 0.02993037
58833.604615 25.464309 0.066885509
0.0 0.0 0.0
0.0 0.0 0.0
0.0 0.0 0.0
58833.606846 25.137861 0.055865462
58833.607409 25.085398 0.060881034
0.0 0.0 0.0
0.0 0.0 0.0
0.0 0.0 0.0
0.0 0.0 0.0
58833.61027 25.395504 0.07089215
58833.610843 24.969318 0.048890801
0.0 0.0 0.0
58833.611993 25.294245 0.055854648
58833.612577 24.500765 0.02786296
0.0 0.0 0.0
0.0 0.0 0.0
0.0 0.0 0.0
0.0 0.0 0.0
0.0 0.0 0.0
58833.615983 24.652102 0.03487732
58833.616534 24.683609 0.028910158
58833.617093 24.589776 0.033900434
58833.617655 24.567365 0.03592909
58833.618216 25.333158 0.061929231
58833.618781 24.694051 0.044940155
0.0 0.0 0.0
0.0 0.0 0.0
58833.620489 25.195676 0.051923551
0.0 0.0 0.0
0.0 0.0 0.0
58833.622212 25.181297 0.061914871
58833.622786 25.02656 0.05887955
58833.623339 24.533186 0.030931697
0.0 0.0 0.0
0.0 0.0 0.0
0.0 0.0 0.0
0.0 0.0 0.0
58833.626195 24.61623 0.031944243
58833.626758 24.980993 0.048895177
58833.627345 24.631094 0.032958504
58833.627901 24.643396 0.034957894
58833.628481 24.599126 0.035958919
58833.629058 24.634234 0.034955398
0.0 0.0 0.0
0.0 0.0 0.0
58833.630754 24.578832 0.027966822
0.0 0.0 0.0
58833.631919 24.69274 0.037813062
58833.632476 24.520231 0.039839516
58833.633035 24.525575 0.03089177
58833.633609 24.959341 0.055873316
58833.634176 24.622541 0.047923928
58833.63477 24.821264 0.050905091
58833.63533 24.950054 0.043948036
0.0 0.0 0.0
58833.636454 24.589415 0.027965216
0.0 0.0 0.0
58833.637603 24.589952 0.031942061
0.0 0.0 0.0
58833.638751 24.642869 0.031960018
58833.639317 24.673339 0.043955663
58833.639885 24.622243 0.030961559
58833.640451 24.633156 0.031978668
0.0 0.0 0.0
58833.641587 24.643745 0.036959728
58833.642165 24.622389 0.036963938
58833.642733 24.679535 0.038963049
58833.643298 24.660726 0.037957953
58833.643881 24.686198 0.035947496
58833.644463 24.641944 0.029978331
58833.645038 24.748646 0.038965154
58833.645621 24.646913 0.041943423
58833.646196 24.651449 0.035946028
58833.646775 24.678225 0.041962166
58833.647352 24.690081 0.04296596
58833.647947 24.667575 0.040938977
58833.648518 24.713991 0.038979191
58833.649091 24.65976 0.036968119
58833.649661 24.682211 0.033976316
58833.650234 24.667044 0.032976388
58833.650812 24.65117 0.034969887
58833.651385 24.681476 0.033963258
58833.651942 24.719682 0.040962923
58833.652501 24.644075 0.032974426
58833.653051 24.724797 0.039979038
58833.653627 24.627309 0.036975211
58833.654196 24.635232 0.031960798
58833.654761 24.636452 0.035967328
58833.655332 24.723961 0.030975589
58833.655903 24.730097 0.036978196
58833.656459 24.730215 0.037978358
58833.657018 24.707974 0.042981149
58833.657575 24.695597 0.034982185
58833.658134 24.671494 0.037974397
58833.658729 24.664839 0.03696409
58833.659291 24.667365 0.031969558
58833.659866 24.710443 0.031981225
58833.660428 24.660716 0.036964513
58833.660996 24.657136 0.037966384
58833.661568 24.674383 0.038964853
58833.662129 24.66432 0.034949094
58833.662686 24.673034 0.047941342
58833.663254 24.726282 0.039977274
58833.663845 24.709097 0.050920702
58833.664399 24.678428 0.041961371
58833.664959 24.700006 0.037977672
58833.66553 24.660909 0.039972735
58833.666087 24.671154 0.035980179
58833.666661 24.721857 0.03698099
58833.66724 24.725531 0.028985542
58833.667808 24.695138 0.036982298
58833.668374 24.735282 0.034979613
58833.66894 24.712607 0.038973961
58833.669515 24.726946 0.037971129
58833.670105 24.725817 0.046962831
58833.670664 24.618058 0.037961842
58833.671231 24.721626 0.043965395
58833.671792 24.76635 0.049959768
58833.672357 24.711731 0.040962116
58833.672921 24.741806 0.048958806
58833.6735 24.67879 0.037975189
58833.674063 24.671885 0.037978448
58833.674632 24.700181 0.042959888
58833.675223 24.671853 0.04690905
58833.67579 24.718046 0.049949854
58833.67635 24.735708 0.052940999
0.0 0.0 0.0
58833.677484 24.855078 0.06095362
58833.678056 24.666326 0.042950122
58833.678616 24.581313 0.057853323
58833.679182 24.691866 0.058871923
58833.679761 24.525068 0.0478048
0.0 0.0 0.0
58833.680894 24.547127 0.050807425
58833.681455 24.747421 0.064679004
58833.68202 24.555062 0.052788671
58833.682591 25.019783 0.070779845
58833.683157 24.741614 0.065879201
58833.683728 24.574361 0.04786964
58833.68429 24.745165 0.059776384
58833.684864 24.90857 0.090920456
58833.685427 24.63543 0.049916054
0.0 0.0 0.0
58833.68663 24.704072 0.042949879
58833.687197 24.733917 0.041964681
58833.687766 24.797865 0.056951732
58833.688335 24.64383 0.047960918
58833.6889 24.771052 0.055948582
58833.689473 24.590705 0.045944188
0.0 0.0 0.0
0.0 0.0 0.0
0.0 0.0 0.0
58833.691769 24.659629 0.040934456
0.0 0.0 0.0
58833.692912 24.643743 0.0519188
0.0 0.0 0.0
0.0 0.0 0.0
58833.694629 24.754396 0.049958836
58833.695214 24.768842 0.053952005
58833.695788 24.713517 0.050945916
0.0 0.0 0.0
58833.697282 24.699398 0.063907654
58833.697854 24.748369 0.060926869
58833.698426 24.771278 0.059945692
58833.698997 24.86282 0.070931234
58833.699574 24.741425 0.048964276
58833.700162 24.640895 0.043969073
58833.700738 24.656507 0.050956563
58833.701314 24.707078 0.050957039
58833.701879 24.732265 0.061960618
58833.702433 24.69789 0.049973856
58833.702997 24.73744 0.041976886
58833.703569 24.679664 0.044964392
58833.704138 24.702686 0.041980033
58833.704693 24.713688 0.043974929
58833.705269 24.719417 0.045965109
58833.705842 24.627254 0.044953719
58833.706416 24.703428 0.054941912
58833.706995 24.691402 0.040973917
58833.70756 24.778938 0.053958392
58833.708139 24.690491 0.04696151
58833.708701 24.655495 0.047968701
58833.709269 24.651633 0.044969487
58833.709837 24.697789 0.044966866
58833.710398 24.74238 0.050970011
58833.710961 24.677016 0.056935668
58833.711531 24.671672 0.052955423
58833.712096 24.771712 0.059951396
58833.712678 24.706018 0.052949405
58833.713245 24.800455 0.051958136
58833.713811 24.668722 0.046960719
58833.71438 24.701767 0.049967385
58833.714942 24.685823 0.04496237
58833.715515 24.720451 0.044960516
58833.716099 24.678938 0.040973587
58833.716662 24.70026 0.042975005
58833.717217 24.720437 0.042972088
58833.717786 24.70014 0.048959586
58833.718352 24.695428 0.049952617
58833.718933 24.729253 0.043959027
58833.719515 24.760934 0.057954976
0.0 0.0 0.0
58833.720652 24.820531 0.058958044
0.0 0.0 0.0
58833.721798 24.663663 0.050946982
58833.722365 24.704522 0.049955175
58833.722938 24.679862 0.040972558
58833.723517 24.692107 0.041957296
58833.724095 24.742346 0.045963265
58833.724659 24.697969 0.046958804
58833.725228 24.680046 0.045960581
58833.725794 25.103592 0.061958655
58833.726369 24.646539 0.048940636
58833.726949 24.621816 0.049923456
0.0 0.0 0.0
0.0 0.0 0.0
58833.728659 24.671422 0.046944662
58833.729226 24.700184 0.048946562
58833.729803 24.689707 0.040961805
58833.730359 24.596827 0.038951162
58833.730924 24.669376 0.038962994
58833.731502 24.692765 0.045958974
58833.732059 25.189195 0.08389111
58833.732632 25.134078 0.064937434
58833.733194 24.572294 0.040917588
58833.733759 24.610312 0.049874292
58833.734321 24.76238 0.070908558
58833.734879 24.556405 0.052892159
58833.735444 24.808002 0.056843509
0.0 0.0 0.0
58833.736571 24.413995 0.051857176
58833.737136 24.937331 0.08085545
0.0 0.0 0.0
58833.738267 24.448155 0.054782673
0.0 0.0 0.0
58833.739382 24.449661 0.045897835
58833.739948 24.754141 0.064835523
58833.740522 24.523676 0.053843702
58833.741085 24.305013 0.044813171
58833.741647 24.735985 0.067898295
58833.742215 24.719462 0.055921
58833.742788 25.141168 0.078836192
0.0 0.0 0.0
58833.743953 24.592901 0.045887289
58833.744526 24.655866 0.04990989
0.0 0.0 0.0
58833.745664 24.672042 0.051923024
58833.746226 25.297645 0.10993168
0.0 0.0 0.0
0.0 0.0 0.0
58833.747921 24.733401 0.042946849
58833.748478 24.709116 0.044953532
58833.749035 24.739673 0.044952324
58833.749599 24.661103 0.048949075
58833.750168 24.587929 0.041902502
58833.750733 24.707113 0.058908412
0.0 0.0 0.0
58833.751854 24.512386 0.048873187
0.0 0.0 0.0
58833.752988 24.829721 0.061917762
0.0 0.0 0.0
0.0 0.0 0.0
58833.754655 24.757921 0.054950968
58833.75523 24.689602 0.045966825
58833.755803 24.709855 0.052941138
58833.756377 24.729723 0.053942959
58833.756948 24.788087 0.049966894
58833.757519 24.775533 0.054970192
58833.758074 24.64298 0.043966668
58833.758639 24.70077 0.049924139
58833.759204 24.666133 0.06890963
58833.759765 24.71119 0.051958595
58833.760341 24.700615 0.050959447
58833.760921 24.667986 0.050959921
58833.761489 24.727286 0.077921939
58833.76205 24.841483 0.059960795
58833.762618 24.724201 0.054946411
58833.763196 24.803057 0.055956727
58833.763771 24.792022 0.04497471
58833.764345 24.682603 0.043967624
58833.764904 24.727893 0.046972884
58833.765469 24.712312 0.042980365
58833.766035 24.790131 0.055970008
58833.766604 24.746671 0.052952005
58833.767179 24.68638 0.050974161
58833.767754 24.614632 0.043973985
58833.768337 24.794404 0.056965558
58833.768906 24.699918 0.048969213
58833.769468 24.805529 0.058947462
58833.770037 24.794422 0.061962648
58833.770609 24.645825 0.046956943
58833.771176 24.657925 0.05290266
58833.77175 24.938076 0.084923007
58833.772312 24.787939 0.073901189
58833.772873 25.493537 0.16287689
58833.773436 24.637303 0.066849191
58833.774013 24.922867 0.13386289
58833.774581 24.839715 0.079907322
58833.775149 24.804998 0.079903672
58833.775718 24.616909 0.0589079
58833.776274 24.729038 0.071933722
58833.776849 24.697057 0.069946887
58833.777425 24.693847 0.062943758
0.0 0.0 0.0
0.0 0.0 0.0
58833.779126 24.800707 0.080927213
58833.779701 24.546778 0.050928376
0.0 0.0 0.0
58833.780836 24.605341 0.06585585
58833.781394 24.654769 0.072855215
58833.781959 24.658458 0.059933443
58833.78252 24.758264 0.068945391
58833.783078 24.730785 0.070898244
0.0 0.0 0.0
58833.784224 24.804012 0.079945744
58833.784791 24.642306 0.051951857
58833.785359 24.716004 0.059955066
58833.785923 24.780628 0.051965035
0.0 0.0 0.0
58833.787075 24.841068 0.070954614
58833.787657 24.755198 0.060955624
58833.788243 24.733721 0.062951493
58833.788815 24.741933 0.054962758
58833.789431 24.825514 0.055968952
58833.789993 24.726417 0.051960565
58833.790558 24.738982 0.050973929
58833.791114 24.644164 0.052952866
58833.791692 24.725897 0.045970494
58833.792254 24.787581 0.063951577
58833.792819 24.736833 0.051964495
58833.793386 24.730455 0.042955067
58833.793945 24.717093 0.04596172
58833.794517 24.757386 0.053965066
58833.79508 24.686886 0.045965456
58833.795646 24.694754 0.042969377
58833.796225 24.651031 0.037965404
58833.79679 24.761476 0.041977973
58833.797352 24.733531 0.034983128
58833.797908 24.669146 0.035977399
58833.798484 24.755769 0.039979098
58833.799061 24.661372 0.037974793
58833.799624 24.733874 0.044971398
58833.800185 24.764612 0.041975975
58833.800756 24.726068 0.044961234
58833.801313 24.690553 0.04196881
58833.801876 24.733271 0.044970292
58833.802443 24.723146 0.048955078
58833.803031 24.732664 0.044978993
58833.803608 24.713334 0.044971587
58833.804175 24.765387 0.047978967
58833.804741 24.682795 0.036979083
58833.805316 24.697149 0.04097773
58833.805876 24.770965 0.047970615
58833.806445 24.726835 0.033982479
58833.807016 24.738953 0.042976992
58833.807582 24.691892 0.05296172
58833.80816 24.800959 0.044976247
58833.808724 24.76494 0.046977658
58833.809281 24.708144 0.044972777
58833.809857 24.703317 0.039978026
58833.810432 24.681755 0.039971239
58833.811002 24.785498 0.045975425
58833.81157 24.719395 0.043979797
58833.812141 24.733664 0.044979372
58833.81271 24.800707 0.046981093
58833.813283 24.780615 0.037983474
58833.81385 24.688507 0.038982567
58833.814425 24.785265 0.043981452
58833.81499 24.720429 0.039982426
58833.815567 24.695158 0.038979258
58833.816133 24.768119 0.040977794
58833.816698 24.666732 0.044957653
58833.817289 24.72823 0.046969713
58833.817864 24.717363 0.045964556
58833.818429 24.785026 0.048965796
58833.819011 24.647136 0.043966426
58833.819573 24.709566 0.048974358
58833.820146 24.699471 0.044961576
58833.82073 24.709103 0.047969279
58833.821295 24.723151 0.051968882
58833.821869 24.696015 0.045969113
58833.822431 24.77811 0.048975483
58833.822986 24.733106 0.049977363
58833.823546 24.809628 0.061959955
58833.824122 24.700359 0.050958664
58833.82469 24.716948 0.050973812
58833.82527 24.688687 0.051976014
58833.825842 24.759587 0.052971919
58833.826414 24.684518 0.05495746
58833.826987 24.650379 0.049960024
58833.827559 24.81579 0.055965107
58833.828123 24.771659 0.047972031
58833.828694 24.737104 0.049956707
58833.829263 24.851181 0.053964671
58833.829826 24.80732 0.056954142
58833.830398 24.727839 0.048964974
58833.830961 24.699293 0.049966537
58833.831526 24.752866 0.04595689
58833.832097 24.734163 0.049972048
58833.83267 24.74602 0.045966803
58833.833228 24.670546 0.042967326
58833.833798 24.760882 0.051973055
0.0 0.0 0.0
58833.834936 24.727483 0.044973237
58833.83551 24.729528 0.054969817
58833.836083 24.748627 0.050968499
58833.836648 24.757627 0.050970472
58833.837231 24.766963 0.049970296
58833.837806 24.623311 0.052935819
58833.83839 24.809443 0.058950658
58833.838952 24.783589 0.068933435
58833.839512 24.669446 0.049963669
58833.840078 24.725227 0.058954
58833.840638 24.784864 0.054967437
58833.841214 24.743631 0.053965798
58833.841784 24.683092 0.044974526
58833.842354 24.645781 0.037971945
58833.842932 24.718663 0.050967324
58833.8435 24.658422 0.044971128
58833.844068 24.711738 0.049972028
58833.84464 24.753457 0.0499704
58833.845192 24.721928 0.043976253
58833.845764 24.723165 0.042978227
58833.846315 24.803884 0.04697818
58833.846882 24.795146 0.045981179
58833.847447 24.70373 0.049968892
58833.848017 24.775924 0.048977138
58833.848583 24.71353 0.050971002
58833.849139 24.733923 0.052973874
58833.849713 24.650477 0.053962357
58833.850286 24.713412 0.045977796
