HJD mag magerr
58833.526351 24.768413 0.12178276
58833.526938 25.020023 0.13461803
58833.527497 24.76857 0.097797547
58833.528073 24.773866 0.11676901
0.0 0.0 0.0
0.0 0.0 0.0
58833.529794 24.726849 0.08648804
0.0 0.0 0.0
58833.530936 24.843434 0.062829242
0.0 0.0 0.0
58833.532068 24.903007 0.0449089
58833.532639 24.910214 0.051854855
0.0 0.0 0.0
58833.533765 24.920447 0.054913131
0.0 0.0 0.0
58833.534878 24.933632 0.045874248
58833.535457 24.910851 0.043863848
58833.536022 24.915935 0.039868138
58833.536586 24.848396 0.034919245
58833.537148 24.851347 0.033921856
58833.537706 24.846032 0.036868811
58833.538275 24.878748 0.032932904
58833.538843 24.850214 0.031931038
58833.539403 24.878522 0.031923621
58833.539961 24.928412 0.029924867
58833.540691 24.828466 0.029951129
58833.54127 24.845376 0.028914408
58833.541834 24.85385 0.02894973
58833.542384 24.900256 0.032897013
58833.542946 24.866622 0.02892952
58833.543507 24.832517 0.026964667
58833.544071 24.898368 0.025961834
58833.544644 24.891423 0.026960023
58833.545206 24.854049 0.025938175
58833.545767 24.869516 0.027945999
58833.54634 24.838889 0.02892396
58833.546924 24.891141 0.027923125
58833.547488 24.84348 0.028925642
58833.548053 24.875624 0.025926861
58833.548633 24.856584 0.026935121
58833.549203 24.859786 0.023965019
58833.549779 24.903533 0.027949435
58833.550355 24.833271 0.026952614
58833.550911 24.852409 0.024961746
58833.551466 24.860434 0.027928117
58833.552025 24.826303 0.029869471
58833.552609 24.867994 0.031926459
58833.553172 24.850836 0.031910411
58833.553736 24.873704 0.029937343
58833.554298 24.83279 0.023961317
58833.554862 24.920714 0.02894917
58833.55542 24.823644 0.024969289
58833.556007 24.891244 0.029966578
58833.556565 24.868813 0.026972905
58833.557125 24.826296 0.027966925
58833.557676 24.880606 0.03596579
58833.558245 24.851257 0.030954477
58833.558811 24.867921 0.029949412
58833.559373 24.859779 0.027922824
0.0 0.0 0.0
58833.560497 24.996081 0.048759349
58833.561052 24.854242 0.026926098
58833.561629 24.83938 0.033898247
58833.562183 24.835697 0.030925635
58833.562742 24.849572 0.027943769
58833.563315 24.809973 0.026928659
58833.563889 24.813025 0.030875796
0.0 0.0 0.0
58833.565019 24.828987 0.021957889
58833.565576 24.876688 0.021986884
58833.566153 24.913975 0.027945055
58833.566722 24.846613 0.024937688
58833.56729 24.874615 0.028929209
58833.56785 24.87072 0.028895907
58833.568406 24.95992 0.025951879
58833.568961 24.833492 0.021969911
58833.569533 24.822391 0.020979068
58833.570095 24.869319 0.022970243
58833.57065 24.843255 0.023979243
58833.57121 24.867374 0.020980521
58833.571768 24.866676 0.023961413
58833.572322 24.857559 0.02197332
58833.572898 24.856512 0.027936926
58833.573468 24.863398 0.027919739
58833.574037 24.869169 0.027918216
58833.574593 24.883821 0.025929967
58833.575159 25.086832 0.045720033
58833.575726 24.874073 0.029826233
58833.576286 24.882496 0.028807714
58833.576839 24.913735 0.031838891
58833.577403 24.898275 0.023918837
58833.577964 24.863128 0.023945391
58833.578544 24.795468 0.025946337
58833.579114 24.845202 0.023924099
58833.579688 24.874533 0.027899895
58833.580238 24.821083 0.027911869
58833.58081 24.855673 0.028888321
0.0 0.0 0.0
58833.581944 24.878335 0.0278893
58833.582509 24.924676 0.024939884
58833.58308 24.896399 0.030906506
0.0 0.0 0.0
0.0 0.0 0.0
58833.584762 24.863939 0.028864239
0.0 0.0 0.0
58833.585886 24.867113 0.022938736
58833.586442 24.864635 0.026901438
58833.587001 24.844495 0.026931854
58833.587566 24.945282 0.048827696
0.0 0.0 0.0
58833.588711 24.884225 0.023943158
0.0 0.0 0.0
58833.589857 24.898776 0.026910677
0.0 0.0 0.0
0.0 0.0 0.0
58833.591559 24.884846 0.055588468
58833.592112 25.026255 0.047703888
58833.592665 24.923613 0.045771401
58833.593224 24.858924 0.052814245
58833.593796 25.215269 0.067763823
58833.594369 24.981141 0.071196072
0.0 0.0 0.0
58833.595528 24.903873 0.037830735
0.0 0.0 0.0
0.0 0.0 0.0
0.0 0.0 0.0
58833.597797 24.920698 0.033894317
58833.59838 24.874167 0.028924583
58833.598947 24.842146 0.027923202
58833.599512 24.892322 0.030909371
58833.60009 24.873638 0.028916803
58833.600655 24.890846 0.030938067
58833.601221 24.889153 0.028903557
58833.601788 24.910622 0.031927247
58833.602358 24.833246 0.02791946
58833.602926 24.916336 0.036907396
58833.60349 24.801081 0.038744672
58833.604047 24.88955 0.028915252
0.0 0.0 0.0
58833.605171 24.827067 0.03687426
58833.605736 24.846439 0.035860506
58833.606292 24.915837 0.037875196
0.0 0.0 0.0
58833.607409 24.897755 0.033871091
58833.607972 24.861629 0.034867622
58833.608554 24.915316 0.043841773
58833.609122 24.831265 0.035914302
0.0 0.0 0.0
58833.61027 24.901722 0.034866075
58833.610843 24.879689 0.030884163
58833.611415 24.848209 0.029851466
58833.611993 24.898495 0.034828469
58833.612577 24.851919 0.029816584
0.0 0.0 0.0
58833.613696 24.939912 0.034779644
58833.614278 24.858749 0.030850667
0.0 0.0 0.0
0.0 0.0 0.0
58833.615983 24.870712 0.032851223
58833.616534 24.802973 0.026893863
58833.617093 24.851453 0.035872378
58833.617655 24.864151 0.028914622
58833.618216 24.857189 0.032867915
58833.618781 24.885721 0.031942977
58833.619336 24.930076 0.03191385
58833.619908 24.854399 0.032888053
58833.620489 24.90798 0.028907536
58833.621073 24.843748 0.027937417
58833.621643 24.829223 0.030892699
58833.622212 24.871733 0.028905576
58833.622786 24.808695 0.034866891
58833.623339 24.884199 0.033885026
58833.623898 24.933894 0.036897815
58833.624467 24.842332 0.025926643
58833.625042 24.840523 0.030913408
58833.625625 24.880359 0.029915672
58833.626195 24.848655 0.025946395
58833.626758 24.924648 0.031918656
58833.627345 24.905658 0.027945451
58833.627901 24.82756 0.028947003
58833.628481 24.871433 0.027948242
58833.629058 24.847792 0.026944527
58833.629625 24.850997 0.024965511
58833.630194 24.855022 0.027962984
58833.630754 24.8713 0.027956272
58833.631339 24.878166 0.031828141
0.0 0.0 0.0
0.0 0.0 0.0
58833.633035 25.22581 0.046851198
58833.633609 24.838254 0.033877772
58833.634176 24.927526 0.050890247
58833.63477 24.806078 0.033901385
58833.63533 24.809738 0.029950101
58833.635896 24.855621 0.032911192
58833.636454 24.865252 0.026955283
58833.637031 24.869913 0.032911881
58833.637603 24.845825 0.028932071
58833.638178 24.825131 0.028930397
58833.638751 24.88211 0.03194891
58833.639317 24.87546 0.028941785
58833.639885 24.873591 0.027948973
58833.640451 24.896695 0.027976474
58833.641017 24.844301 0.025968777
58833.641587 24.870955 0.027951712
58833.642165 24.828137 0.028950984
58833.642733 24.875194 0.029952901
58833.643298 24.834374 0.028963645
58833.643881 24.834632 0.02696142
58833.644463 24.868079 0.025972837
58833.645038 24.861726 0.027955961
58833.645621 24.791893 0.030950159
58833.646196 24.846711 0.028923519
58833.646775 24.885866 0.031953305
58833.647352 24.887678 0.029954331
58833.647947 24.876105 0.031921334
58833.648518 24.851148 0.028971839
58833.649091 24.860846 0.030956489
58833.649661 24.878843 0.030952678
58833.650234 24.852837 0.025963968
58833.650812 24.863924 0.026969931
58833.651385 24.867243 0.029952546
58833.651942 24.872908 0.032948962
58833.652501 24.866518 0.031950353
58833.653051 24.863675 0.03197165
58833.653627 24.844886 0.029956678
58833.654196 24.860464 0.032962382
58833.654761 24.821654 0.027958114
58833.655332 24.834154 0.031968743
58833.655903 24.849449 0.028976766
58833.656459 24.88563 0.030975163
58833.657018 24.822707 0.028974638
58833.657575 24.84881 0.028977252
58833.658134 24.873983 0.028955989
58833.658729 24.88593 0.03296538
58833.659291 24.865441 0.026969969
58833.659866 24.830451 0.026975788
58833.660428 24.820471 0.02995242
58833.660996 24.893839 0.033965057
58833.661568 24.901395 0.033960229
58833.662129 24.838622 0.030938159
58833.662686 24.924109 0.038920603
58833.663254 24.872362 0.0289702
58833.663845 24.865235 0.032931917
58833.664399 24.805591 0.032953483
58833.664959 24.835526 0.033955145
58833.66553 24.829945 0.033965556
58833.666087 24.854956 0.03297741
58833.666661 24.886842 0.024981068
58833.66724 24.859308 0.02697892
58833.667808 24.898775 0.031971541
58833.668374 24.858521 0.029977231
58833.66894 24.874991 0.031973195
58833.669515 24.838546 0.030976292
58833.670105 24.836165 0.037964656
58833.670664 24.828635 0.035944715
58833.671231 24.834869 0.038947976
58833.671792 24.828844 0.039944649
58833.672357 24.855401 0.0359429
58833.672921 24.880203 0.036953823
58833.6735 24.859312 0.03496569
58833.674063 24.899546 0.032967769
58833.674632 24.874169 0.038940273
58833.675223 24.837542 0.039909221
58833.67579 24.858215 0.047929793
58833.67635 24.899389 0.042915052
58833.676916 24.799738 0.035945953
58833.677484 24.901169 0.043928678
0.0 0.0 0.0
58833.678616 25.188548 0.067808607
58833.679182 24.89665 0.047873966
58833.679761 24.824567 0.050836398
0.0 0.0 0.0
0.0 0.0 0.0
58833.681455 24.918141 0.065824261
58833.68202 24.809332 0.051747579
58833.682591 24.947354 0.067727296
0.0 0.0 0.0
58833.683728 24.843757 0.044851711
58833.68429 24.886046 0.051811556
58833.684864 24.826147 0.045886599
58833.685427 24.873331 0.04588607
58833.686006 24.830352 0.047866597
58833.68663 24.839941 0.042929006
58833.687197 24.863916 0.040926889
58833.687766 24.856791 0.042931701
58833.688335 24.891854 0.039939984
58833.6889 24.884378 0.044922569
58833.689473 24.903881 0.046913876
58833.690035 24.817314 0.03792109
58833.690606 24.963104 0.04393346
58833.691182 24.924303 0.037941713
58833.691769 24.876678 0.038911887
58833.692334 24.914291 0.044897683
58833.692912 24.848324 0.054879039
58833.693482 24.940449 0.044904217
58833.694055 24.835263 0.038915341
58833.694629 24.875445 0.043948155
58833.695214 24.840296 0.040924216
58833.695788 24.905451 0.041919612
58833.696709 24.808622 0.041897804
58833.697282 24.889082 0.051862128
58833.697854 24.930122 0.04890153
58833.698426 24.834803 0.044919773
58833.698997 24.86216 0.049900104
58833.699574 24.803208 0.038943774
58833.700162 24.840694 0.039950557
58833.700738 24.884367 0.045938678
58833.701314 24.88501 0.042947157
58833.701879 24.919078 0.063936347
58833.702433 24.844745 0.0469612
58833.702997 24.874949 0.034966363
58833.703569 24.861926 0.036967016
58833.704138 24.854742 0.04297005
58833.704693 24.882966 0.035962131
58833.705269 24.848203 0.038955567
58833.705842 24.830942 0.040946948
58833.706416 24.828821 0.045935179
58833.706995 24.846502 0.038971788
58833.70756 24.86462 0.042953206
58833.708139 24.891816 0.035957744
58833.708701 24.903114 0.035957443
58833.709269 24.823894 0.036959026
58833.709837 24.933755 0.042928439
58833.710398 24.7714 0.036952972
58833.710961 24.894957 0.042943246
58833.711531 24.873005 0.039934048
58833.712096 24.849269 0.045918066
58833.712678 24.864072 0.042954241
58833.713245 24.8193 0.035918082
58833.713811 24.87323 0.036948987
58833.71438 24.86847 0.035952557
58833.714942 24.834467 0.037943861
58833.715515 24.870338 0.035952706
58833.716099 24.827813 0.033974134
58833.716662 24.84988 0.034963489
58833.717217 24.858326 0.033963885
58833.717786 24.89241 0.035938688
58833.718352 24.860127 0.040931089
58833.718933 24.873238 0.040926751
58833.719515 24.834197 0.036952356
58833.720081 24.818267 0.039918552
58833.720652 24.886775 0.038940117
58833.721229 24.876636 0.039936326
58833.721798 24.848562 0.038932236
58833.722365 24.903008 0.037955437
58833.722938 24.948082 0.037956603
58833.723517 24.840897 0.035953687
58833.724095 24.840339 0.029961993
58833.724659 24.895744 0.038924947
58833.725228 24.866456 0.03494092
58833.725794 24.85466 0.0409515
58833.726369 24.867805 0.039896864
58833.726949 24.858579 0.039893663
58833.727521 24.818252 0.038867991
58833.728085 24.856619 0.035920889
58833.728659 24.855985 0.039945267
58833.729226 24.830915 0.036928208
58833.729803 24.80357 0.036952672
58833.730359 24.913449 0.035952217
58833.730924 24.854559 0.031961544
58833.731502 24.783493 0.038940569
0.0 0.0 0.0
58833.732632 24.89852 0.043919817
58833.733194 24.839565 0.040929552
58833.733759 24.909023 0.046846542
58833.734321 24.832173 0.043878774
58833.734879 24.805348 0.045857791
58833.735444 24.895029 0.051812358
58833.736003 24.917754 0.052879908
0.0 0.0 0.0
58833.737136 24.835872 0.050862413
58833.737691 24.832829 0.044859649
0.0 0.0 0.0
0.0 0.0 0.0
58833.739382 24.935681 0.050838728
58833.739948 24.822753 0.04882202
0.0 0.0 0.0
0.0 0.0 0.0
58833.741647 24.824213 0.046866829
58833.742215 24.846954 0.044888659
0.0 0.0 0.0
58833.743365 24.88415 0.04887328
0.0 0.0 0.0
58833.744526 24.831177 0.044878446
58833.745093 24.870568 0.039913462
58833.745664 24.842588 0.040898947
58833.746226 24.803699 0.039906593
58833.746789 24.836247 0.0389116
58833.747358 24.923341 0.039932026
58833.747921 24.824081 0.03692876
58833.748478 24.875461 0.034950276
58833.749035 24.814869 0.035952675
58833.749599 24.846297 0.033953915
0.0 0.0 0.0
58833.750733 24.853356 0.041878292
0.0 0.0 0.0
0.0 0.0 0.0
58833.752416 24.840665 0.041888054
58833.752988 24.823973 0.039903856
58833.753539 24.862543 0.038901572
58833.7541 24.889311 0.035920298
58833.754655 24.86009 0.035949386
58833.75523 24.811039 0.030954084
58833.755803 24.860683 0.03894475
58833.756377 24.903925 0.042941581
58833.756948 24.830512 0.034968669
58833.757519 24.857981 0.04095441
58833.758074 24.905562 0.037938242
58833.758639 24.795752 0.042854936
0.0 0.0 0.0
58833.759765 24.910252 0.048932365
58833.760341 24.872167 0.04594912
58833.760921 24.816906 0.046940732
58833.761489 24.848661 0.055871604
58833.76205 24.83164 0.04094013
58833.762618 24.816978 0.045919341
58833.763196 24.823655 0.037952107
58833.763771 24.884694 0.043955564
58833.764345 24.888508 0.03895579
58833.764904 24.837378 0.041967111
58833.765469 24.905476 0.039959718
58833.766035 24.843232 0.039955472
58833.766604 24.882201 0.044935937
58833.767179 24.835261 0.042951941
58833.767754 24.859059 0.04796133
58833.768337 24.857754 0.041953339
58833.768906 24.841957 0.042953445
58833.769468 24.791041 0.042944989
58833.770037 24.925786 0.045948411
0.0 0.0 0.0
58833.771176 24.882103 0.048893058
58833.77175 24.826626 0.045896179
58833.772312 24.863931 0.057844518
58833.772873 24.851019 0.056825208
58833.773436 24.932799 0.064808416
58833.774013 24.951723 0.071842493
58833.774581 24.797305 0.057872431
58833.775149 24.779299 0.058866494
58833.775718 24.812311 0.05886738
58833.776274 24.8689 0.055896933
58833.776849 24.848306 0.054923034
58833.777425 24.890516 0.064911159
58833.777996 24.89669 0.060872886
58833.778564 24.834248 0.042928849
58833.779126 24.847169 0.053910077
58833.779701 24.931292 0.058869324
58833.780275 24.890461 0.056897824
58833.780836 24.869502 0.063830216
58833.781394 24.821593 0.060868441
58833.781959 24.856262 0.049909793
58833.78252 24.876136 0.050923654
58833.783078 24.793584 0.049866599
58833.783656 24.896483 0.054894086
58833.784224 25.102347 0.06293072
58833.784791 24.863146 0.04790049
58833.785359 24.913372 0.04992379
58833.785923 24.860347 0.043947065
58833.786499 24.873731 0.047930444
58833.787075 24.78267 0.045929916
58833.787657 24.867218 0.049928691
58833.788243 24.850608 0.047937995
58833.788815 24.863263 0.040943719
58833.789431 24.800093 0.042931491
58833.789993 24.87975 0.044939347
58833.790558 24.858826 0.037952409
58833.791114 24.877988 0.043949827
58833.791692 24.82211 0.039971143
58833.792254 24.869774 0.034954506
58833.792819 24.844482 0.041960242
58833.793386 24.917627 0.039950072
58833.793945 24.885945 0.036942638
58833.794517 24.861897 0.036928721
58833.79508 24.900463 0.031965639
58833.795646 24.810228 0.031955437
58833.796225 24.87443 0.030965954
58833.79679 24.828802 0.034969604
58833.797352 24.814652 0.032965732
58833.797908 24.818814 0.031972432
58833.798484 24.871991 0.031973183
58833.799061 24.853286 0.036958678
58833.799624 24.853858 0.031959626
58833.800185 24.867535 0.03497009
58833.800756 24.82536 0.035970187
58833.801313 24.891771 0.037944471
58833.801876 24.83676 0.037955447
58833.802443 24.856383 0.037954864
58833.803031 24.836346 0.037965911
58833.803608 24.854948 0.037956402
58833.804175 24.862772 0.035970356
58833.804741 24.873972 0.043967086
58833.805316 24.871854 0.04196173
58833.805876 24.912923 0.039954397
58833.806445 24.872078 0.040971873
58833.807016 24.844948 0.03996547
58833.807582 24.831713 0.040938836
58833.80816 24.850424 0.045957016
58833.808724 24.820931 0.036956532
58833.809281 24.910185 0.038954875
58833.809857 24.845573 0.035967277
58833.810432 24.854519 0.039965177
58833.811002 24.845848 0.041965672
58833.81157 24.815137 0.042965894
58833.812141 24.876219 0.037965069
58833.81271 24.899093 0.033970394
58833.813283 24.851106 0.034973605
58833.81385 24.822011 0.040970926
58833.814425 24.84557 0.0379691
58833.81499 24.861004 0.033974675
58833.815567 24.838875 0.032968147
58833.816133 24.833927 0.037970333
58833.816698 24.861512 0.037968591
58833.817289 24.86156 0.036967128
58833.817864 24.94013 0.043956764
58833.818429 24.853979 0.037950687
58833.819011 24.820242 0.040947365
58833.819573 24.807917 0.038956931
58833.820146 24.902924 0.039950568
58833.82073 24.875026 0.039955472
58833.821295 24.812197 0.035961512
58833.821869 24.886547 0.047963116
58833.822431 24.795798 0.039956755
58833.822986 24.835094 0.043961346
58833.823546 24.716478 0.040936772
58833.824122 24.810867 0.04195883
58833.82469 24.782553 0.048955622
58833.82527 24.915914 0.057945059
58833.825842 24.84459 0.052951679
58833.826414 24.824266 0.046939642
58833.826987 24.865272 0.045920968
58833.827559 24.876601 0.04594321
58833.828123 24.812986 0.043970122
58833.828694 24.834096 0.04295039
58833.829263 24.834744 0.038957897
58833.829826 24.755156 0.037963522
58833.830398 24.882109 0.041930026
58833.830961 24.867797 0.036954084
58833.831526 24.872932 0.037958451
58833.832097 24.882011 0.037959073
58833.83267 24.87341 0.034959993
58833.833228 24.863434 0.033957962
58833.833798 24.849835 0.032960247
58833.834371 24.868412 0.042936692
58833.834936 24.868959 0.034960747
58833.83551 24.826596 0.034963758
58833.836083 24.916392 0.041951261
58833.836648 24.834843 0.038931246
58833.837231 24.965534 0.040946961
58833.837806 24.924363 0.04293283
58833.83839 24.83004 0.038934425
58833.838952 24.831831 0.04989998
58833.839512 24.925928 0.048940168
58833.840078 24.80182 0.051943369
58833.840638 24.845128 0.044922664
58833.841214 24.900867 0.050943009
58833.841784 24.77251 0.035958338
58833.842354 24.847072 0.04095801
58833.842932 24.867282 0.045945735
58833.8435 24.880364 0.039959371
58833.844068 24.889753 0.046945949
58833.84464 24.921958 0.047920729
58833.845192 24.852599 0.043952009
58833.845764 24.863793 0.04196269
58833.846315 24.811938 0.040970321
58833.846882 24.820167 0.039961703
58833.847447 24.870537 0.050964243
58833.848017 24.861232 0.050963094
58833.848583 24.814616 0.04695343
58833.849139 24.790814 0.05195084
58833.849713 24.886678 0.045951928
58833.850286 24.84613 0.052964308
