HJD mag magerr
58833.526351 24.47353 0.094776404
58833.526938 24.421369 0.079637972
58833.527497 24.448691 0.077829505
58833.528073 24.315487 0.060692092
58833.52864 24.356482 0.046835339
58833.529223 24.423811 0.06562157
58833.529794 24.314158 0.060625717
58833.530369 24.502823 0.053763258
58833.530936 24.406031 0.041902909
58833.531508 24.451471 0.036894938
58833.532068 24.443108 0.033911658
58833.532639 24.362549 0.03290178
58833.533201 24.405663 0.032936732
58833.533765 24.453383 0.030942421
58833.534319 24.331642 0.033744977
58833.534878 24.338599 0.030822732
58833.535457 24.319559 0.031842849
58833.536022 24.367126 0.027932514
58833.536586 24.386358 0.026947425
58833.537148 24.460252 0.026942365
58833.537706 24.364356 0.028893098
58833.538275 24.39361 0.025933571
58833.538843 24.41818 0.024937698
58833.539403 24.377106 0.023938752
58833.539961 24.437315 0.02494864
58833.540691 24.412745 0.023966626
58833.54127 24.404259 0.023936152
58833.541834 24.375391 0.022951217
58833.542384 24.410006 0.022948122
58833.542946 24.375841 0.023941429
58833.543507 24.386959 0.02195804
58833.544071 24.379739 0.019975676
58833.544644 24.411962 0.020969409
58833.545206 24.37849 0.022946238
58833.545767 24.400124 0.023957004
58833.54634 24.409443 0.02096825
58833.546924 24.388703 0.021952687
58833.547488 24.414297 0.023945575
58833.548053 24.479412 0.023950314
58833.548633 24.409975 0.021967923
58833.549203 24.383682 0.02196358
58833.549779 24.422018 0.022961368
58833.550355 24.406411 0.023948494
58833.550911 24.40081 0.021940764
58833.551466 24.415793 0.022948025
58833.552025 24.45248 0.023924984
58833.552609 24.370588 0.025922883
58833.553172 24.429958 0.023952245
58833.553736 24.351925 0.019961274
58833.554298 24.379185 0.021970162
58833.554862 24.402157 0.020969624
58833.55542 24.392631 0.023979365
58833.556007 24.406579 0.021983621
58833.556565 24.404006 0.023981114
58833.557125 24.358076 0.0239766
58833.557676 24.439059 0.024981959
58833.558245 24.398408 0.023967644
58833.558811 24.409491 0.024951425
58833.559373 24.372237 0.022944828
58833.559928 24.424963 0.025879368
58833.560497 24.444557 0.028820772
58833.561052 24.413311 0.024919608
58833.561629 24.360233 0.025916071
58833.562183 24.408503 0.022951281
58833.562742 24.381149 0.020956479
58833.563315 24.395017 0.022956209
58833.563889 24.305797 0.024857307
58833.564461 24.385277 0.02778548
58833.565019 24.354862 0.016975923
58833.565576 24.389639 0.01699115
58833.566153 24.330409 0.020946771
58833.566722 24.424002 0.021951541
58833.56729 24.465705 0.023947676
58833.56785 24.361882 0.021924022
58833.568406 24.39675 0.017981158
58833.568961 24.41112 0.019978874
58833.569533 24.379144 0.018984395
58833.570095 24.373323 0.019976185
58833.57065 24.414482 0.02098593
58833.57121 24.376783 0.018977868
58833.571768 24.386466 0.018979412
58833.572322 24.387543 0.020972873
58833.572898 24.429464 0.021964575
58833.573468 24.374253 0.022873526
58833.574037 24.332161 0.022912662
58833.574593 24.439075 0.022919053
58833.575159 24.457527 0.029750284
58833.575726 24.414156 0.024825174
58833.576286 24.357468 0.02287254
58833.576839 24.463331 0.02289156
58833.577403 24.441476 0.020959957
58833.577964 24.356116 0.018966491
58833.578544 24.379771 0.020945209
58833.579114 24.42374 0.020963486
58833.579688 24.39222 0.023926891
58833.580238 24.40379 0.022918548
58833.58081 24.37425 0.021933458
58833.581375 24.501214 0.024827884
58833.581944 24.441095 0.02292003
58833.582509 24.466521 0.020954999
58833.58308 24.424605 0.02591716
58833.583647 24.408991 0.023885824
58833.584215 24.369536 0.024819026
58833.584762 24.515412 0.023907871
58833.585316 24.419013 0.022884968
58833.585886 24.363191 0.019936254
58833.586442 24.355513 0.019944948
58833.587001 24.35695 0.021930205
58833.587566 24.415813 0.027881758
58833.58814 24.51333 0.027902339
58833.588711 24.435299 0.018975047
58833.589285 24.426694 0.017965211
58833.589857 24.329737 0.020816228
58833.590423 24.496982 0.029789489
58833.590994 24.337091 0.025832432
58833.591559 24.39576 0.034756656
58833.592112 24.426018 0.031779763
58833.592665 24.353098 0.031760505
58833.593224 24.38608 0.033831083
58833.593796 24.393419 0.035842626
58833.594369 24.474698 0.044556641
58833.59492 24.391219 0.038770827
58833.595528 24.442224 0.029809479
58833.596082 24.353575 0.028876286
58833.596665 24.429704 0.030874388
58833.597231 24.41338 0.026851346
58833.597797 24.314239 0.022921643
58833.59838 24.33578 0.020957357
58833.598947 24.372714 0.021945624
58833.599512 24.419178 0.025926048
58833.60009 24.357975 0.021949261
58833.600655 24.426684 0.023952673
58833.601221 24.427339 0.021933073
58833.601788 24.415407 0.023953251
58833.602358 24.427453 0.022941371
58833.602926 24.419916 0.025907367
58833.60349 24.369357 0.027831895
58833.604047 24.401782 0.023934109
58833.604615 24.427309 0.025898778
58833.605171 24.332501 0.028846716
58833.605736 24.447664 0.028897875
58833.606292 24.38907 0.025901179
58833.606846 24.455861 0.02787745
58833.607409 24.386398 0.026893187
58833.607972 24.381683 0.026919792
58833.608554 24.399251 0.02886386
58833.609122 24.398471 0.028907573
58833.609691 24.459722 0.030850799
58833.61027 24.370504 0.025904953
58833.610843 24.423318 0.022904725
58833.611415 24.454823 0.023888606
58833.611993 24.434245 0.025870013
58833.612577 24.419765 0.023868491
58833.613137 24.35327 0.0238744
58833.613696 24.419876 0.02485377
58833.614278 24.448413 0.023891421
58833.614853 24.38518 0.024828534
58833.615407 24.434039 0.026858485
58833.615983 24.370102 0.023887077
58833.616534 24.398609 0.02391549
58833.617093 24.411776 0.026904877
58833.617655 24.389365 0.023934946
58833.618216 24.423158 0.024939935
58833.618781 24.404051 0.024945919
58833.619336 24.416107 0.023936752
58833.619908 24.410643 0.024925913
58833.620489 24.398676 0.024931857
58833.621073 24.389969 0.023941756
58833.621643 24.385754 0.024915349
58833.622212 24.388297 0.022927024
58833.622786 24.35356 0.025892638
58833.623339 24.401186 0.023936811
58833.623898 24.404107 0.025920165
58833.624467 24.383081 0.024940808
58833.625042 24.389671 0.023931448
58833.625625 24.437512 0.02194038
58833.626195 24.41823 0.022948568
58833.626758 24.399993 0.023903815
58833.627345 24.414094 0.021962506
58833.627901 24.422396 0.022961715
58833.628481 24.387126 0.022962802
58833.629058 24.401234 0.021960077
58833.629625 24.411466 0.022963042
58833.630194 24.39545 0.022963817
58833.630754 24.406832 0.023968469
58833.631339 24.468284 0.024914476
58833.631919 24.41974 0.02782295
58833.632476 24.375231 0.027848973
58833.633035 24.410575 0.025897014
58833.633609 24.469341 0.027884588
58833.634176 24.409541 0.032928427
58833.63477 24.389264 0.025914388
58833.63533 24.376054 0.022954113
58833.635896 24.418396 0.025927596
58833.636454 24.359415 0.020968844
58833.637031 24.35756 0.023900368
58833.637603 24.379952 0.023945823
58833.638178 24.375964 0.024910144
58833.638751 24.372869 0.023962604
58833.639317 24.427339 0.021961448
58833.639885 24.374243 0.022964326
58833.640451 24.403156 0.022980729
58833.641017 24.415963 0.021978697
58833.641587 24.391745 0.022963674
58833.642165 24.426389 0.021968973
58833.642733 24.409535 0.023966446
58833.643298 24.390726 0.023961693
58833.643881 24.366198 0.022951048
58833.644463 24.386944 0.021980505
58833.645038 24.370646 0.021969266
58833.645621 24.365913 0.023947463
58833.646196 24.368449 0.024948755
58833.646775 24.415225 0.023965948
58833.647352 24.384081 0.023969441
58833.647947 24.406575 0.026941927
58833.648518 24.423991 0.022981901
58833.649091 24.37076 0.021971683
58833.649661 24.429211 0.021979287
58833.650234 24.379044 0.020979685
58833.650812 24.36017 0.022972613
58833.651385 24.387476 0.02396598
58833.651942 24.400682 0.022966988
58833.652501 24.353075 0.024976306
58833.653051 24.381797 0.022981842
58833.653627 24.362309 0.021978666
58833.654196 24.381232 0.023963333
58833.654761 24.388452 0.021970869
58833.655332 24.383961 0.021978215
58833.655903 24.402097 0.022980865
58833.656459 24.409215 0.021981459
58833.657018 24.406974 0.022983845
58833.657575 24.411597 0.021984916
58833.658134 24.359494 0.020978557
58833.658729 24.375839 0.023967163
58833.659291 24.412365 0.024971183
58833.659866 24.415443 0.022983363
58833.660428 24.379716 0.023967549
58833.660996 24.401136 0.02396937
58833.661568 24.410383 0.023968914
58833.662129 24.36732 0.025951159
58833.662686 24.382034 0.028945385
58833.663254 24.395282 0.024979674
58833.663845 24.361097 0.029924474
58833.664399 24.414428 0.025964443
58833.664959 24.341006 0.023980161
58833.66553 24.406909 0.025974755
58833.666087 24.391154 0.023982218
58833.666661 24.390857 0.022983316
58833.66724 24.405531 0.021986877
58833.667808 24.373138 0.023984197
58833.668374 24.402282 0.022981923
58833.66894 24.389607 0.024976067
58833.669515 24.391946 0.02697284
58833.670105 24.357817 0.025966185
58833.670664 24.401058 0.025964443
58833.671231 24.388626 0.026968708
58833.671792 24.41835 0.025964624
58833.672357 24.419731 0.027964402
58833.672921 24.423806 0.025962672
58833.6735 24.34979 0.024977623
58833.674063 24.382885 0.025980301
58833.674632 24.352181 0.025963176
58833.675223 24.409853 0.031912199
58833.67579 24.343046 0.029953155
58833.67635 24.367708 0.028945538
58833.676916 24.387602 0.030964
58833.677484 24.383078 0.031957704
58833.678056 24.381326 0.028953829
58833.678616 24.383313 0.035860466
58833.679182 24.448866 0.035876365
58833.679761 24.400068 0.037808408
58833.680323 24.422778 0.045607122
58833.680894 24.378127 0.03781171
58833.681455 24.401421 0.040688224
58833.68202 24.356062 0.038793365
58833.682591 24.458783 0.042788603
58833.683157 24.406614 0.038884782
58833.683728 24.333361 0.033875109
58833.68429 24.405165 0.039782311
58833.684864 24.40257 0.030927924
58833.685427 24.40243 0.030921117
58833.686006 24.380672 0.033893585
58833.68663 24.358072 0.029952479
58833.687197 24.429917 0.030966634
58833.687766 24.337865 0.029956385
58833.688335 24.39383 0.029964021
58833.6889 24.409052 0.028952736
58833.689473 24.412705 0.030947126
58833.690035 24.41034 0.029946572
58833.690606 24.389335 0.02892535
58833.691182 24.413973 0.029956168
58833.691769 24.393629 0.027938432
58833.692334 24.431904 0.033896591
58833.692912 24.367743 0.03192351
58833.693482 24.418104 0.029938721
58833.694055 24.353574 0.028941264
58833.694629 24.416396 0.029962287
58833.695214 24.399842 0.032954672
58833.695788 24.378517 0.032948683
58833.696709 24.376645 0.031950014
58833.697282 24.402398 0.03891173
58833.697854 24.358369 0.034930917
58833.698426 24.416278 0.030949668
58833.698997 24.33582 0.032936238
58833.699574 24.395425 0.033966249
58833.700162 24.436895 0.029971205
58833.700738 24.415507 0.033959152
58833.701314 24.380078 0.03495885
58833.701879 24.400265 0.038962742
58833.702433 24.42589 0.03597508
58833.702997 24.38944 0.027978731
58833.703569 24.371664 0.029966396
58833.704138 24.363686 0.029981534
58833.704693 24.396688 0.030976468
58833.705269 24.403417 0.02696789
58833.705842 24.443254 0.035954961
58833.706416 24.377428 0.032945224
58833.706995 24.410402 0.027975914
58833.70756 24.380938 0.032960701
58833.708139 24.409491 0.028964082
58833.708701 24.391495 0.02797171
58833.709269 24.411633 0.030971448
58833.709837 24.395789 0.027969806
58833.710398 24.40138 0.027973083
58833.710961 24.335016 0.031939823
58833.711531 24.379672 0.033958254
58833.712096 24.364712 0.02995629
58833.712678 24.383018 0.028953292
58833.713245 24.374455 0.026962911
58833.713811 24.398722 0.028963344
58833.71438 24.356767 0.027970662
58833.714942 24.368823 0.026965293
58833.715515 24.408451 0.028962996
58833.716099 24.440938 0.027975608
58833.716662 24.41126 0.024977886
58833.717217 24.444437 0.026974676
58833.717786 24.37414 0.027962718
58833.718352 24.403428 0.029955735
58833.718933 24.412253 0.02896219
58833.719515 24.406934 0.030959054
0.0 0.0 0.0
58833.720652 24.429531 0.029962207
58833.721229 24.391106 0.027951561
58833.721798 24.418663 0.030951152
58833.722365 24.373522 0.027958727
58833.722938 24.408862 0.025975224
58833.723517 24.396107 0.026960323
58833.724095 24.384346 0.02596651
58833.724659 24.371969 0.026963071
58833.725228 24.388046 0.027963418
58833.725794 24.430592 0.028964147
58833.726369 24.404539 0.027946498
58833.726949 24.412816 0.032927263
58833.727521 24.329465 0.028894772
58833.728085 24.390294 0.027914523
58833.728659 24.397422 0.029948013
58833.729226 24.401184 0.028950336
58833.729803 24.376707 0.026965109
58833.730359 24.431827 0.030952862
58833.730924 24.392376 0.025965632
58833.731502 24.402765 0.028962363
58833.732059 24.382195 0.029904546
58833.732632 24.359078 0.028944618
58833.733194 24.428294 0.029921463
58833.733759 24.473312 0.035878952
58833.734321 24.37838 0.033914822
58833.734879 24.366405 0.03389756
58833.735444 24.392002 0.034851584
58833.736003 24.405905 0.039866571
58833.736571 24.399995 0.043859441
58833.737136 24.356331 0.035865172
58833.737691 24.404215 0.034905411
58833.738267 24.365155 0.036789022
58833.738823 24.362478 0.033884669
58833.739382 24.415661 0.035901677
58833.739948 24.391141 0.037843572
58833.740522 24.423676 0.040847896
58833.741085 24.425013 0.041814594
58833.741647 24.402985 0.033905042
58833.742215 24.428462 0.031926018
58833.742788 24.391168 0.033844764
58833.743365 24.338601 0.033901716
58833.743953 24.424901 0.034891058
58833.744526 24.400866 0.032914383
58833.745093 24.377364 0.029942565
58833.745664 24.365042 0.028928855
58833.746226 24.378645 0.033937519
58833.746789 24.40857 0.029938321
58833.747358 24.409197 0.029954745
58833.747921 24.372401 0.026950754
58833.748478 24.393116 0.027956785
58833.749035 24.394673 0.024956905
58833.749599 24.400103 0.025953862
58833.750168 24.389929 0.029907361
58833.750733 24.370113 0.030915064
58833.751298 24.397276 0.030871798
58833.751854 24.377386 0.035877665
58833.752416 24.41966 0.034917107
58833.752988 24.417721 0.029924462
58833.753539 24.408555 0.030932346
58833.7541 24.348362 0.026941951
58833.754655 24.366921 0.027955208
58833.75523 24.386602 0.026970176
58833.755803 24.402855 0.032944331
58833.756377 24.390723 0.03394587
58833.756948 24.435087 0.029969666
58833.757519 24.311533 0.027974093
58833.758074 24.43298 0.030968718
58833.758639 24.34977 0.032927913
58833.759204 24.403133 0.038914009
58833.759765 24.35719 0.029962231
58833.760341 24.377615 0.031962355
58833.760921 24.392986 0.031962794
58833.761489 24.380286 0.039927126
58833.76205 24.390483 0.032963948
58833.762618 24.390201 0.035948775
58833.763196 24.412057 0.032959244
58833.763771 24.397022 0.03197616
58833.764345 24.392603 0.029969856
58833.764904 24.386893 0.031974582
58833.765469 24.389312 0.030981742
58833.766035 24.397131 0.029972845
58833.766604 24.371671 0.031954842
58833.767179 24.40938 0.030976592
58833.767754 24.327632 0.027976655
58833.768337 24.422404 0.027969441
58833.768906 24.382918 0.031971708
58833.769468 24.384529 0.034950245
58833.770037 24.402422 0.031965981
58833.770609 24.413825 0.036958116
58833.771176 24.328925 0.035906714
58833.77175 24.385076 0.038927495
58833.772312 24.395939 0.037906663
58833.772873 24.419537 0.045884283
58833.773436 24.440303 0.047852971
58833.774013 24.350867 0.046870275
58833.774581 24.430715 0.042911472
58833.775149 24.421998 0.043907758
58833.775718 24.417909 0.041910685
58833.776274 24.373038 0.041937318
58833.776849 24.402057 0.036950684
58833.777425 24.398847 0.040946447
58833.777996 24.353741 0.039924935
58833.778564 24.348326 0.034946694
58833.779126 24.411707 0.039932207
58833.779701 24.359778 0.036931564
58833.780275 24.44985 0.037942318
58833.780836 24.351341 0.040861678
58833.781394 24.450769 0.050858753
58833.781959 24.354458 0.035937743
58833.78252 24.380264 0.035949495
58833.783078 24.380785 0.039903032
58833.783656 24.371156 0.037919993
58833.784224 24.365012 0.0399502
58833.784791 24.335306 0.033954825
58833.785359 24.512004 0.035958563
58833.785923 24.365628 0.030967847
58833.786499 24.415831 0.036952381
58833.787075 24.407068 0.037957702
58833.787657 24.333198 0.033959001
58833.788243 24.359721 0.031955888
58833.788815 24.379933 0.033965254
58833.789431 24.400514 0.030971664
58833.789993 24.394417 0.03196347
58833.790558 24.408982 0.032975979
58833.791114 24.368164 0.031956431
58833.791692 24.375897 0.029972689
58833.792254 24.402581 0.027956229
58833.792819 24.368833 0.02696854
58833.793386 24.377455 0.02795801
58833.793945 24.441093 0.029964572
58833.794517 24.391386 0.025969534
58833.79508 24.391886 0.027968612
58833.795646 24.409754 0.026972218
58833.796225 24.393031 0.026967456
58833.79679 24.414476 0.026980326
58833.797352 24.403531 0.024984819
58833.797908 24.402146 0.025979143
58833.798484 24.420769 0.027980623
58833.799061 24.355372 0.021978408
58833.799624 24.389874 0.026974212
58833.800185 24.359612 0.024978671
58833.800756 24.359068 0.026964246
58833.801313 24.383553 0.026971608
58833.801876 24.399271 0.027972927
58833.802443 24.343146 0.029957956
58833.803031 24.386664 0.027981217
58833.803608 24.400334 0.026974382
58833.804175 24.408387 0.029980965
58833.804741 24.399795 0.028980377
58833.805316 24.396149 0.028979234
58833.805876 24.429965 0.029972945
58833.806445 24.369835 0.026983814
58833.807016 24.352953 0.027979272
58833.807582 24.378892 0.030964871
58833.80816 24.361959 0.029978289
58833.808724 24.34794 0.02698041
58833.809281 24.391144 0.030974526
58833.809857 24.382317 0.027979942
58833.810432 24.383755 0.028973081
58833.811002 24.361498 0.027978104
58833.81157 24.418395 0.028981658
58833.812141 24.409664 0.029981144
58833.81271 24.388707 0.026983421
58833.813283 24.365615 0.025985409
58833.81385 24.420507 0.023984945
58833.814425 24.374265 0.02398433
58833.81499 24.394429 0.025984383
58833.815567 24.367158 0.027980972
58833.816133 24.376119 0.02597995
58833.816698 24.411732 0.030959787
58833.817289 24.36823 0.028972287
58833.817864 24.325363 0.025969264
58833.818429 24.365026 0.027969161
58833.819011 24.385136 0.03096849
58833.819573 24.405566 0.028977106
58833.820146 24.363471 0.029964336
58833.82073 24.424103 0.027972232
58833.821295 24.382151 0.031971172
58833.821869 24.375015 0.035970502
58833.822431 24.35811 0.028978508
58833.822986 24.440106 0.032979085
58833.823546 24.374628 0.03996196
58833.824122 24.325359 0.031961628
58833.82469 24.420948 0.032975872
58833.82527 24.388687 0.041977042
58833.825842 24.408587 0.038973268
58833.826414 24.392518 0.034960627
58833.826987 24.386379 0.029963375
58833.827559 24.37779 0.032967705
58833.828123 24.359659 0.030974445
58833.828694 24.341104 0.027960136
58833.829263 24.364181 0.027968486
58833.829826 24.43932 0.03095734
58833.830398 24.382839 0.029967832
58833.830961 24.417293 0.031968865
58833.831526 24.355866 0.028959689
58833.832097 24.372163 0.025976054
58833.83267 24.38102 0.028969542
58833.833228 24.335546 0.026970358
58833.833798 24.393882 0.025977039
58833.834371 24.414165 0.029957732
58833.834936 24.423483 0.026976375
58833.83551 24.430528 0.027973767
58833.836083 24.376627 0.027972354
58833.836648 24.426627 0.027974086
58833.837231 24.427963 0.030973019
58833.837806 24.410311 0.032940283
58833.83839 24.394443 0.028955948
58833.838952 24.391589 0.031939916
58833.839512 24.385446 0.030967002
58833.840078 24.400227 0.038956291
58833.840638 24.383864 0.032969806
58833.841214 24.384631 0.029969544
58833.841784 24.426092 0.029976716
58833.842354 24.394781 0.02797413
58833.842932 24.374663 0.034969458
58833.8435 24.405422 0.029973611
58833.844068 24.412738 0.029974835
58833.84464 24.385457 0.032972654
58833.845192 24.366928 0.030978004
58833.845764 24.385165 0.029979947
58833.846315 24.354884 0.031979823
58833.846882 24.363146 0.029983113
58833.847447 24.37473 0.034970843
58833.848017 24.326924 0.032979083
58833.848583 24.34553 0.035972719
58833.849139 24.365923 0.036975397
58833.849713 24.383477 0.034964611
58833.850286 24.367412 0.032979459
