HJD mag magerr
58833.526351 24.170579 0.069833532
58833.526938 24.136672 0.061618213
58833.527497 24.167366 0.057821028
58833.528073 24.060065 0.052672139
58833.52864 24.031489 0.038830171
58833.529223 24.111727 0.047672648
58833.529794 24.117053 0.055375646
58833.530369 24.231653 0.041812941
58833.530936 24.092726 0.034837014
58833.531508 24.117385 0.028898899
58833.532068 24.118783 0.026908632
58833.532639 24.113107 0.026904567
58833.533201 24.150004 0.028915848
58833.533765 24.089932 0.025919668
58833.534319 24.046681 0.026798112
58833.534878 24.078493 0.025833025
58833.535457 24.084341 0.025840114
58833.536022 24.149687 0.024912151
58833.536586 24.123326 0.022930047
58833.537148 24.131954 0.020958174
58833.537706 24.098741 0.024886846
58833.538275 24.091477 0.020938282
58833.538843 24.110391 0.020939008
58833.539403 24.090962 0.02093018
58833.539961 24.136642 0.021945372
58833.540691 24.150892 0.019958477
58833.54127 24.162827 0.019937795
58833.541834 24.160881 0.020948705
58833.542384 24.155203 0.019950296
58833.542946 24.102022 0.019937338
58833.543507 24.13865 0.016972961
58833.544071 24.127209 0.018961203
58833.544644 24.120383 0.018930052
58833.545206 24.072984 0.021884816
58833.545767 24.130529 0.019957139
58833.54634 24.135574 0.018967967
58833.546924 24.168352 0.018958531
58833.547488 24.179745 0.021922539
58833.548053 24.092147 0.017950191
58833.548633 24.162465 0.019958341
58833.549203 24.139345 0.017966956
58833.549779 24.131188 0.018962783
58833.550355 24.158883 0.01995366
58833.550911 24.123293 0.017964849
58833.551466 24.152236 0.018949283
58833.552025 24.167787 0.02193916
58833.552609 24.183581 0.020948149
58833.553172 24.167459 0.020943625
58833.553736 24.121689 0.019941848
58833.554298 24.174563 0.017969625
58833.554862 24.177875 0.01996881
58833.55542 24.171647 0.020947288
58833.556007 24.140211 0.01997886
58833.556565 24.182512 0.020983361
58833.557125 24.112067 0.020968444
58833.557676 24.176527 0.023966047
58833.558245 24.167656 0.020957335
58833.558811 24.146855 0.019953509
58833.559373 24.186197 0.019948061
58833.559928 24.190417 0.020913608
58833.560497 24.181803 0.023826347
58833.561052 24.149737 0.018947871
58833.561629 24.280304 0.023890658
58833.562183 24.157393 0.019934667
58833.562742 24.187163 0.018953852
58833.563315 24.145212 0.019958932
58833.563889 24.236822 0.020906762
58833.564461 24.162791 0.02279486
58833.565019 24.141993 0.017907385
58833.565576 24.176688 0.01599207
58833.566153 24.194929 0.016953511
58833.566722 24.167056 0.018959622
58833.56729 24.202473 0.020952365
58833.56785 24.280405 0.020935991
58833.568406 24.164299 0.018968932
58833.568961 24.162194 0.015978868
58833.569533 24.172646 0.016988023
58833.570095 24.154774 0.016978992
58833.57065 24.187981 0.018981685
58833.57121 24.155703 0.016978392
58833.571768 24.185769 0.017971882
58833.572322 24.151759 0.016976146
58833.572898 24.187586 0.018960517
58833.573468 24.151952 0.01991542
58833.574037 24.201027 0.019927475
58833.574593 24.173511 0.019915277
58833.575159 24.185105 0.023737777
58833.575726 24.250922 0.020880472
58833.576286 24.174139 0.021833788
58833.576839 24.159008 0.019902463
58833.577403 24.222562 0.019937409
58833.577964 24.183522 0.0199463
58833.578544 24.231463 0.02194538
58833.579114 24.206127 0.019879557
58833.579688 24.191237 0.019930416
58833.580238 24.157803 0.021912762
58833.58081 24.2214 0.020893029
58833.581375 24.286763 0.020898394
58833.581944 24.210895 0.01992227
58833.582509 24.187985 0.017948702
58833.58308 24.196169 0.02191555
58833.583647 24.172889 0.019917593
58833.584215 24.23094 0.022847603
58833.584762 24.223916 0.018928727
58833.585316 24.168397 0.021828515
58833.585886 24.158304 0.016957717
58833.586442 24.164466 0.018919358
58833.587001 24.21038 0.019942329
58833.587566 24.160849 0.02480043
58833.58814 24.152627 0.021865481
58833.588711 24.177335 0.015980725
58833.589285 24.211571 0.014976963
58833.589857 24.156813 0.019865641
58833.590423 24.265198 0.022858914
58833.590994 24.238843 0.023856556
58833.591559 24.176919 0.029764787
58833.592112 24.205931 0.027748173
58833.592665 24.174813 0.028737682
58833.593224 24.106634 0.02865209
58833.593796 24.220511 0.031763884
58833.594369 24.383931 0.036625961
58833.59492 24.194419 0.029742221
58833.595528 24.197519 0.024807609
58833.596082 24.169668 0.024857821
58833.596665 24.20327 0.024881493
58833.597231 24.203517 0.022860597
58833.597797 24.156366 0.021907125
58833.59838 24.188566 0.020936553
58833.598947 24.217174 0.017962547
58833.599512 24.179186 0.021927085
58833.60009 24.214451 0.021939228
58833.600655 24.202997 0.021954624
58833.601221 24.210732 0.02094054
58833.601788 24.174804 0.01994644
58833.602358 24.168144 0.01994332
58833.602926 24.228698 0.021943579
58833.60349 24.214195 0.026830961
58833.604047 24.229066 0.019943459
58833.604615 24.188938 0.020908624
58833.605171 24.256529 0.023897269
58833.605736 24.215767 0.024905871
58833.606292 24.201438 0.022905044
58833.606846 24.174152 0.022878889
58833.607409 24.203152 0.02383675
58833.607972 24.180275 0.02687492
58833.608554 24.250297 0.023901395
58833.609122 24.173922 0.0238939
58833.609691 24.232174 0.025859242
58833.61027 24.195568 0.020899955
58833.610843 24.228641 0.021862117
58833.611415 24.225296 0.02088196
58833.611993 24.215694 0.021872789
58833.612577 24.194849 0.01987002
58833.613137 24.17424 0.021862464
58833.613696 24.243366 0.021862699
58833.614278 24.198638 0.020872098
58833.614853 24.228251 0.022838745
58833.615407 24.239886 0.020901444
58833.615983 24.209848 0.021889579
58833.616534 24.160819 0.021908886
58833.617093 24.201194 0.024893528
58833.617655 24.194878 0.021932836
58833.618216 24.217449 0.02291948
58833.618781 24.205264 0.022940557
58833.619336 24.205995 0.021937851
58833.619908 24.22506 0.02491892
58833.620489 24.225802 0.020930464
58833.621073 24.168187 0.018954056
58833.621643 24.198633 0.022861988
58833.622212 24.168991 0.021919906
58833.622786 24.187239 0.024886925
58833.623339 24.168262 0.022861123
58833.623898 24.148017 0.022857215
58833.624467 24.158907 0.020938322
58833.625042 24.193613 0.019927503
58833.625625 24.156754 0.018944188
58833.626195 24.186791 0.019957234
58833.626758 24.164027 0.020955281
58833.627345 24.180068 0.018953865
58833.627901 24.184504 0.01996249
58833.628481 24.186438 0.019937914
58833.629058 24.188449 0.019956679
58833.629625 24.170613 0.018937848
58833.630194 24.158906 0.01996232
58833.630754 24.195958 0.019967243
58833.631339 24.214342 0.021895363
58833.631919 24.110157 0.02284649
58833.632476 24.27447 0.025830775
58833.633035 24.156645 0.021862692
58833.633609 24.102935 0.02184987
58833.634176 24.213793 0.028936925
58833.63477 24.197838 0.022914372
58833.63533 24.11833 0.021914258
58833.635896 24.204913 0.023926801
58833.636454 24.142987 0.017969452
58833.637031 24.181354 0.021936503
58833.637603 24.166548 0.020916046
58833.638178 24.18065 0.021912427
58833.638751 24.167179 0.020938114
58833.639317 24.147558 0.020958744
58833.639885 24.14946 0.020942911
58833.640451 24.143925 0.019960576
58833.641017 24.13734 0.016980535
58833.641587 24.169242 0.018973785
58833.642165 24.140247 0.018969831
58833.642733 24.119882 0.019965538
58833.643298 24.147876 0.021935454
58833.643881 24.102762 0.019950817
58833.644463 24.146011 0.017972005
58833.645038 24.140342 0.019966589
58833.645621 24.096062 0.020942674
58833.646196 24.12686 0.020945038
58833.646775 24.132917 0.019944454
58833.647352 24.088427 0.019948456
58833.647947 24.145171 0.020962594
58833.648518 24.088045 0.021971785
58833.649091 24.094404 0.019953393
58833.649661 24.088806 0.020948033
58833.650234 24.126398 0.020970924
58833.650812 24.082618 0.020954701
58833.651385 24.072763 0.021944203
58833.651942 24.055825 0.020944062
58833.652501 24.087898 0.02096628
58833.653051 24.1012 0.0229697
58833.653627 24.090723 0.018968985
58833.654196 24.074702 0.020942722
58833.654761 24.074974 0.019970899
58833.655332 24.084566 0.020967584
58833.655903 24.065564 0.019973314
58833.656459 24.093118 0.019974348
58833.657018 24.051499 0.019977432
58833.657575 24.055315 0.020956196
58833.658134 24.051814 0.019949488
58833.658729 24.021307 0.020946408
58833.659291 24.052894 0.019972915
58833.659866 24.021167 0.02197362
58833.660428 24.005144 0.020944411
58833.660996 24.021435 0.018971948
58833.661568 24.064486 0.019964408
58833.662129 23.996684 0.019951975
58833.662686 24.033263 0.021911376
58833.663254 24.035546 0.020953383
58833.663845 24.050781 0.021960603
58833.664399 24.007424 0.020963949
58833.664959 24.04574 0.019978699
58833.66553 23.980305 0.020975751
58833.666087 23.971501 0.018976759
58833.666661 23.968802 0.018979483
58833.66724 23.965063 0.020971594
58833.667808 23.98477 0.019977651
58833.668374 23.960917 0.019978079
58833.66894 23.9665 0.018977603
58833.669515 23.950583 0.020972504
58833.670105 23.986815 0.019966831
58833.670664 23.964607 0.019965206
58833.671231 23.92924 0.020954706
58833.671792 23.953074 0.020952113
58833.672357 23.959815 0.021961519
58833.672921 23.932484 0.019961126
58833.6735 23.930174 0.019969779
58833.674063 23.908476 0.019959987
58833.674632 23.883372 0.021935205
58833.675223 23.931837 0.022906147
58833.67579 23.898447 0.020954891
58833.67635 23.879978 0.020938953
58833.676916 23.900343 0.022936166
58833.677484 23.895001 0.022949694
58833.678056 23.889082 0.022938917
58833.678616 23.88354 0.023865058
58833.679182 23.909472 0.024846912
58833.679761 23.89074 0.027807869
58833.680323 23.904349 0.029713671
58833.680894 23.877608 0.027779255
58833.681455 23.89617 0.02879664
58833.68202 23.905498 0.027858893
58833.682591 23.891166 0.028719819
58833.683157 23.820554 0.02587434
58833.683728 23.883425 0.025807859
58833.68429 23.873216 0.028803145
58833.684864 23.875821 0.022920737
58833.685427 23.858771 0.023878788
58833.686006 23.838515 0.024900438
58833.68663 23.8619 0.023945811
58833.687197 23.870211 0.023955298
58833.687766 23.862005 0.021958261
58833.688335 23.856384 0.02293345
58833.6889 23.822606 0.019954719
58833.689473 23.80117 0.022914385
58833.690035 23.85812 0.021916446
58833.690606 23.832072 0.021923717
58833.691182 23.836008 0.01895668
58833.691769 23.816526 0.021904471
58833.692334 23.834754 0.024830803
58833.692912 23.861723 0.024871019
58833.693482 23.872051 0.020936715
58833.694055 23.837427 0.020910426
58833.694629 23.836453 0.02295263
58833.695214 23.80762 0.021948557
58833.695788 23.855516 0.021946391
58833.696709 23.864676 0.024879532
58833.697282 23.817371 0.024858436
58833.697854 23.827779 0.021890221
58833.698426 23.840161 0.020957544
58833.698997 23.844492 0.025917877
58833.699574 23.830358 0.020950696
58833.700162 23.829011 0.019961676
58833.700738 23.807013 0.024914177
58833.701314 23.817434 0.021959186
58833.701879 23.869888 0.02894941
58833.702433 23.843525 0.026946855
58833.702997 23.813761 0.019975805
58833.703569 23.845311 0.021969474
58833.704138 23.863994 0.022976142
58833.704693 23.822829 0.021969254
58833.705269 23.831554 0.020950089
58833.705842 23.821707 0.021956527
58833.706416 23.806771 0.022937478
58833.706995 23.803537 0.021968339
58833.70756 23.842553 0.022970134
58833.708139 23.822281 0.020966566
58833.708701 23.807253 0.021939527
58833.709269 23.805262 0.020959879
58833.709837 23.822132 0.019970154
58833.710398 23.802189 0.019961249
58833.710961 23.796583 0.020959031
58833.711531 23.792549 0.020941665
58833.712096 23.792797 0.019958047
58833.712678 23.772537 0.021922063
58833.713245 23.803183 0.023914853
58833.713811 23.820931 0.0209372
58833.71438 23.787728 0.021932967
58833.714942 23.792759 0.020939748
58833.715515 23.78101 0.019964253
58833.716099 23.80477 0.021970027
58833.716662 23.785719 0.019976571
58833.717217 23.780535 0.021946092
58833.717786 23.808176 0.017975592
58833.718352 23.808353 0.020967647
58833.718933 23.786696 0.018956453
58833.719515 23.795032 0.020943623
58833.720081 23.772309 0.021886512
58833.720652 23.80106 0.019964913
58833.721229 23.786078 0.01995151
58833.721798 23.802218 0.021933497
58833.722365 23.757882 0.020940761
58833.722938 23.751736 0.018964326
58833.723517 23.813312 0.019956482
58833.724095 23.771355 0.019950197
58833.724659 23.761157 0.019956677
58833.725228 23.746261 0.01993787
58833.725794 23.78935 0.020939404
58833.726369 23.75754 0.020913061
58833.726949 23.759949 0.019926757
58833.727521 23.780323 0.020897561
58833.728085 23.751068 0.020912987
58833.728659 23.767253 0.021945078
58833.729226 23.769156 0.020953548
58833.729803 23.770932 0.01992142
58833.730359 23.78061 0.018959171
58833.730924 23.763051 0.018966599
58833.731502 23.783903 0.019951428
58833.732059 23.739137 0.020901155
58833.732632 23.772074 0.021924337
58833.733194 23.783334 0.020922524
58833.733759 23.762351 0.023834352
58833.734321 23.752555 0.022862318
58833.734879 23.719985 0.021886731
58833.735444 23.788745 0.023856842
58833.736003 23.772297 0.024876716
58833.736571 23.801654 0.026779771
58833.737136 23.778872 0.024799698
58833.737691 23.78092 0.021902103
58833.738267 23.776638 0.026769514
58833.738823 23.739735 0.020888306
58833.739382 23.778631 0.02386967
58833.739948 23.821361 0.024852029
58833.740522 23.883019 0.023882133
58833.741085 23.81906 0.027763691
58833.741647 23.760159 0.023884135
58833.742215 23.776037 0.022859032
58833.742788 23.7935 0.021821849
58833.743365 23.788797 0.024890503
58833.743953 23.764881 0.0228955
58833.744526 23.767663 0.020909722
58833.745093 23.779646 0.020905528
58833.745664 23.795823 0.022920739
58833.746226 23.779051 0.020931496
58833.746789 23.762611 0.018945516
58833.747358 23.779453 0.021923501
58833.747921 23.775473 0.020911891
58833.748478 23.775037 0.019955578
58833.749035 23.774361 0.019964335
58833.749599 23.78044 0.018959353
58833.750168 23.775827 0.021867105
58833.750733 23.773472 0.021856986
58833.751298 23.769484 0.021843119
58833.751854 23.797215 0.023828505
58833.752416 23.813044 0.022875195
58833.752988 23.759543 0.021884765
58833.753539 23.805184 0.020926425
58833.7541 23.779004 0.020903264
58833.754655 23.762009 0.019929588
58833.75523 23.805626 0.01997055
58833.755803 23.805412 0.021946742
58833.756377 23.757649 0.02291248
58833.756948 23.797318 0.0189733
58833.757519 23.772236 0.019975103
58833.758074 23.794908 0.021970967
58833.758639 23.775674 0.022925196
58833.759204 23.87583 0.023927104
58833.759765 23.830159 0.020961129
58833.760341 23.789335 0.022959757
58833.760921 23.811147 0.021962415
58833.761489 23.797785 0.025916051
58833.76205 23.790966 0.021950821
58833.762618 23.812982 0.021946121
58833.763196 23.801504 0.022933462
58833.763771 23.805141 0.023940474
58833.764345 23.831002 0.021971067
58833.764904 23.796136 0.021963624
58833.765469 23.835372 0.023943767
58833.766035 23.81938 0.021962787
58833.766604 23.818428 0.021955141
58833.767179 23.841094 0.02197041
58833.767754 23.819771 0.024969228
58833.768337 23.795407 0.021960614
58833.768906 23.831544 0.02096931
58833.769468 23.803124 0.021960348
58833.770037 23.825141 0.023918038
58833.770609 23.83005 0.022948838
58833.771176 23.815315 0.027894094
58833.77175 23.795845 0.026897422
58833.772312 23.814593 0.024890046
58833.772873 23.837485 0.027856148
58833.773436 23.859507 0.028877221
58833.774013 23.802628 0.032780775
58833.774581 23.789008 0.026850952
58833.775149 23.854826 0.030839121
58833.775718 23.813498 0.028895169
58833.776274 23.820866 0.026893648
58833.776849 23.844962 0.027925405
58833.777425 23.832626 0.027917655
58833.777996 23.854352 0.025900362
58833.778564 23.823145 0.026921029
58833.779126 23.83082 0.027893443
58833.779701 23.826008 0.027811012
58833.780275 23.839103 0.024905676
58833.780836 23.894611 0.028863874
58833.781394 23.883975 0.029872568
58833.781959 23.826889 0.023928414
58833.78252 23.858356 0.027801941
58833.783078 23.833935 0.027890409
58833.783656 23.795233 0.022911685
58833.784224 23.865138 0.025927258
58833.784791 23.86476 0.025945282
58833.785359 23.88673 0.025923086
58833.785923 23.844173 0.023916592
58833.786499 23.83416 0.02394476
58833.787075 23.872539 0.024945507
58833.787657 23.899813 0.027945541
58833.788243 23.845486 0.02494376
58833.788815 23.837974 0.022965034
58833.789431 23.83275 0.018970636
58833.789993 23.848939 0.02396007
58833.790558 23.849843 0.02096812
58833.791114 23.869698 0.024958661
58833.791692 23.872561 0.021974167
58833.792254 23.875557 0.021970171
58833.792819 23.84294 0.021956478
58833.793386 23.86282 0.019969535
58833.793945 23.844309 0.021945667
58833.794517 23.887712 0.020969734
58833.79508 23.854776 0.021954673
58833.795646 23.851118 0.01797362
58833.796225 23.881592 0.018979444
58833.79679 23.876118 0.019982126
58833.797352 23.865751 0.020955105
58833.797908 23.851995 0.019979396
58833.798484 23.85955 0.01897943
58833.799061 23.925854 0.018976064
58833.799624 23.861061 0.020963564
58833.800185 23.872456 0.021941472
58833.800756 23.876255 0.020974172
58833.801313 23.89162 0.017977588
58833.801876 23.898212 0.020970022
58833.802443 23.881116 0.019969435
58833.803031 23.880087 0.019974859
58833.803608 23.874057 0.019971447
58833.804175 23.895641 0.019982962
58833.804741 23.892188 0.01998171
58833.805316 23.876689 0.019978665
58833.805876 23.88175 0.021973058
58833.806445 23.917466 0.020983911
58833.807016 23.90227 0.02097349
58833.807582 23.89724 0.020971607
58833.80816 23.916749 0.024951766
58833.808724 23.900854 0.021973955
58833.809281 23.877588 0.020973059
58833.809857 23.917182 0.022971349
58833.810432 23.93385 0.022969947
58833.811002 23.856919 0.021973616
58833.81157 23.904467 0.022979998
58833.812141 23.941088 0.021982657
58833.81271 23.900735 0.021982308
58833.813283 23.890408 0.02097561
58833.81385 23.869676 0.019983944
58833.814425 23.92396 0.018984373
58833.81499 23.944718 0.018984608
58833.815567 23.903567 0.018985866
58833.816133 23.922808 0.020960344
58833.816698 23.951161 0.02097175
58833.817289 23.895692 0.021962717
58833.817864 23.901435 0.021960804
58833.818429 23.899905 0.022950874
58833.819011 23.957519 0.021965605
58833.819573 23.922092 0.022949705
58833.820146 23.9434 0.020970014
58833.82073 23.936774 0.019973164
58833.821295 23.926952 0.019969949
58833.821869 23.932908 0.0269589
58833.822431 23.900426 0.022965813
58833.822986 23.956454 0.022976982
58833.823546 23.952612 0.025957616
58833.824122 24.018029 0.027964773
58833.82469 23.949045 0.024956323
58833.82527 23.954337 0.027967105
58833.825842 23.952096 0.023971235
58833.826414 23.936313 0.024948075
58833.826987 23.970058 0.021968881
58833.827559 23.980674 0.022964698
58833.828123 23.965159 0.023973676
58833.828694 23.934611 0.022954983
58833.829263 23.978389 0.024918121
58833.829826 23.930698 0.020975952
58833.830398 23.944589 0.02096013
58833.830961 23.946766 0.022953251
58833.831526 23.960015 0.018975246
58833.832097 24.011331 0.019977102
58833.83267 23.970144 0.020960906
58833.833228 23.958624 0.021973716
58833.833798 23.969896 0.023924538
58833.834371 23.98021 0.02495109
58833.834936 23.970459 0.020967966
58833.83551 23.96634 0.020965833
58833.836083 23.992922 0.021962925
58833.836648 23.979337 0.020965226
58833.837231 23.977542 0.024948097
58833.837806 24.02123 0.024933392
58833.83839 24.006738 0.022934183
58833.838952 23.990402 0.026918083
58833.839512 24.037885 0.026962283
58833.840078 23.980156 0.025934772
58833.840638 23.985627 0.023965702
58833.841214 23.985514 0.023970511
58833.841784 23.986501 0.022966047
58833.842354 24.001209 0.023964274
58833.842932 23.966149 0.023966857
58833.8435 23.994671 0.023966522
58833.844068 23.999358 0.022975064
58833.84464 24.007234 0.023965683
58833.845192 23.972758 0.02297244
58833.845764 23.986457 0.022978284
58833.846315 24.016109 0.027971305
58833.846882 24.000857 0.02397663
58833.847447 23.999765 0.026973538
58833.848017 24.004379 0.025974454
58833.848583 24.042072 0.028971589
58833.849139 23.985292 0.028962146
58833.849713 24.016114 0.024970663
58833.850286 24.055757 0.02597473
