HJD mag magerr
58833.526351 23.328413 0.049795826
58833.526938 23.506023 0.05463433
58833.527497 23.31557 0.047811219
58833.528073 23.280866 0.041783448
58833.52864 23.260131 0.036817492
58833.529223 23.240588 0.044651366
58833.529794 23.312849 0.045504322
58833.530369 23.359189 0.040746039
58833.530936 23.423434 0.040835692
58833.531508 23.295225 0.030902852
58833.532068 23.306007 0.03291359
58833.532639 23.259214 0.033861955
58833.533201 23.341594 0.032917894
58833.533765 23.224447 0.027922724
58833.534319 23.248428 0.032800442
58833.534878 23.365632 0.033880348
58833.535457 23.401851 0.035868207
58833.536022 23.319935 0.03287178
58833.536586 23.192396 0.026924229
58833.537148 23.213347 0.026926251
58833.537706 23.266032 0.026876288
58833.538275 23.211748 0.025937032
58833.538843 23.203214 0.023936671
58833.539403 23.223522 0.025926962
58833.539961 23.218412 0.026926584
58833.540691 23.198466 0.026952536
58833.54127 23.225376 0.025916581
58833.541834 23.22085 0.025951331
58833.542384 23.250256 0.028899507
58833.542946 23.234622 0.029929029
58833.543507 23.226517 0.024965548
58833.544071 23.233368 0.023962901
58833.544644 23.213423 0.026960023
58833.545206 23.242049 0.028936137
58833.545767 23.220516 0.026946454
58833.54634 23.208889 0.02892396
58833.546924 23.224141 0.03292062
58833.547488 23.29348 0.028925642
58833.548053 23.246624 0.029923774
58833.548633 23.215584 0.025935892
58833.549203 23.225786 0.025964013
58833.549779 23.244533 0.025950332
58833.550355 23.228271 0.024953797
58833.550911 23.203409 0.025961233
58833.551466 23.220434 0.029927059
58833.552025 23.196303 0.028870631
58833.552609 23.181994 0.02692968
58833.553172 23.224836 0.021920734
58833.553736 23.200704 0.02194242
58833.554298 23.23579 0.027959293
58833.554862 23.194714 0.025950789
58833.55542 23.183644 0.02097186
58833.556007 23.198244 0.021969938
58833.556565 23.198813 0.019976638
58833.557125 23.240296 0.020970373
58833.557676 23.206606 0.01897381
58833.558245 23.222257 0.022958587
58833.558811 23.222921 0.031948628
58833.559373 23.229779 0.027922824
58833.559928 23.300187 0.031886071
58833.560497 23.312081 0.035770423
58833.561052 23.184242 0.029923896
58833.561629 23.18038 0.023907818
58833.562183 23.272697 0.031925083
58833.562742 23.224572 0.029942717
58833.563315 23.184973 0.027927887
58833.563889 23.158025 0.026881264
58833.564461 23.252629 0.028733956
58833.565019 23.263987 0.025953593
58833.565576 23.223688 0.020987226
58833.566153 23.251975 0.028944145
58833.566722 23.163613 0.028934765
58833.56729 23.222615 0.028929209
58833.56785 23.18472 0.023903219
58833.568406 23.27092 0.024952517
58833.568961 23.197492 0.022969211
58833.569533 23.237391 0.023977794
58833.570095 23.238319 0.02097123
58833.57065 23.229255 0.020980434
58833.57121 23.227374 0.021980076
58833.571768 23.218676 0.027959824
58833.572322 23.216559 0.022972794
58833.572898 23.186512 0.025938342
58833.573468 23.229398 0.025921547
58833.574037 23.138169 0.021925123
58833.574593 23.272821 0.028927655
58833.575159 23.356832 0.034732325
58833.575726 23.365073 0.040814985
0.0 0.0 0.0
58833.576839 23.160735 0.029840865
58833.577403 23.245275 0.02891481
58833.577964 23.186128 0.023945391
58833.578544 23.211468 0.021949722
58833.579114 23.227202 0.031918803
58833.579688 23.203533 0.031897167
58833.580238 23.251083 0.022917714
58833.58081 23.200673 0.028888321
58833.581375 23.244309 0.025871101
58833.581944 23.252335 0.028888441
58833.582509 23.170676 0.023940784
58833.58308 23.225399 0.022913311
58833.583647 23.214275 0.024892471
58833.584215 23.277407 0.030753937
58833.584762 23.458939 0.034853699
58833.585316 23.219081 0.028874058
58833.585886 23.255113 0.032930235
58833.586442 23.248635 0.028899822
58833.587001 23.251495 0.028930443
58833.587566 23.378282 0.03683471
58833.58814 23.306481 0.030879955
58833.588711 23.193225 0.024942295
0.0 0.0 0.0
58833.589857 23.180776 0.033903235
58833.590423 23.205026 0.031766506
58833.590994 23.317898 0.02987811
58833.591559 23.266846 0.035613736
58833.592112 23.614255 0.046704682
58833.592665 23.175613 0.032784045
58833.593224 23.197924 0.026840317
58833.593796 23.644269 0.049773605
0.0 0.0 0.0
58833.59492 23.084421 0.032560751
58833.595528 23.188873 0.026848399
58833.596082 23.182048 0.029814991
58833.596665 23.379283 0.036812878
58833.597231 23.191616 0.032851573
58833.597797 23.213698 0.027898172
58833.59838 23.201167 0.027925159
58833.598947 23.190146 0.02492537
58833.599512 23.243322 0.023914801
58833.60009 23.213638 0.024919773
58833.600655 23.210846 0.026940337
58833.601221 23.250153 0.027904297
58833.601788 23.226622 0.025931262
58833.602358 23.190246 0.026920488
58833.602926 23.275336 0.029912255
58833.60349 23.345081 0.036746522
58833.604047 23.20555 0.027915901
58833.604615 23.279177 0.031857142
58833.605171 23.212067 0.028880865
58833.605736 23.258439 0.036859954
58833.606292 23.200837 0.030879193
58833.606846 23.328868 0.035840171
58833.607409 23.232755 0.030873158
58833.607972 23.262629 0.029871168
58833.608554 23.308316 0.02885158
58833.609122 23.264265 0.030916975
58833.609691 23.284434 0.03175851
58833.61027 23.222722 0.026872676
58833.610843 23.290689 0.027886584
58833.611415 23.196209 0.027853655
58833.611993 23.350495 0.031831025
58833.612577 23.366919 0.030815393
58833.613137 23.535336 0.038841126
58833.613696 23.315912 0.031782959
58833.614278 23.374749 0.033847543
58833.614853 23.411479 0.041793417
58833.615407 23.313542 0.03980141
58833.615983 23.282712 0.030852889
58833.616534 23.212973 0.025894871
58833.617093 23.273453 0.031874794
58833.617655 23.272151 0.031912975
58833.618216 23.233189 0.027872127
58833.618781 23.237721 0.024946831
58833.619336 23.208076 0.02991489
58833.619908 23.192399 0.029890002
58833.620489 23.22398 0.027908245
58833.621073 23.224748 0.025938822
58833.621643 23.290223 0.028894124
58833.622212 23.229733 0.028905576
58833.622786 23.237695 0.033867498
58833.623339 23.249199 0.031886203
58833.623898 23.228894 0.026903607
58833.624467 23.233332 0.023928287
58833.625042 23.258523 0.028914553
58833.625625 23.221359 0.025918381
58833.626195 23.208655 0.026945751
58833.626758 23.192648 0.022924998
58833.627345 23.211658 0.024946984
58833.627901 23.21956 0.025948339
58833.628481 23.209433 0.02594916
58833.629058 23.214792 0.022947003
58833.629625 23.225997 0.0229666
58833.630194 23.211022 0.021966087
58833.630754 23.2023 0.024957818
58833.631339 23.091166 0.026834207
58833.631919 23.347773 0.032743674
58833.632476 23.412917 0.033848355
58833.633035 23.21081 0.032859722
58833.633609 23.169254 0.03187937
58833.634176 23.236526 0.029899764
58833.63477 23.240078 0.031902391
58833.63533 23.228738 0.024952749
58833.635896 23.223621 0.027914
58833.636454 23.249252 0.025955813
58833.637031 23.219913 0.026915391
58833.637603 23.183825 0.023936088
58833.638178 23.211131 0.027930928
58833.638751 23.21811 0.023952222
58833.639317 23.20046 0.022945274
58833.639885 23.226591 0.023950996
58833.640451 23.196695 0.01997997
58833.641017 23.208301 0.020971392
58833.641587 23.205955 0.024953067
58833.642165 23.220137 0.023953874
58833.642733 23.209194 0.021956705
58833.643298 23.194374 0.019968594
58833.643881 23.208632 0.021963708
58833.644463 23.197079 0.021974543
58833.645038 23.237726 0.021958924
58833.645621 23.206893 0.020955296
58833.646196 23.235711 0.022926812
58833.646775 23.199866 0.02395633
58833.647352 23.216678 0.024956252
58833.647947 23.234105 0.027922797
58833.648518 23.199148 0.020975015
58833.649091 23.187846 0.022959624
58833.649661 23.181843 0.020957553
58833.650234 23.187837 0.022965245
58833.650812 23.206924 0.019973486
58833.651385 23.206243 0.023955083
58833.651942 23.221908 0.022953165
58833.652501 23.224518 0.022954199
58833.653051 23.213675 0.017977688
58833.653627 23.213886 0.021960174
58833.654196 23.224464 0.025964686
58833.654761 23.211654 0.021960931
58833.655332 23.225154 0.02097293
58833.655903 23.229449 0.018981146
58833.656459 23.18563 0.019979513
58833.657018 23.193707 0.019978085
58833.657575 23.22181 0.01898154
58833.658134 23.194983 0.023958052
58833.658729 23.20193 0.021969542
58833.659291 23.209441 0.020972809
58833.659866 23.181451 0.018979871
58833.660428 23.223471 0.021956264
58833.660996 23.221839 0.02496783
58833.661568 23.208395 0.020966008
58833.662129 23.200622 0.023940782
58833.662686 23.199109 0.024927089
58833.663254 23.221362 0.020973562
58833.663845 23.205235 0.024935918
58833.664399 23.216591 0.023956725
58833.664959 23.196526 0.019961236
58833.66553 23.191945 0.020969581
58833.666087 23.173956 0.018982334
58833.666661 23.204842 0.017984474
58833.66724 23.218308 0.015984393
58833.667808 23.192775 0.019975995
58833.668374 23.191521 0.018981716
58833.66894 23.197991 0.019977389
58833.669515 23.193546 0.018981145
58833.670105 23.212165 0.021969731
58833.670664 23.233635 0.023949266
58833.671231 23.203869 0.022954782
58833.671792 23.175844 0.023951263
58833.672357 23.192401 0.024946972
58833.672921 23.221203 0.025957612
58833.6735 23.229312 0.021970173
58833.674063 23.199546 0.020972275
58833.674632 23.220169 0.024945134
58833.675223 23.233542 0.029913238
58833.67579 23.225215 0.025936295
58833.67635 23.242389 0.028920047
58833.676916 23.248738 0.026950234
58833.677484 23.239169 0.027934844
58833.678056 23.305281 0.030930124
58833.678616 23.323548 0.03581991
58833.679182 23.29565 0.030881182
58833.679761 23.391567 0.038841026
58833.680323 23.403766 0.038646117
58833.680894 23.362445 0.036747888
58833.681455 23.313141 0.043831708
58833.68202 23.371332 0.033756473
58833.682591 23.391354 0.040739054
58833.683157 23.345865 0.033848206
58833.683728 23.279757 0.031858508
58833.68429 23.352046 0.033820847
58833.684864 23.319147 0.03389089
58833.685427 23.246331 0.034889882
58833.686006 23.207352 0.026874639
58833.68663 23.203941 0.024935547
58833.687197 23.227916 0.024933266
58833.687766 23.276791 0.025938809
58833.688335 23.216854 0.025945636
58833.6889 23.185378 0.027928021
58833.689473 23.228881 0.026920972
58833.690035 23.232314 0.023928159
58833.690606 23.207104 0.026939859
58833.691182 23.198303 0.026946113
58833.691769 23.228678 0.02691745
58833.692334 23.368291 0.034901777
58833.692912 23.332324 0.028888782
58833.693482 23.222449 0.027910984
58833.694055 23.239263 0.029918825
58833.694629 23.217445 0.025953686
58833.695214 23.231296 0.028928275
58833.695788 23.285451 0.027924714
58833.696709 23.174622 0.028903577
58833.697282 23.236082 0.031870209
58833.697854 23.213122 0.028908543
58833.698426 23.216803 0.026926056
58833.698997 23.30416 0.029906741
58833.699574 23.214208 0.020953156
58833.700162 23.225694 0.020958967
58833.700738 23.216367 0.021948986
58833.701314 23.22301 0.021955627
58833.701879 23.241078 0.024946109
58833.702433 23.189745 0.020969757
58833.702997 23.204949 0.018973019
58833.703569 23.196926 0.020973148
58833.704138 23.231742 0.017978804
58833.704693 23.212966 0.021967257
58833.705269 23.191203 0.022961373
58833.705842 23.206942 0.022954252
58833.706416 23.231821 0.023944064
58833.706995 23.199502 0.021976669
58833.70756 23.25362 0.02096158
58833.708139 23.213816 0.021963468
58833.708701 23.228114 0.019964972
58833.709269 23.211894 0.021964751
58833.709837 23.217755 0.026933715
58833.710398 23.2324 0.020960455
58833.710961 23.219957 0.025949142
58833.711531 23.257005 0.025940265
58833.712096 23.317269 0.02992289
58833.712678 23.221072 0.025958987
58833.713245 23.2533 0.026922404
58833.713811 23.23323 0.023953365
58833.71438 23.23147 0.021958989
58833.714942 23.232467 0.023948868
58833.715515 23.211338 0.02295718
58833.716099 23.195813 0.017980786
58833.716662 23.24488 0.021968261
58833.717217 23.213326 0.021968424
58833.717786 23.23141 0.023943741
58833.718352 23.216127 0.023937845
58833.718933 23.227238 0.024933141
58833.719515 23.212197 0.026955741
58833.720081 23.220267 0.025926246
58833.720652 23.198775 0.024946258
58833.721229 23.295636 0.025941076
58833.721798 23.187562 0.028936342
58833.722365 23.208008 0.023960421
58833.722938 23.219082 0.020963674
58833.723517 23.232897 0.024957841
58833.724095 23.216339 0.021965817
58833.724659 23.211744 0.023931896
58833.725228 23.215456 0.023945561
58833.725794 23.21066 0.026956507
58833.726369 23.255805 0.025904615
58833.726949 23.195579 0.02590166
58833.727521 23.206252 0.027873184
58833.728085 23.299619 0.027924421
58833.728659 23.226985 0.02794928
58833.729226 23.215915 0.023934393
58833.729803 23.23257 0.021959292
58833.730359 23.290449 0.026955391
58833.730924 23.204559 0.02196594
58833.731502 23.257493 0.029943671
58833.732059 23.217073 0.026916897
58833.732632 23.20352 0.028926042
58833.733194 23.208565 0.028934345
58833.733759 23.300023 0.030855079
58833.734321 23.274173 0.030884703
58833.734879 23.255348 0.031864607
58833.735444 23.340029 0.034820782
58833.736003 23.370754 0.034886962
58833.736571 23.287059 0.033811611
58833.737136 23.279872 0.031870261
58833.737691 23.315829 0.033864682
58833.738267 23.300132 0.032734935
58833.738823 23.355402 0.03586239
58833.739382 23.322681 0.035845017
58833.739948 23.358753 0.035828364
58833.740522 23.359917 0.036794249
58833.741085 23.326518 0.033766607
58833.741647 23.352213 0.030874209
58833.742215 23.285954 0.031893727
58833.742788 23.232124 0.029806969
58833.743365 23.30715 0.028882352
58833.743953 23.320948 0.029870827
58833.744526 23.215177 0.030884665
58833.745093 23.261568 0.02791849
58833.745664 23.306588 0.032902015
58833.746226 23.287699 0.029910728
58833.746789 23.220247 0.025917964
58833.747358 23.240341 0.02893547
58833.747921 23.259081 0.029931203
58833.748478 23.255461 0.026953331
58833.749035 23.194869 0.022958283
58833.749599 23.217297 0.025957009
58833.750168 23.310538 0.031878282
58833.750733 23.227356 0.029884385
58833.751298 23.314754 0.032794413
58833.751854 23.271297 0.0348675
58833.752416 23.234665 0.028894389
58833.752988 23.225973 0.025911072
58833.753539 23.291543 0.027907009
58833.7541 23.224311 0.027923857
58833.754655 23.20609 0.024953929
58833.75523 23.207039 0.021959039
58833.755803 23.221683 0.022951981
58833.756377 23.189925 0.024948346
58833.756948 23.218512 0.020974173
58833.757519 23.218981 0.021962672
58833.758074 23.209562 0.020946371
58833.758639 23.236752 0.02986034
58833.759204 23.279837 0.028915404
58833.759765 23.280252 0.028938456
58833.760341 23.230167 0.02595589
58833.760921 23.197906 0.023948988
58833.761489 23.232661 0.035879184
58833.76205 23.24264 0.02394749
58833.762618 23.248978 0.027925191
58833.763196 23.216655 0.021958997
58833.763771 23.212694 0.019964581
58833.764345 23.247508 0.023960905
58833.764904 23.165378 0.017976632
58833.765469 23.186476 0.019967435
58833.766035 23.216232 0.019964007
58833.766604 23.218201 0.021944456
58833.767179 23.222261 0.021959639
58833.767754 23.208059 0.020969953
58833.768337 23.210754 0.019962564
58833.768906 23.213957 0.024959828
58833.769468 23.215041 0.020954845
58833.770037 23.225786 0.020958033
58833.770609 23.26096 0.024954337
58833.771176 23.262103 0.031898765
58833.77175 23.316626 0.028902996
58833.772312 23.303931 0.03285413
58833.772873 23.275019 0.035833549
58833.773436 23.306799 0.034820003
58833.774013 23.305723 0.033853524
58833.774581 23.286305 0.029882364
58833.775149 23.266299 0.032874868
58833.775718 23.278311 0.035873977
58833.776274 23.2769 0.028907607
58833.776849 23.277306 0.026932254
58833.777425 23.280516 0.028921395
58833.777996 23.32169 0.033880538
58833.778564 23.196248 0.023938046
58833.779126 23.232169 0.028919076
58833.779701 23.301292 0.032877517
58833.780275 23.283461 0.029907747
58833.780836 23.338502 0.036838969
58833.781394 23.290593 0.033878575
58833.781959 23.310262 0.029917408
58833.78252 23.234136 0.025933065
58833.783078 23.288584 0.031873984
58833.783656 23.259483 0.026904163
58833.784224 23.295347 0.027940743
58833.784791 23.250146 0.026908893
58833.785359 23.269372 0.025933034
58833.785923 23.237347 0.022954816
58833.786499 23.202731 0.030935473
58833.787075 23.19767 0.022940556
58833.787657 23.212218 0.026936581
58833.788243 23.238608 0.023946774
58833.788815 23.231263 0.021952413
58833.789431 23.234093 0.022939376
58833.789993 23.22475 0.024946708
58833.790558 23.225826 0.020960167
58833.791114 23.270988 0.022958485
58833.791692 23.19511 0.020976874
58833.792254 23.212774 0.020961346
58833.792819 23.223482 0.021967584
58833.793386 23.207627 0.021957616
58833.793945 23.227945 0.020951779
58833.794517 23.211897 0.022935747
58833.79508 23.206463 0.020971031
58833.795646 23.222228 0.023959064
58833.796225 23.20743 0.018971971
58833.79679 23.195802 0.016978753
58833.797352 23.216652 0.017973219
58833.797908 23.209814 0.018978269
58833.798484 23.222991 0.016980825
58833.799061 23.246286 0.021964453
58833.799624 23.199858 0.020965043
58833.800185 23.217535 0.017977939
58833.800756 23.21736 0.018977173
58833.801313 23.229771 0.020951771
58833.801876 23.25476 0.0229611
58833.802443 23.213383 0.019963209
58833.803031 23.218346 0.018974204
58833.803608 23.238948 0.01996446
58833.804175 23.227772 0.018977302
58833.804741 23.214972 0.021973374
58833.805316 23.225854 0.021967742
58833.805876 23.184923 0.01996314
58833.806445 23.214078 0.018979878
58833.807016 23.215948 0.019973174
58833.807582 23.228713 0.019948506
58833.80816 23.208424 0.018968583
58833.808724 23.295931 0.021962608
58833.809281 23.216185 0.018964511
58833.809857 23.230573 0.018974948
58833.810432 23.192519 0.019972946
58833.811002 23.231848 0.015978394
58833.81157 23.228137 0.022971659
58833.812141 23.178219 0.016976026
58833.81271 23.179093 0.017978011
58833.813283 23.228106 0.017981316
58833.81385 23.211011 0.017979249
58833.814425 23.21857 0.018976615
58833.81499 23.223004 0.018981022
58833.815567 23.205875 0.017976167
58833.816133 23.210927 0.016979633
58833.816698 23.185512 0.018977142
58833.817289 23.22356 0.019974054
58833.817864 23.20513 0.023963491
58833.818429 23.256979 0.021957783
58833.819011 23.213242 0.024953129
58833.819573 23.221917 0.022963566
58833.820146 23.223924 0.020958976
58833.82073 23.220026 0.02096304
58833.821295 23.229197 0.019969443
58833.821869 23.286547 0.021971557
58833.822431 23.245798 0.021964425
58833.822986 23.237094 0.01897154
58833.823546 23.226478 0.023944549
58833.824122 23.255867 0.019968309
58833.82469 23.250553 0.021964703
58833.82527 23.253914 0.023956793
58833.825842 23.21359 0.019964104
58833.826414 23.232266 0.023949584
58833.826987 23.204272 0.023929617
58833.827559 23.268601 0.02095381
58833.828123 23.241986 0.019977175
58833.828694 23.234096 0.020959271
58833.829263 23.239744 0.018968317
58833.829826 23.223156 0.020970473
58833.830398 23.238109 0.023937064
58833.830961 23.204797 0.021961629
58833.831526 23.204932 0.0179684
58833.832097 23.229011 0.020966876
58833.83267 23.21441 0.020966003
58833.833228 23.252434 0.019965012
58833.833798 23.232835 0.021965867
58833.834371 23.241412 0.024944029
58833.834936 23.219959 0.02196678
58833.83551 23.233596 0.022968612
58833.836083 23.218392 0.024957772
58833.836648 23.237843 0.021939412
58833.837231 23.280534 0.02195515
58833.837806 23.284363 0.026940292
58833.83839 23.25904 0.025940362
58833.838952 23.253831 0.027912079
58833.839512 23.243928 0.022951323
58833.840078 23.27582 0.0229543
58833.840638 23.261128 0.024930136
58833.841214 23.203867 0.021953166
58833.841784 23.25551 0.020965887
58833.842354 23.207072 0.021965617
58833.842932 23.251282 0.023954517
58833.8435 23.240364 0.02096745
58833.844068 23.266753 0.023953473
58833.84464 23.232958 0.025928083
58833.845192 23.196599 0.018962938
58833.845764 23.226793 0.018972307
58833.846315 23.204938 0.018978769
58833.846882 23.225167 0.01797255
58833.847447 23.247537 0.020973507
58833.848017 23.190232 0.016977262
58833.848583 23.246616 0.019964816
58833.849139 23.269814 0.024958785
58833.849713 23.228678 0.022960507
58833.850286 23.23113 0.019974612
