HJD mag magerr
58833.526351 24.054489 0.057781743
58833.526938 23.958207 0.053676491
58833.527497 24.08423 0.05187075
58833.528073 24.020472 0.054710764
58833.52864 24.04927 0.039835199
58833.529223 23.953739 0.050458586
58833.529794 23.916112 0.049489548
58833.530369 24.121505 0.03872499
58833.530936 23.992492 0.033843095
58833.531508 24.09732 0.030886139
58833.532068 24.094001 0.027908981
58833.532639 24.03011 0.027829969
58833.533201 24.113561 0.025919308
58833.533765 24.104687 0.024939218
58833.534319 24.000526 0.028777318
58833.534878 23.983777 0.027769425
58833.535457 24.036765 0.026835312
58833.536022 24.1637 0.024935783
58833.536586 24.164785 0.024942787
58833.537148 24.127221 0.02195043
58833.537706 24.063967 0.024883915
58833.538275 24.092119 0.023928642
58833.538843 24.104763 0.019952616
58833.539403 24.117663 0.021926949
58833.539961 24.078071 0.021898016
58833.540691 24.130915 0.021953239
58833.54127 24.144729 0.020951239
58833.541834 24.135952 0.021960532
58833.542384 24.128636 0.019965474
58833.542946 24.139018 0.021935519
58833.543507 24.144296 0.020967858
58833.544071 24.137947 0.020971266
58833.544644 24.135373 0.019950661
58833.545206 24.077018 0.019950772
58833.545767 24.092406 0.017971446
58833.54634 24.154886 0.019973516
58833.546924 24.139714 0.019950655
58833.547488 24.161653 0.021924544
58833.548053 24.049816 0.018943399
58833.548633 24.092527 0.017969764
58833.549203 24.156299 0.020961837
58833.549779 24.141263 0.019969999
58833.550355 24.133957 0.020964355
58833.550911 24.128122 0.019957364
58833.551466 24.12065 0.019941514
58833.552025 24.180451 0.020933304
58833.552609 24.156989 0.023925387
58833.553172 24.168259 0.022940532
58833.553736 24.095393 0.02093866
58833.554298 24.124329 0.018975479
58833.554862 24.144813 0.018976528
58833.55542 24.226912 0.025971885
58833.556007 24.14937 0.021984009
58833.556565 24.16488 0.022981183
58833.557125 24.121251 0.021973581
58833.557676 24.120954 0.020980217
58833.558245 24.134038 0.020963727
58833.558811 24.13155 0.020964628
58833.559373 24.124803 0.020920508
58833.559928 24.092602 0.02185555
58833.560497 24.127512 0.026744176
58833.561052 24.040115 0.020918688
0.0 0.0 0.0
58833.562183 24.098727 0.020927967
58833.562742 24.100142 0.019950393
58833.563315 24.136334 0.020959955
58833.563889 24.10091 0.022875366
58833.564461 24.013725 0.021776564
58833.565019 24.065976 0.017957369
58833.565576 24.105341 0.017986961
58833.566153 24.12461 0.019932495
58833.566722 24.178842 0.02193042
58833.56729 24.168545 0.019954875
0.0 0.0 0.0
58833.568406 24.149642 0.018974765
58833.568961 24.118348 0.017977418
58833.569533 24.235225 0.019973321
58833.570095 24.119159 0.016982318
58833.57065 24.131266 0.016989505
58833.57121 24.119179 0.017975315
58833.571768 24.143344 0.018967046
58833.572322 24.118561 0.018979228
58833.572898 24.104522 0.017964902
58833.573468 24.102771 0.01891716
58833.574037 24.114433 0.018923969
58833.574593 24.111669 0.019936116
58833.575159 24.008179 0.023617358
58833.575726 24.073274 0.019877385
58833.576286 24.050143 0.01792421
58833.576839 24.118311 0.018904405
58833.577403 24.141995 0.019940402
58833.577964 24.105519 0.018944608
58833.578544 24.190247 0.020954949
58833.579114 24.115853 0.021911983
58833.579688 24.154445 0.020923665
58833.580238 24.080017 0.020901716
58833.58081 24.114798 0.020889836
0.0 0.0 0.0
0.0 0.0 0.0
58833.582509 24.331307 0.020957752
58833.58308 24.124239 0.021916379
58833.583647 24.088919 0.022849366
58833.584215 24.130345 0.022833103
58833.584762 23.996395 0.015927057
58833.585316 23.960984 0.018885316
58833.585886 24.133105 0.018949001
58833.586442 24.116204 0.019915105
58833.587001 24.062054 0.020855203
58833.587566 24.016505 0.022853317
58833.58814 24.053972 0.02283136
58833.588711 24.176203 0.015990704
58833.589285 24.364488 0.021947864
58833.589857 23.936792 0.020762835
58833.590423 24.231907 0.025707717
58833.590994 24.002846 0.021843385
58833.591559 24.03354 0.02578782
58833.592112 24.03747 0.024734127
58833.592665 24.058567 0.02674083
58833.593224 23.964883 0.026686348
58833.593796 24.078478 0.031814332
58833.594369 24.230078 0.035524313
58833.59492 24.050824 0.029711691
58833.595528 24.088706 0.024788155
58833.596082 24.06926 0.024875457
58833.596665 24.110425 0.025878221
58833.597231 24.154439 0.025856198
58833.597797 24.087798 0.022908201
58833.59838 24.086062 0.019928017
58833.598947 24.17074 0.020940982
58833.599512 24.116077 0.023917614
58833.60009 24.14235 0.021945764
58833.600655 24.105945 0.021950723
58833.601221 24.218432 0.021952941
58833.601788 24.076525 0.02092171
58833.602358 24.140081 0.022933245
0.0 0.0 0.0
58833.60349 24.06619 0.024819556
58833.604047 24.154873 0.020938217
58833.604615 24.104801 0.022896898
58833.605171 24.081245 0.021888232
58833.605736 24.103308 0.023894631
58833.606292 24.08102 0.023883201
58833.606846 24.034068 0.023872229
58833.607409 24.087683 0.022885991
58833.607972 24.045964 0.02585153
58833.608554 24.113984 0.026857111
58833.609122 24.071663 0.024882965
58833.609691 24.077217 0.022873041
58833.61027 24.0992 0.02190293
58833.610843 24.125919 0.021898636
58833.611415 24.074683 0.02080758
58833.611993 24.10569 0.02287331
58833.612577 24.092579 0.020864405
58833.613137 24.063159 0.020853035
58833.613696 24.022435 0.020796809
58833.614278 24.038595 0.020866571
58833.614853 24.036338 0.021834535
58833.615407 24.114421 0.022786901
58833.615983 24.071278 0.020881815
58833.616534 24.017843 0.019842811
58833.617093 24.10614 0.024887785
58833.617655 24.080713 0.02192162
58833.618216 24.113182 0.021916542
58833.618781 24.120567 0.022953456
58833.619336 24.142893 0.022927607
58833.619908 24.149203 0.023916474
58833.620489 24.124049 0.020929936
58833.621073 24.071546 0.019927745
58833.621643 24.055521 0.022850872
58833.622212 24.085165 0.019925837
58833.622786 24.07637 0.024817031
58833.623339 24.127404 0.022904348
58833.623898 24.131848 0.024915626
58833.624467 24.084956 0.020935903
58833.625042 24.113078 0.021922619
58833.625625 24.136607 0.018955994
58833.626195 24.153583 0.022946623
58833.626758 24.155493 0.021932419
58833.627345 24.173432 0.021956615
58833.627901 24.109015 0.019971714
58833.628481 24.11622 0.019956315
58833.629058 24.170718 0.019968247
58833.629625 24.102273 0.017962875
58833.630194 24.092416 0.021961125
58833.630754 24.11789 0.018969706
58833.631339 24.210832 0.022931263
58833.631919 24.027453 0.022850975
58833.632476 24.068099 0.023849018
58833.633035 24.053951 0.021846215
58833.633609 24.120744 0.023908597
58833.634176 24.108704 0.026935891
58833.63477 24.010684 0.021867643
58833.63533 24.120027 0.019967422
58833.635896 24.144746 0.021936511
58833.636454 24.106301 0.020952866
58833.637031 24.143272 0.021890444
58833.637603 24.122472 0.02391389
58833.638178 24.069045 0.021899029
58833.638751 24.131002 0.019958701
58833.639317 24.130257 0.020959487
58833.639885 24.156047 0.020972416
58833.640451 24.142615 0.020980688
58833.641017 24.148821 0.018970257
58833.641587 24.154684 0.02096902
58833.642165 24.176383 0.021967054
58833.642733 24.183377 0.021961036
58833.643298 24.139395 0.022956531
58833.643881 24.10979 0.019963913
58833.644463 24.111396 0.019969016
58833.645038 24.122928 0.020964774
58833.645621 24.115406 0.021941349
58833.646196 24.156227 0.020939939
58833.646775 24.132448 0.019974793
58833.647352 24.104293 0.019974717
58833.647947 24.139551 0.022954942
58833.648518 24.156432 0.02097881
58833.649091 24.110707 0.022941312
58833.649661 24.167795 0.021976345
58833.650234 24.17029 0.021977071
58833.650812 24.111284 0.021968282
58833.651385 24.111941 0.021937324
58833.651942 24.125746 0.021961613
58833.652501 24.144268 0.021972059
58833.653051 24.12006 0.023948808
58833.653627 24.121177 0.019977288
58833.654196 24.102531 0.02096037
58833.654761 24.130963 0.020965723
58833.655332 24.156715 0.020964722
58833.655903 24.116565 0.022968832
58833.656459 24.167286 0.020980134
58833.657018 24.139185 0.021974676
58833.657575 24.145008 0.018979197
58833.658134 24.156085 0.020973059
58833.658729 24.134339 0.021965863
58833.659291 24.130749 0.020977524
58833.659866 24.14961 0.024976558
58833.660428 24.111882 0.021974527
58833.660996 24.167106 0.022965484
58833.661568 24.134145 0.02396688
58833.662129 24.082876 0.022963511
58833.662686 24.165208 0.026944161
58833.663254 24.125724 0.01997837
58833.663845 24.102318 0.02195194
58833.664399 24.135847 0.022960627
58833.664959 24.128707 0.022975871
58833.66553 24.145962 0.020980669
58833.666087 24.190197 0.02198498
58833.666661 24.124486 0.019982457
58833.66724 24.128945 0.020984854
58833.667808 24.149685 0.022980678
58833.668374 24.186108 0.021985776
58833.66894 24.144622 0.022980367
58833.669515 24.118223 0.022978588
58833.670105 24.165569 0.024967806
58833.670664 24.104318 0.022960044
58833.671231 24.171595 0.02496627
58833.671792 24.122074 0.023965415
58833.672357 24.12438 0.023957588
58833.672921 24.136235 0.023957593
58833.6735 24.139619 0.020981773
58833.674063 24.141716 0.023978598
58833.674632 24.115002 0.023958182
58833.675223 24.113175 0.024905853
58833.67579 24.142375 0.024951139
58833.67635 24.113587 0.023940834
58833.676916 24.105265 0.023963317
58833.677484 24.102885 0.0259578
58833.678056 24.089143 0.023950305
58833.678616 24.118396 0.028855216
58833.679182 24.1141 0.0308619
58833.679761 24.079268 0.029861424
58833.680323 24.0738 0.033580837
58833.680894 24.000118 0.028864281
58833.681455 24.02864 0.03267902
58833.68202 24.0046 0.03176342
58833.682591 24.107717 0.033705633
58833.683157 24.098169 0.029876465
58833.683728 24.044458 0.027871152
58833.68429 24.138252 0.03375255
58833.684864 24.060506 0.025922744
58833.685427 24.142353 0.02992315
58833.686006 24.058008 0.029879794
58833.68663 24.108247 0.025951659
58833.687197 24.060061 0.02795027
58833.687766 24.070449 0.02892401
58833.688335 24.139375 0.025956322
58833.6889 24.070494 0.023965687
58833.689473 24.178437 0.027943181
58833.690035 24.092567 0.025936479
58833.690606 24.055374 0.022948355
58833.691182 24.155059 0.027931484
58833.691769 24.15205 0.025927822
58833.692334 24.026958 0.025885433
58833.692912 24.076253 0.02592167
58833.693482 24.084495 0.023938617
58833.694055 24.054006 0.025955073
58833.694629 24.083799 0.024939394
58833.695214 24.076061 0.024952071
58833.695788 24.109881 0.026944474
58833.696709 24.119468 0.02794782
58833.697282 24.049038 0.029866438
58833.697854 24.093097 0.025935532
58833.698426 24.184003 0.028945486
58833.698997 24.070886 0.030953073
58833.699574 24.1625 0.026953285
58833.700162 24.159436 0.024969954
58833.700738 24.087895 0.028945435
58833.701314 24.119881 0.026965054
58833.701879 24.128223 0.034946245
58833.702433 24.134995 0.02797354
58833.702997 24.091473 0.025977702
58833.703569 24.088513 0.026964907
58833.704138 24.07697 0.026974577
58833.704693 24.138182 0.025975599
58833.705269 24.076066 0.023961262
58833.705842 24.107052 0.026966807
58833.706416 24.043727 0.025955071
58833.706995 24.128348 0.02497336
58833.70756 24.175896 0.026969433
58833.708139 23.765615 0.079968139
58833.708701 24.132068 0.023971956
58833.709269 24.090446 0.02795837
58833.709837 24.121572 0.025965742
58833.710398 24.109909 0.023959659
58833.710961 24.066344 0.027950384
58833.711531 24.104068 0.029955138
58833.712096 24.081525 0.025958142
58833.712678 24.097351 0.025948727
58833.713245 24.112641 0.026959241
58833.713811 24.15942 0.025958414
58833.71438 24.085055 0.023970986
58833.714942 24.091872 0.023972976
58833.715515 24.137099 0.024957176
58833.716099 24.18202 0.025974686
58833.716662 24.186984 0.026975273
58833.717217 24.121772 0.026938353
58833.717786 24.115746 0.02495825
58833.718352 24.153537 0.026965012
58833.718933 24.109998 0.024960542
58833.719515 24.094917 0.025961235
58833.720081 24.034292 0.026930973
58833.720652 24.139462 0.025947299
58833.721229 24.119618 0.025963114
58833.721798 24.054531 0.02294783
58833.722365 24.1659 0.02396966
58833.722938 24.097232 0.021974113
58833.723517 24.110853 0.022970491
58833.724095 24.126759 0.020974564
58833.724659 24.147104 0.023958009
58833.725228 24.125098 0.024970399
58833.725794 24.101679 0.023955891
58833.726369 24.054347 0.026907808
58833.726949 24.044205 0.026865428
58833.727521 24.035825 0.022928012
58833.728085 24.081054 0.025939683
58833.728659 24.096605 0.025946149
58833.729226 24.158222 0.024952439
58833.729803 24.155759 0.025961693
58833.730359 24.237033 0.024952064
58833.730924 24.088282 0.022973426
58833.731502 24.047943 0.02495948
58833.732059 24.050314 0.025910656
58833.732632 24.079624 0.024916902
58833.733194 24.031216 0.025924846
58833.733759 24.058176 0.029825587
58833.734321 24.046664 0.027916679
58833.734879 24.047011 0.028893213
58833.735444 24.071233 0.029864106
58833.736003 24.041718 0.030866349
58833.736571 24.052127 0.032872979
58833.737136 24.004012 0.030859736
58833.737691 24.040515 0.028930072
58833.738267 24.025026 0.030769271
58833.738823 24.072735 0.026881261
58833.739382 24.065107 0.029880704
58833.739948 24.052952 0.03186026
58833.740522 24.070088 0.03283373
58833.741085 24.026569 0.031711101
58833.741647 24.101998 0.028904007
58833.742215 24.031481 0.027920454
58833.742788 23.992814 0.025866981
58833.743365 24.078259 0.028917077
58833.743953 24.083224 0.031886756
58833.744526 24.10213 0.02987068
58833.745093 24.120777 0.026939011
58833.745664 24.0564 0.024946144
58833.746226 24.137261 0.027938533
58833.746789 24.021422 0.02495599
58833.747358 24.111929 0.02396353
58833.747921 24.116852 0.023961951
58833.748478 24.105473 0.024955503
58833.749035 24.16871 0.023965463
58833.749599 24.133785 0.023966767
58833.750168 24.0263 0.022909514
58833.750733 24.100996 0.027916478
58833.751298 24.034766 0.025891888
58833.751854 24.03767 0.030795035
58833.752416 24.088337 0.029906917
58833.752988 24.086024 0.026918102
58833.753539 24.100665 0.026926137
58833.7541 24.107353 0.02295786
58833.754655 24.137207 0.024953841
58833.75523 24.119414 0.024966892
58833.755803 24.039837 0.026958884
58833.756377 24.099152 0.026963603
58833.756948 24.115861 0.026957945
58833.757519 24.102868 0.02796445
58833.758074 24.111715 0.022968308
58833.758639 24.10416 0.029940889
58833.759204 24.088331 0.031919151
58833.759765 24.139794 0.025961749
58833.760341 24.209435 0.027964925
58833.760921 24.085431 0.031960315
58833.761489 24.079757 0.032918708
58833.76205 24.041251 0.027962317
58833.762618 24.165879 0.029940084
58833.763196 24.082568 0.025974887
58833.763771 24.120991 0.025974775
58833.764345 24.139417 0.026969266
58833.764904 24.092421 0.026969776
58833.765469 24.088943 0.025972653
58833.766035 24.181581 0.030968539
58833.766604 24.117961 0.027966483
58833.767179 24.130137 0.025972038
58833.767754 24.0966 0.025977603
58833.768337 24.075484 0.024956017
58833.768906 24.103908 0.026970168
58833.769468 24.050123 0.025960804
58833.770037 24.132469 0.025967409
58833.770609 24.123203 0.029968403
58833.771176 24.020228 0.030929257
58833.77175 24.070102 0.03294454
58833.772312 24.057739 0.031935833
58833.772873 24.048345 0.030893097
58833.773436 24.037035 0.036867558
58833.774013 24.064954 0.04078945
58833.774581 24.113785 0.037862594
58833.775149 24.03062 0.032914619
58833.775718 23.999117 0.032905587
58833.776274 24.017862 0.031902495
58833.776849 24.052301 0.031945665
58833.777425 24.072118 0.034945332
58833.777996 24.091008 0.033915557
58833.778564 24.086262 0.031946766
58833.779126 24.063923 0.031931763
58833.779701 24.094958 0.030908007
58833.780275 24.092023 0.031914516
58833.780836 24.083166 0.032865556
58833.781394 24.077058 0.037901959
58833.781959 24.09712 0.031925231
58833.78252 24.118729 0.033932647
58833.783078 24.073772 0.03391284
58833.783656 24.003248 0.029941956
58833.784224 24.077372 0.032960147
58833.784791 24.107518 0.029949463
58833.785359 24.084752 0.028960873
58833.785923 24.104362 0.027962965
58833.786499 24.202597 0.027965475
58833.787075 24.04119 0.029952186
58833.787657 24.112777 0.03096362
58833.788243 24.119105 0.031955461
58833.788815 24.072073 0.028949635
58833.789431 24.120293 0.024969695
58833.789993 24.106852 0.027963423
58833.790558 24.161132 0.022982566
58833.791114 24.090424 0.025968193
58833.791692 24.129372 0.027977753
58833.792254 24.151017 0.024969656
58833.792819 24.017686 0.022974757
58833.793386 24.103341 0.02396692
58833.793945 24.108899 0.024971941
58833.794517 24.038327 0.023967224
58833.79508 24.106725 0.023967319
58833.795646 24.108478 0.021979348
58833.796225 24.140909 0.023975976
58833.79679 24.130789 0.025978845
58833.797352 24.091803 0.023980823
58833.797908 24.11809 0.02397626
58833.798484 24.150912 0.022977802
58833.799061 24.120599 0.022981377
58833.799624 24.136527 0.022961542
58833.800185 24.15549 0.023980208
58833.800756 24.114142 0.024972149
58833.801313 24.133915 0.022959128
58833.801876 24.183604 0.022971025
58833.802443 24.077059 0.024969382
58833.803031 24.0718 0.023980093
58833.803608 24.121697 0.023974204
58833.804175 24.073097 0.023979881
58833.804741 24.143758 0.023983314
58833.805316 24.116571 0.021982627
58833.805876 24.129424 0.024971039
58833.806445 24.114155 0.024982227
58833.807016 24.101446 0.025978255
58833.807582 24.12366 0.024967179
58833.80816 24.114697 0.024973482
58833.808724 24.09484 0.02198244
58833.809281 24.105332 0.022973285
58833.809857 24.143636 0.0259785
58833.810432 24.150111 0.024980075
58833.811002 24.121276 0.026976732
58833.81157 24.12878 0.0279781
58833.812141 24.142975 0.025979733
58833.81271 24.108688 0.022982038
58833.813283 24.153998 0.024976867
58833.81385 24.10019 0.020979031
58833.814425 24.125745 0.021981105
58833.81499 24.128343 0.02198327
58833.815567 24.153536 0.026976163
58833.816133 24.10539 0.021981268
58833.816698 24.204067 0.026975287
58833.817289 24.071474 0.024957826
58833.817864 24.045977 0.027971799
58833.818429 24.087801 0.025972881
58833.819011 24.107985 0.024968087
58833.819573 24.132031 0.027966123
58833.820146 24.13338 0.02596397
58833.82073 24.065441 0.021972183
58833.821295 24.134159 0.025965158
58833.821869 24.163676 0.029974582
58833.822431 24.194163 0.030972241
58833.822986 24.133509 0.027976603
58833.823546 24.13424 0.031968795
58833.824122 24.132066 0.029964748
58833.82469 24.159703 0.031952978
58833.82527 24.084159 0.028975246
58833.825842 24.101876 0.033971529
58833.826414 24.073842 0.028962794
58833.826987 24.110421 0.027970131
58833.827559 24.128188 0.029964786
58833.828123 24.054856 0.022975015
58833.828694 24.143768 0.025955262
58833.829263 24.129709 0.024967209
58833.829826 24.122525 0.024966118
58833.830398 24.089182 0.026946947
58833.830961 24.11062 0.025953587
58833.831526 24.115279 0.023972506
58833.832097 24.100089 0.023966671
58833.83267 24.111577 0.023958295
58833.833228 24.196573 0.026969173
58833.833798 24.214272 0.025967222
58833.834371 24.121602 0.02794941
58833.834936 24.116919 0.025967187
58833.83551 24.046011 0.022964426
58833.836083 24.155741 0.02297473
58833.836648 24.163311 0.027947561
58833.837231 24.11114 0.024967725
58833.837806 24.08704 0.028938456
58833.83839 24.065058 0.024957455
58833.838952 24.070781 0.028936025
58833.839512 24.126326 0.027965275
58833.840078 24.095288 0.030965055
58833.840638 24.128843 0.026957912
58833.841214 24.096116 0.027969747
58833.841784 24.132422 0.023975544
58833.842354 24.101064 0.026972163
58833.842932 24.116393 0.027968439
58833.8435 24.102043 0.027964654
58833.844068 24.205812 0.027973546
58833.84464 24.135823 0.025973618
58833.845192 24.129332 0.025976152
58833.845764 24.14499 0.02398264
58833.846315 24.100522 0.026977121
58833.846882 24.137482 0.026978962
58833.847447 24.168705 0.027979003
58833.848017 24.130829 0.030965035
58833.848583 24.080835 0.032972532
58833.849139 24.059966 0.028970965
58833.849713 24.10158 0.029962071
58833.850286 24.087742 0.027975413
