HJD mag magerr
58833.526351 24.844482 0.12471385
58833.526938 24.709152 0.10572246
58833.527497 24.723753 0.084897695
58833.528073 24.699945 0.095737604
58833.52864 24.803761 0.0728322
58833.529223 24.76552 0.092643126
58833.529794 24.663413 0.090410594
58833.530369 24.847489 0.061805444
58833.530936 24.89436 0.062823984
58833.531508 24.749771 0.042886846
58833.532068 24.808347 0.043926681
58833.532639 24.7738 0.044845261
58833.533201 24.845315 0.044917687
58833.533765 24.74868 0.039919037
58833.534319 24.936462 0.052810365
58833.534878 24.721519 0.043841218
58833.535457 24.71953 0.04478828
58833.536022 24.784391 0.035934117
58833.536586 24.809479 0.035927362
58833.537148 24.815616 0.033930219
58833.537706 24.837762 0.035904013
58833.538275 24.801012 0.034897537
58833.538843 24.790853 0.03093864
58833.539403 24.736953 0.028934034
58833.539961 24.827026 0.027941784
58833.540691 24.759164 0.027933183
58833.54127 24.776594 0.02894003
58833.541834 24.765562 0.026953429
58833.542384 24.815036 0.029940765
58833.542946 24.774803 0.028944288
58833.543507 24.833172 0.028937834
58833.544071 24.777745 0.026940559
58833.544644 24.766721 0.023965898
58833.545206 24.777785 0.028923794
58833.545767 24.769188 0.026957369
58833.54634 24.733016 0.023969978
58833.546924 24.790673 0.026951379
58833.547488 24.786007 0.026929646
58833.548053 24.787614 0.024934075
58833.548633 24.757216 0.023956479
58833.549203 24.778317 0.024964732
58833.549779 24.784442 0.025962272
58833.550355 24.795272 0.027945134
58833.550911 24.746355 0.023963605
58833.551466 24.783789 0.025948922
58833.552025 24.795692 0.029937984
58833.552609 24.83015 0.028952026
58833.553172 24.819421 0.029951253
58833.553736 24.818507 0.027943641
58833.554298 24.769776 0.026962606
58833.554862 24.802143 0.026961746
58833.55542 24.778868 0.027966312
58833.556007 24.738925 0.028954176
58833.556565 24.808214 0.029977298
58833.557125 24.73683 0.027973398
58833.557676 24.791267 0.02897828
58833.558245 24.798633 0.028967694
58833.558811 24.741464 0.025953365
58833.559373 24.853552 0.02794189
58833.559928 24.77982 0.030895672
58833.560497 24.795561 0.039636965
58833.561052 24.785406 0.029915118
58833.561629 24.88568 0.030928554
58833.562183 24.798432 0.030925693
58833.562742 24.815097 0.027943099
58833.563315 24.716975 0.026954647
58833.563889 24.808343 0.03286487
58833.564461 24.678242 0.030596755
58833.565019 24.726736 0.023937286
58833.565576 24.761639 0.018991047
58833.566153 24.766834 0.025922904
58833.566722 24.787291 0.024968964
58833.56729 24.735189 0.024947947
58833.56785 24.777098 0.027953467
58833.568406 24.777214 0.023971112
58833.568961 24.690003 0.020968065
58833.569533 24.731922 0.020975603
58833.570095 24.753058 0.021977378
58833.57065 24.77403 0.020981858
58833.57121 24.767777 0.02197494
58833.571768 24.764792 0.025952538
58833.572322 24.789104 0.022980935
58833.572898 24.710079 0.023964278
58833.573468 24.825753 0.025936505
58833.574037 24.832548 0.028916383
58833.574593 24.758159 0.027917904
58833.575159 24.829039 0.037622196
58833.575726 24.800719 0.028853676
58833.576286 24.82646 0.031854503
58833.576839 24.734477 0.026893529
58833.577403 24.746198 0.024930166
58833.577964 24.76746 0.025961205
58833.578544 24.737523 0.025949516
58833.579114 24.777895 0.024947782
58833.579688 24.780728 0.027919857
58833.580238 24.812708 0.031909847
58833.58081 24.76698 0.026873368
58833.581375 24.796298 0.026916232
58833.581944 24.765969 0.026930849
58833.582509 24.795214 0.026943319
58833.58308 24.833148 0.026928303
58833.583647 24.800335 0.030892785
58833.584215 24.806951 0.031806888
58833.584762 24.80622 0.029879359
58833.585316 24.804773 0.030836455
58833.585886 24.746209 0.022936967
58833.586442 24.805284 0.027935818
58833.587001 24.693717 0.027923581
58833.587566 24.818842 0.037856093
58833.58814 24.765891 0.034864312
58833.588711 24.772199 0.022962348
58833.589285 24.802568 0.020958728
58833.589857 24.73955 0.031775212
58833.590423 24.801673 0.030861166
58833.590994 24.700554 0.034787731
58833.591559 24.769768 0.047703162
58833.592112 24.813871 0.04173497
58833.592665 24.764008 0.043737539
58833.593224 24.826331 0.049766978
58833.593796 24.862587 0.046849668
58833.594369 24.790343 0.047733311
58833.59492 24.758006 0.047667297
58833.595528 24.800442 0.039805356
58833.596082 24.850607 0.042844199
58833.596665 24.899809 0.038866684
58833.597231 24.794876 0.034889794
58833.597797 24.775332 0.031910814
58833.59838 24.794058 0.026950712
58833.598947 24.771557 0.023954226
58833.599512 24.806983 0.028924471
58833.60009 24.873102 0.030939271
58833.600655 24.752052 0.02695517
58833.601221 24.769365 0.025946782
58833.601788 24.783224 0.028923428
58833.602358 24.727362 0.026957402
58833.602926 24.884501 0.030943685
58833.60349 24.803244 0.036822567
58833.604047 24.771792 0.027947682
58833.604615 24.818055 0.031902991
58833.605171 24.793304 0.036887924
58833.605736 24.800105 0.035903785
58833.606292 24.833347 0.036924477
58833.606846 24.723419 0.034860253
58833.607409 24.822586 0.034892584
58833.607972 24.869859 0.03587584
58833.608554 24.872688 0.037889132
58833.609122 24.766855 0.034895727
58833.609691 24.792214 0.033866477
58833.61027 24.774543 0.033897336
58833.610843 24.783212 0.028910231
58833.611415 24.826001 0.027872482
58833.611993 24.806213 0.030844011
58833.612577 24.798869 0.02986047
58833.613137 24.795832 0.033809907
58833.613696 24.768273 0.030786097
58833.614278 24.768978 0.029847476
58833.614853 24.741123 0.030826687
58833.615407 24.883399 0.033848727
58833.615983 24.821961 0.030879773
58833.616534 24.818476 0.033861037
58833.617093 24.831448 0.036887856
58833.617655 24.811089 0.030928703
58833.618216 24.76063 0.028923038
58833.618781 24.756999 0.030915101
58833.619336 24.791329 0.029910716
58833.619908 24.826351 0.032920232
58833.620489 24.819072 0.028936164
58833.621073 24.802694 0.029945055
58833.621643 24.8063 0.032863834
58833.622212 24.752494 0.027920785
58833.622786 24.814448 0.034896832
58833.623339 24.770466 0.031906702
58833.623898 24.770377 0.028940349
58833.624467 24.771175 0.027943557
58833.625042 24.755561 0.029928811
58833.625625 24.793978 0.028939665
58833.626195 24.754946 0.027941331
58833.626758 24.820209 0.028942882
58833.627345 24.729838 0.023955402
58833.627901 24.831381 0.026964923
58833.628481 24.76202 0.024961141
58833.629058 24.752795 0.026933093
58833.629625 24.803955 0.026966607
58833.630194 24.796535 0.027965504
58833.630754 24.776878 0.026962197
58833.631339 24.678979 0.026920348
58833.631919 24.781972 0.033892059
58833.632476 24.779493 0.033893554
58833.633035 24.772541 0.033865459
58833.633609 24.706824 0.033799758
58833.634176 24.794615 0.039933359
58833.63477 24.849747 0.031904043
58833.63533 24.779307 0.02793584
58833.635896 24.798492 0.030900345
58833.636454 24.749275 0.024965191
58833.637031 24.74275 0.027940544
58833.637603 24.786202 0.030924241
58833.638178 24.743727 0.029912024
58833.638751 24.786802 0.028943173
58833.639317 24.759 0.027941066
58833.639885 24.784527 0.026947673
58833.640451 24.777121 0.025961873
58833.641017 24.758391 0.024957301
58833.641587 24.814042 0.0279689
58833.642165 24.801479 0.027961492
58833.642733 24.745155 0.02694448
58833.643298 24.809531 0.029962176
58833.643881 24.816827 0.026969056
58833.644463 24.79257 0.028967828
58833.645038 24.765679 0.027952031
58833.645621 24.758536 0.028947927
58833.646196 24.757441 0.028949258
58833.646775 24.81145 0.025969776
58833.647352 24.761351 0.028951669
58833.647947 24.7811 0.028947077
58833.648518 24.773019 0.027975784
58833.649091 24.7481 0.026971232
58833.649661 24.786808 0.026969448
58833.650234 24.771115 0.026972368
58833.650812 24.796754 0.029956073
58833.651385 24.797411 0.029949213
58833.651942 24.765243 0.029944237
58833.652501 24.763744 0.026966513
58833.653051 24.760336 0.026978878
58833.653627 24.780141 0.028978027
58833.654196 24.778807 0.032946387
58833.654761 24.767945 0.026971458
58833.655332 24.800178 0.030950141
58833.655903 24.783496 0.027974956
58833.656459 24.763568 0.027974668
58833.657018 24.761985 0.025976589
58833.657575 24.736493 0.028961304
58833.658134 24.782647 0.02996818
58833.658729 24.775299 0.029949222
58833.659291 24.787117 0.03097226
58833.659866 24.762331 0.030972698
58833.660428 24.696677 0.026949036
58833.660996 24.788533 0.030954178
58833.661568 24.749217 0.028949929
58833.662129 24.718069 0.028951817
58833.662686 24.755451 0.036920865
58833.663254 24.777642 0.031954016
58833.663845 24.819197 0.032954055
58833.664399 24.762046 0.035946152
58833.664959 24.761655 0.030969773
58833.66553 24.794566 0.031975245
58833.666087 24.762384 0.030974206
58833.666661 24.741067 0.029977904
58833.66724 24.790417 0.027980109
58833.667808 24.773694 0.027976361
58833.668374 24.808036 0.027982963
58833.66894 24.785019 0.031975507
58833.669515 24.762995 0.031971575
58833.670105 24.791148 0.032968252
58833.670664 24.827858 0.031965266
58833.671231 24.790406 0.036959147
58833.671792 24.772062 0.03196418
58833.672357 24.786952 0.032959963
58833.672921 24.776629 0.030975832
58833.6735 24.77045 0.033954617
58833.674063 24.780692 0.029972391
58833.674632 24.75643 0.035937036
58833.675223 24.810908 0.038902903
58833.67579 24.772851 0.038927478
58833.67635 24.728284 0.037934845
58833.676916 24.762019 0.037954594
58833.677484 24.763952 0.036952983
58833.678056 24.805768 0.044891923
58833.678616 24.780761 0.04086437
58833.679182 24.75699 0.044870053
58833.679761 24.826925 0.047815685
58833.680323 24.885241 0.064709056
58833.680894 24.782701 0.051786285
58833.681455 24.760224 0.052785503
58833.68202 24.752019 0.047852436
58833.682591 24.828684 0.050719307
58833.683157 24.794397 0.046888071
58833.683728 24.79941 0.048827265
58833.68429 24.800556 0.049783915
58833.684864 24.774389 0.039923192
58833.685427 24.728319 0.039918995
58833.686006 24.797557 0.043893914
58833.68663 24.789709 0.040922331
58833.687197 24.760821 0.038952136
58833.687766 24.815563 0.043957885
58833.688335 24.812828 0.041924802
58833.6889 24.748278 0.041921427
58833.689473 24.680073 0.038945844
58833.690035 24.77736 0.037917427
58833.690606 24.777677 0.038927021
58833.691182 24.841381 0.040938825
58833.691769 24.743209 0.039896326
58833.692334 24.838625 0.045887192
58833.692912 24.771017 0.041870209
58833.693482 24.749903 0.034937491
58833.694055 24.774169 0.039901775
58833.694629 24.86528 0.043950414
58833.695214 24.767788 0.041924802
58833.695788 24.780108 0.038950714
58833.696709 24.82814 0.041948201
58833.697282 24.706353 0.045900953
58833.697854 24.747174 0.042900875
58833.698426 24.762315 0.045941599
58833.698997 24.77428 0.050923385
58833.699574 24.849951 0.042950552
58833.700162 24.789796 0.040939887
58833.700738 24.753225 0.041925405
58833.701314 24.780101 0.041953593
58833.701879 24.724338 0.051960546
58833.702433 24.751859 0.044962251
58833.702997 24.7801 0.034969088
58833.703569 24.780917 0.035967085
58833.704138 24.770273 0.035977925
58833.704693 24.716168 0.039968181
58833.705269 24.73201 0.035962919
58833.705842 24.738019 0.039933531
58833.706416 24.687623 0.039954517
58833.706995 24.79256 0.035975615
58833.70756 24.769693 0.044959967
58833.708139 24.780973 0.032967264
58833.708701 24.789317 0.036941382
58833.709269 24.79054 0.03895888
58833.709837 24.778075 0.037931368
58833.710398 24.772858 0.037937425
58833.710961 24.824854 0.044938909
58833.711531 24.777288 0.039942993
58833.712096 24.812657 0.040957173
58833.712678 24.716778 0.035954546
58833.713245 24.715026 0.036950086
58833.713811 24.816073 0.036941744
58833.71438 24.733419 0.034953458
58833.714942 24.661359 0.034960165
58833.715515 24.720218 0.030961853
58833.716099 24.753317 0.033970321
58833.716662 24.761135 0.034966967
58833.717217 24.750527 0.030965296
58833.717786 24.770206 0.035941969
58833.718352 24.758362 0.035953655
58833.718933 24.760395 0.035957786
58833.719515 24.823052 0.041945441
58833.720081 24.774379 0.040895123
58833.720652 24.814415 0.035962577
58833.721229 24.778157 0.03595395
58833.721798 24.878055 0.040953004
58833.722365 24.757577 0.033961562
58833.722938 24.785235 0.031961875
58833.723517 24.754971 0.036938328
58833.724095 24.761132 0.03296792
58833.724659 24.785048 0.036958887
58833.725228 24.714668 0.030960032
58833.725794 24.815198 0.03891077
58833.726369 24.792371 0.039900835
58833.726949 24.858156 0.042919284
58833.727521 24.812929 0.038897279
58833.728085 24.76644 0.036910098
58833.728659 24.812782 0.036947795
58833.729226 24.789212 0.037926969
58833.729803 24.732422 0.035923406
58833.730359 24.731657 0.033956309
58833.730924 24.760069 0.031962728
58833.731502 24.776751 0.037946172
58833.732059 24.777255 0.043899219
58833.732632 24.741996 0.041915246
58833.733194 24.724769 0.036915607
58833.733759 24.789868 0.039902108
58833.734321 24.850115 0.0468746
58833.734879 24.829998 0.049904501
58833.735444 24.735904 0.044859442
58833.736003 24.844491 0.054877544
58833.736571 24.658347 0.052850446
58833.737136 24.863525 0.048821572
58833.737691 24.779973 0.044906594
58833.738267 24.789242 0.051775823
58833.738823 24.774632 0.04289102
58833.739382 24.745215 0.042881358
58833.739948 24.763976 0.044854927
58833.740522 24.846242 0.051840923
58833.741085 24.82006 0.057641998
58833.741647 24.783766 0.046906108
58833.742215 24.755965 0.041905507
58833.742788 24.747464 0.040867434
58833.743365 24.797886 0.046896639
58833.743953 24.800267 0.046900271
58833.744526 24.772726 0.037922373
58833.745093 24.819269 0.041904011
58833.745664 24.750895 0.038925792
58833.746226 24.771582 0.043939917
58833.746789 24.746631 0.037938509
58833.747358 24.749054 0.033954684
58833.747921 24.808621 0.039950341
58833.748478 24.748924 0.033957692
58833.749035 24.786301 0.03695715
58833.749599 24.757866 0.031958075
58833.750168 24.799594 0.03890961
58833.750733 24.821003 0.039904485
58833.751298 24.747945 0.041795803
58833.751854 24.851895 0.050881191
58833.752416 24.764723 0.042917515
58833.752988 24.703122 0.039920362
58833.753539 24.724849 0.03889874
58833.7541 24.771841 0.03790487
58833.754655 24.76672 0.037935827
58833.75523 24.762655 0.035958413
58833.755803 24.778142 0.039946469
58833.756377 24.731178 0.039947911
58833.756948 24.81026 0.03797202
58833.757519 24.752777 0.038967195
58833.758074 24.850478 0.039970436
58833.758639 24.743602 0.043927688
58833.759204 24.800517 0.053933493
58833.759765 24.814006 0.047936707
58833.760341 24.746767 0.042953348
58833.760921 24.801013 0.043962895
58833.761489 24.697602 0.046921678
58833.76205 24.739165 0.041946818
58833.762618 24.757462 0.0429456
58833.763196 24.787341 0.043938627
58833.763771 24.724503 0.040968802
58833.764345 24.759099 0.037958362
58833.764904 24.789736 0.049941139
58833.765469 24.809348 0.038972884
58833.766035 24.769573 0.038969454
58833.766604 24.768222 0.037964138
58833.767179 24.771678 0.038960602
58833.767754 24.749592 0.037969583
58833.768337 24.74402 0.039958894
58833.768906 24.813685 0.038966738
58833.769468 24.762533 0.040961903
58833.770037 24.759735 0.041956293
58833.770609 24.749782 0.042965288
58833.771176 24.739143 0.049903882
58833.77175 24.794449 0.045934258
58833.772312 24.874107 0.05591078
58833.772873 24.844366 0.059878395
58833.773436 24.706692 0.06086163
58833.774013 24.786113 0.063872456
58833.774581 24.788567 0.055911112
58833.775149 24.781987 0.05786731
58833.775718 24.758033 0.052903247
58833.776274 24.810428 0.054896192
58833.776849 24.847831 0.052949413
58833.777425 24.77565 0.055949429
58833.777996 24.715622 0.048918101
58833.778564 24.70335 0.047928791
58833.779126 24.76024 0.051906314
58833.779701 24.72276 0.051898398
58833.780275 24.719562 0.048905155
58833.780836 24.909989 0.05887986
58833.781394 24.886402 0.062872562
58833.781959 24.754069 0.049934577
58833.78252 24.802058 0.051933484
58833.783078 24.76029 0.050914358
58833.783656 24.794031 0.048923346
58833.784224 24.780952 0.050932864
58833.784791 24.879988 0.048954263
58833.785359 24.747212 0.043954498
58833.785923 24.757698 0.041963194
58833.786499 24.811015 0.051950185
58833.787075 24.75974 0.04591137
58833.787657 24.801367 0.050962794
58833.788243 24.731632 0.041953125
58833.788815 24.854161 0.044951928
58833.789431 24.810086 0.039968689
58833.789993 24.779909 0.042967497
58833.790558 24.800875 0.036974557
58833.791114 24.82666 0.044956844
58833.791692 24.746391 0.036968758
58833.792254 24.77192 0.031966784
58833.792819 24.752458 0.039953705
58833.793386 24.714672 0.034952966
58833.793945 24.782311 0.03096396
58833.794517 24.772519 0.035964459
58833.79508 24.749669 0.035958901
58833.795646 24.736767 0.036956701
58833.796225 24.770982 0.03196789
58833.79679 24.77997 0.033974419
58833.797352 24.763845 0.031976521
58833.797908 24.799271 0.035975265
58833.798484 24.788811 0.034975973
58833.799061 24.744853 0.031962388
58833.799624 24.667838 0.028971096
58833.800185 24.76959 0.035966399
58833.800756 24.837117 0.032971844
58833.801313 24.829041 0.03497158
58833.801876 24.72427 0.032961422
58833.802443 24.744148 0.035957042
58833.803031 24.725326 0.036976161
58833.803608 24.738708 0.033973411
58833.804175 24.791669 0.035978283
58833.804741 24.838864 0.03797277
58833.805316 24.707458 0.032982151
58833.805876 24.767019 0.039968132
58833.806445 24.759213 0.034980708
58833.807016 24.727239 0.038969137
58833.807582 24.842153 0.038965569
58833.80816 24.795208 0.041973847
58833.808724 24.751774 0.036974128
58833.809281 24.76604 0.032969479
58833.809857 24.747976 0.039972304
58833.810432 24.776055 0.036975042
58833.811002 24.788584 0.041976523
58833.81157 24.774547 0.040978134
58833.812141 24.699781 0.03598004
58833.81271 24.754178 0.032982545
58833.813283 24.783081 0.034976911
58833.81385 24.775564 0.032977495
58833.814425 24.755887 0.031981476
58833.81499 24.757683 0.034975536
58833.815567 24.77995 0.034978337
58833.816133 24.774066 0.034970097
58833.816698 24.730336 0.036976172
58833.817289 24.755299 0.03596787
58833.817864 24.777806 0.039962874
58833.818429 24.78478 0.037970458
58833.819011 24.790164 0.034966511
58833.819573 24.747431 0.038967573
58833.820146 24.766362 0.038949108
58833.82073 24.763618 0.033960955
58833.821295 24.791277 0.034969385
58833.821869 24.802362 0.042969481
58833.822431 24.715102 0.042968903
58833.822986 24.844775 0.043969881
58833.823546 24.723271 0.044966873
58833.824122 24.720107 0.042962488
58833.82469 24.730222 0.043972073
58833.82527 24.780515 0.052967334
58833.825842 24.757388 0.046963977
58833.826414 24.794459 0.043963557
58833.826987 24.807196 0.041967527
58833.827559 24.78513 0.039963104
58833.828123 24.864641 0.047972967
58833.828694 24.793932 0.041968942
58833.829263 24.657177 0.036965241
58833.829826 24.756238 0.035966457
58833.830398 24.786779 0.042960583
58833.830961 24.763658 0.038956611
58833.831526 24.823663 0.036972047
58833.832097 24.846062 0.03897165
58833.83267 24.822912 0.033972868
58833.833228 24.773185 0.036957927
58833.833798 24.735492 0.036966946
58833.834371 24.736107 0.039964611
58833.834936 24.752287 0.033969228
58833.83551 24.711777 0.033972447
58833.836083 24.802355 0.032972464
58833.836648 24.770041 0.037950584
58833.837231 24.749039 0.039951638
58833.837806 24.817092 0.041913774
58833.83839 24.747468 0.037952336
58833.838952 24.790178 0.045935961
58833.839512 24.804281 0.042962395
58833.840078 24.75727 0.043957143
58833.840638 24.731916 0.038968107
58833.841214 24.655045 0.039967618
58833.841784 24.740735 0.037965681
58833.842354 24.80312 0.03797169
58833.842932 24.712486 0.037969804
58833.8435 24.785227 0.040964267
58833.844068 24.737937 0.042965602
58833.84464 24.816747 0.042965215
58833.845192 24.797445 0.04395965
58833.845764 24.802216 0.037977292
58833.846315 24.797848 0.039978003
58833.846882 24.761932 0.037978366
58833.847447 24.773973 0.046976699
58833.848017 24.793927 0.047967641
58833.848583 24.730016 0.051972299
58833.849139 24.712651 0.041960156
58833.849713 24.791882 0.051965138
58833.850286 24.787964 0.046972403
