HJD mag magerr
58833.526351 24.721489 0.1127721
58833.526938 24.719207 0.10566419
58833.527497 24.74523 0.081865798
58833.528073 24.735472 0.095701395
58833.52864 24.76227 0.068827237
0.0 0.0 0.0
58833.529794 24.713112 0.091468764
58833.530369 24.602505 0.053715408
58833.530936 24.858492 0.06583211
58833.531508 24.87532 0.052878171
58833.532068 24.981001 0.048901244
58833.532639 24.71311 0.047820032
58833.533201 24.863561 0.043911813
58833.533765 24.886687 0.040931725
58833.534319 24.853526 0.053757703
0.0 0.0 0.0
58833.535457 24.952765 0.049819193
58833.536022 25.0237 0.045926685
58833.536586 24.868785 0.036936818
58833.537148 24.897221 0.032943631
58833.537706 24.981967 0.044871368
58833.538275 24.843119 0.034922535
58833.538843 24.954763 0.033943043
58833.539403 24.956663 0.035917975
58833.539961 24.964071 0.032890285
58833.540691 24.885915 0.032948237
58833.54127 24.869729 0.027945541
58833.541834 24.931952 0.030955759
58833.542384 24.879636 0.028958959
58833.542946 24.981018 0.033928242
58833.543507 24.884296 0.030963152
58833.544071 24.895947 0.028967611
58833.544644 24.917373 0.027944951
58833.545206 25.012018 0.031941588
58833.545767 24.896406 0.02996426
58833.54634 24.915886 0.027969643
58833.546924 24.846714 0.027943403
58833.547488 24.944653 0.03091734
58833.548053 24.934816 0.030931171
58833.548633 24.903527 0.02696324
58833.549203 24.889299 0.026958685
58833.549779 24.888263 0.029964967
58833.550355 24.889957 0.029959459
58833.550911 24.888122 0.027952438
58833.551466 24.96065 0.028934228
58833.552025 24.936451 0.033924399
58833.552609 24.898989 0.033917666
58833.553172 24.956259 0.032933677
58833.553736 24.991393 0.031931187
58833.554298 24.905329 0.025970917
58833.554862 24.890813 0.026971764
58833.55542 24.904912 0.029970708
58833.556007 24.88837 0.028982061
58833.556565 24.88688 0.030978949
58833.557125 24.901251 0.02997063
58833.557676 24.901954 0.029976968
58833.558245 24.976038 0.032957821
58833.558811 24.92355 0.02995977
58833.559373 24.918803 0.032910302
58833.559928 25.139602 0.043833309
0.0 0.0 0.0
58833.561052 24.890115 0.031908732
58833.561629 24.908838 0.032863999
58833.562183 24.972727 0.033918337
58833.562742 24.882142 0.029942037
58833.563315 24.893334 0.02995445
58833.563889 24.91191 0.03785695
58833.564461 24.761725 0.035748107
58833.565019 24.931976 0.02694476
58833.565576 24.904341 0.022985038
58833.566153 24.87661 0.028915972
58833.566722 24.927842 0.029922583
58833.56729 24.870545 0.025949409
58833.56785 24.880596 0.02792465
58833.568406 24.922642 0.023971059
58833.568961 24.872348 0.023973635
58833.569533 24.884225 0.023971425
58833.570095 24.869159 0.022978737
58833.57065 24.880266 0.021987296
58833.57121 24.903179 0.023972025
58833.571768 24.910344 0.026962614
58833.572322 24.926561 0.022977046
58833.572898 24.917522 0.025957826
58833.573468 24.977771 0.030903045
58833.574037 24.941433 0.033905556
58833.574593 24.966669 0.029925324
58833.575159 24.989179 0.045552721
58833.575726 25.077274 0.036849771
58833.576286 25.229143 0.043881572
58833.576839 24.870311 0.029888773
58833.577403 24.871995 0.028932975
58833.577964 24.916519 0.028936091
58833.578544 24.917247 0.026950226
58833.579114 24.839853 0.027907455
58833.579688 24.895445 0.030914825
58833.580238 25.117017 0.037886651
58833.58081 24.874798 0.031876251
58833.581375 24.872753 0.031846933
58833.581944 24.962786 0.026931821
58833.582509 24.949307 0.025953878
58833.58308 24.888239 0.03090838
58833.583647 25.025919 0.038831355
0.0 0.0 0.0
58833.584762 25.023395 0.034875738
58833.585316 24.997984 0.035843855
58833.585886 24.982105 0.028939035
58833.586442 24.957204 0.030903176
58833.587001 24.863054 0.030843195
58833.587566 24.830505 0.039830099
58833.58814 25.054972 0.039810496
58833.588711 24.914203 0.02198605
58833.589285 25.225488 0.03592647
0.0 0.0 0.0
0.0 0.0 0.0
58833.590994 24.886846 0.036817323
58833.591559 25.03154 0.055740529
58833.592112 24.75947 0.040707557
58833.592665 24.742567 0.043718591
58833.593224 25.032883 0.057650309
58833.593796 24.712478 0.051792743
58833.594369 24.572078 0.044498858
58833.59492 24.685824 0.046686588
58833.595528 24.987706 0.045750741
58833.596082 24.93026 0.042858923
58833.596665 24.869425 0.039865406
58833.597231 25.050439 0.04284305
58833.597797 24.945798 0.037897726
58833.59838 24.886062 0.030917935
58833.598947 24.88774 0.027935538
58833.599512 24.968077 0.033910951
58833.60009 24.92635 0.032938319
58833.600655 24.920945 0.034944935
58833.601221 24.968432 0.031946851
58833.601788 24.988525 0.034910824
58833.602358 24.428081 0.067921697
58833.602926 24.992828 0.035927492
58833.60349 24.98119 0.042800758
58833.604047 24.918873 0.031930688
58833.604615 24.929801 0.035885969
58833.605171 24.988245 0.042866606
58833.605736 24.916308 0.037884183
58833.606292 24.90002 0.039870733
58833.606846 25.055068 0.041857725
58833.607409 24.867683 0.035873875
58833.607972 24.991964 0.042837941
58833.608554 24.981984 0.042845546
58833.609122 24.925663 0.039872038
58833.609691 24.984217 0.040857057
58833.61027 24.9882 0.035890936
58833.610843 24.881919 0.031888249
58833.611415 24.983683 0.034788248
58833.611993 25.01169 0.035859806
58833.612577 25.034579 0.036844004
58833.613137 25.053159 0.040821551
58833.613696 24.946435 0.037764843
58833.614278 24.911595 0.031850022
0.0 0.0 0.0
58833.615407 24.965421 0.036769969
58833.615983 24.892278 0.034865218
58833.616534 25.039843 0.035815719
58833.617093 24.97014 0.03987732
58833.617655 24.892713 0.033912745
58833.618216 24.900182 0.032907536
58833.618781 24.949567 0.034947477
58833.619336 24.891893 0.031921489
58833.619908 24.935203 0.037908233
58833.620489 24.925049 0.031921381
58833.621073 24.907546 0.031917146
58833.621643 24.988521 0.03983809
58833.622212 24.942165 0.033914079
58833.622786 25.01237 0.041804125
58833.623339 24.902404 0.034894672
58833.623898 24.959848 0.036908746
58833.624467 24.999956 0.032927705
58833.625042 25.006078 0.034913467
58833.625625 24.872607 0.029946942
58833.626195 24.884583 0.026944129
58833.626758 24.946493 0.032925154
58833.627345 24.926432 0.03195223
58833.627901 24.897015 0.027967575
58833.628481 24.87322 0.028950893
58833.629058 24.950718 0.03096262
58833.629625 24.906273 0.027956176
58833.630194 24.964416 0.030957447
58833.630754 24.84489 0.027964161
58833.631339 24.950832 0.033922843
58833.631919 24.958453 0.039832623
58833.632476 25.047099 0.045830116
58833.633035 24.881951 0.035826952
58833.633609 24.882744 0.035900319
58833.634176 24.954704 0.049927915
58833.63477 24.917684 0.035856128
58833.63533 24.908027 0.030961649
58833.635896 24.880746 0.031930064
58833.636454 24.915301 0.027948531
58833.637031 24.895272 0.032882119
58833.637603 24.845472 0.033909028
58833.638178 24.923045 0.032891378
58833.638751 24.944002 0.03295244
58833.639317 24.958257 0.030954837
58833.639885 24.849047 0.028968907
58833.640451 24.907615 0.030977868
58833.641017 24.861821 0.023967319
58833.641587 24.865684 0.028965077
58833.642165 24.884383 0.02796404
58833.642733 24.905377 0.030957348
58833.643298 24.937395 0.033952402
58833.643881 24.92979 0.029959162
58833.644463 24.892396 0.028965183
58833.645038 24.944928 0.02896125
58833.645621 24.870406 0.03093745
58833.646196 24.887227 0.030935095
58833.646775 24.939448 0.032969912
58833.647352 24.911293 0.028970738
58833.647947 24.856551 0.031951159
58833.648518 24.907432 0.027976348
58833.649091 24.859707 0.028938683
58833.649661 24.870795 0.028973935
58833.650234 24.88929 0.027974978
58833.650812 24.878284 0.028965739
58833.651385 24.888941 0.034932191
58833.651942 24.884746 0.034957116
58833.652501 24.878268 0.029968937
58833.653051 24.88506 0.032946132
58833.653627 24.886177 0.030973271
58833.654196 24.813531 0.028956402
58833.654761 24.840963 0.028962295
58833.655332 24.892715 0.031960451
58833.655903 24.892565 0.030966417
58833.656459 24.921286 0.031977065
58833.657018 24.925185 0.030972287
58833.657575 24.845008 0.029974939
58833.658134 24.851085 0.029969365
58833.658729 24.880339 0.031962421
58833.659291 24.932749 0.03097424
58833.659866 24.89361 0.034974393
58833.660428 24.898882 0.029971682
58833.660996 24.858106 0.033962213
58833.661568 24.932145 0.03196395
58833.662129 24.893876 0.031960453
58833.662686 24.839208 0.03894042
58833.663254 24.926724 0.031974358
58833.663845 24.907318 0.035946071
58833.664399 24.907847 0.035956515
58833.664959 24.883707 0.031973289
58833.66553 24.888962 0.027978424
58833.666087 24.845197 0.029982972
58833.666661 24.919486 0.031979206
58833.66724 24.873945 0.027983096
58833.667808 24.866685 0.028979121
58833.668374 24.889108 0.027984226
58833.66894 24.918622 0.032978121
58833.669515 24.944223 0.033975989
58833.670105 24.813569 0.035964639
58833.670664 24.837318 0.035955871
58833.671231 24.891595 0.034963149
58833.671792 24.860074 0.035961437
58833.672357 24.87238 0.037953443
58833.672921 24.978235 0.038953291
58833.6735 24.918619 0.034977895
58833.674063 24.832716 0.033976406
58833.674632 24.912002 0.039953795
58833.675223 24.817175 0.04189939
58833.67579 24.963375 0.043946064
58833.67635 24.900587 0.043933885
58833.676916 24.913265 0.042956727
58833.677484 24.921885 0.044952621
58833.678056 24.968143 0.042942944
58833.678616 24.928396 0.051843163
58833.679182 25.0261 0.054854907
58833.679761 24.832268 0.049851468
58833.680323 24.7338 0.057561996
58833.680894 25.010118 0.062850884
58833.681455 24.99164 0.065661629
58833.68202 24.8806 0.054752156
58833.682591 24.859717 0.05769284
58833.683157 24.990169 0.059865696
58833.683728 24.973458 0.054858728
58833.68429 24.669252 0.057741934
58833.684864 24.995506 0.052914092
58833.685427 24.941353 0.0499177
58833.686006 25.004008 0.050873711
58833.68663 24.906247 0.04194747
58833.687197 24.925061 0.042946778
58833.687766 24.960449 0.047918358
58833.688335 24.848375 0.038951986
58833.6889 24.880494 0.041960753
58833.689473 24.840437 0.041939346
58833.690035 24.883567 0.042930773
58833.690606 24.977374 0.046938958
58833.691182 24.897059 0.045926134
58833.691769 24.99805 0.045920768
58833.692334 25.028958 0.056871767
58833.692912 24.955253 0.049913327
58833.693482 24.891495 0.038932363
58833.694055 24.961006 0.04294987
58833.694629 24.909799 0.040933611
58833.695214 24.834061 0.042947225
58833.695788 24.893881 0.04094039
58833.696709 24.908468 0.043942893
58833.697282 24.819038 0.047860187
58833.697854 24.876097 0.048928815
58833.698426 24.891003 0.046941567
58833.698997 24.883886 0.050949069
58833.699574 24.9145 0.048948922
58833.700162 24.947436 0.044965822
58833.700738 24.882895 0.046941513
58833.701314 24.840881 0.041961607
58833.701879 24.890223 0.057943304
58833.702433 24.834995 0.046970803
58833.702997 24.915473 0.041975215
58833.703569 24.946513 0.039962449
58833.704138 24.93897 0.040972173
58833.704693 24.866182 0.038973186
58833.705269 24.892066 0.040957074
58833.705842 24.910052 0.043963293
58833.706416 24.886727 0.05194867
58833.706995 24.907348 0.040970096
58833.70756 24.869896 0.045965998
58833.708139 24.927615 0.03997029
58833.708701 24.876068 0.036968578
58833.709269 24.868446 0.039955824
58833.709837 24.912572 0.060960257
58833.710398 24.952909 0.040955296
58833.710961 24.971344 0.048944952
58833.711531 24.886068 0.041952125
58833.712096 24.883525 0.043953147
58833.712678 24.913351 0.044943865
58833.713245 24.971641 0.039955548
58833.713811 24.87542 0.037955367
58833.71438 24.864055 0.036967491
58833.714942 24.908872 0.038969448
58833.715515 24.941099 0.039953245
58833.716099 24.89902 0.040971961
58833.716662 24.896984 0.036973387
58833.717217 24.869772 0.038935493
58833.717786 24.877746 0.038954562
58833.718352 24.909537 0.041961561
58833.718933 24.955998 0.043955242
58833.719515 24.930917 0.043956612
58833.720081 25.006292 0.048924494
58833.720652 24.853462 0.038943237
58833.721229 24.919618 0.043958717
58833.721798 24.997531 0.047938176
58833.722365 24.8729 0.037965846
58833.722938 24.813232 0.033970396
58833.723517 24.899853 0.036966367
58833.724095 24.876759 0.033970247
58833.724659 24.944104 0.041951963
58833.725228 24.938098 0.036967327
58833.725794 24.931679 0.041949536
58833.726369 24.895347 0.041900692
58833.726949 24.841205 0.044857406
58833.727521 24.955825 0.042918623
58833.728085 24.945054 0.042934269
58833.728659 24.843605 0.04094164
58833.729226 24.876222 0.036948593
58833.729803 24.907759 0.04095756
58833.730359 24.915033 0.034948603
58833.730924 24.896282 0.033970198
58833.731502 24.880943 0.040954503
58833.732059 24.958314 0.045896845
58833.732632 24.863624 0.043908205
58833.733194 24.904216 0.045917497
58833.733759 24.817176 0.046817586
58833.734321 24.983664 0.051909137
58833.734879 24.944011 0.052884211
58833.735444 25.003233 0.06085206
58833.736003 24.768718 0.057855953
58833.736571 24.870127 0.058864475
58833.737136 24.887012 0.059848443
58833.737691 24.831515 0.045923739
58833.738267 24.889026 0.053757525
58833.738823 24.788735 0.043871378
58833.739382 24.856107 0.050871944
58833.739948 24.789952 0.049852049
58833.740522 24.998088 0.057822728
58833.741085 24.695569 0.057696269
58833.741647 24.906998 0.051896098
58833.742215 24.929481 0.050913402
58833.742788 24.926814 0.049852638
58833.743365 24.948259 0.050908419
58833.743953 24.828224 0.049880138
58833.744526 24.92013 0.050864119
58833.745093 24.947777 0.044933843
58833.745664 24.9504 0.0479382
58833.746226 24.874261 0.040934563
58833.746789 24.871422 0.037951183
58833.747358 24.921929 0.03795894
58833.747921 24.910852 0.039956798
58833.748478 24.940473 0.039951416
58833.749035 24.86571 0.03596149
58833.749599 24.823785 0.034963143
58833.750168 24.9553 0.044897162
58833.750733 24.948996 0.047909563
58833.751298 24.898766 0.045881238
58833.751854 24.89667 0.055784245
58833.752416 24.924337 0.046900864
58833.752988 25.006024 0.046910744
58833.753539 24.907665 0.040920682
58833.7541 24.894353 0.039951324
58833.754655 24.931207 0.0399496
58833.75523 24.887414 0.036963453
58833.755803 24.887837 0.044954386
58833.756377 24.905152 0.043959746
58833.756948 24.928861 0.042954616
58833.757519 24.927868 0.043961103
58833.758074 24.891715 0.042963005
58833.758639 24.87516 0.048935612
58833.759204 24.824331 0.049914458
58833.759765 24.914794 0.047956705
58833.760341 25.024435 0.049961004
58833.760921 24.899431 0.047957548
58833.761489 24.870757 0.060911413
58833.76205 24.870251 0.041959039
58833.762618 24.880879 0.044936491
58833.763196 24.930568 0.04197148
58833.763771 24.919991 0.048971387
58833.764345 24.829417 0.043966013
58833.764904 24.847421 0.046966288
58833.765469 24.920943 0.043969398
58833.766035 25.031581 0.052965719
58833.766604 24.896961 0.045963112
58833.767179 24.892137 0.046968439
58833.767754 24.8706 0.048973931
58833.768337 24.921484 0.045951232
58833.768906 24.873908 0.042966457
58833.769468 24.906123 0.050955321
58833.770037 24.826469 0.047963116
58833.770609 24.901203 0.050965438
58833.771176 24.849228 0.049923368
58833.77175 24.853102 0.051940519
58833.772312 24.949739 0.055930172
58833.772873 24.842345 0.053885454
58833.773436 24.797035 0.066860002
58833.774013 24.800954 0.066783107
58833.774581 24.884785 0.063857858
58833.775149 25.05962 0.076907493
58833.775718 24.901117 0.063898757
58833.776274 24.895862 0.064894774
58833.776849 24.888301 0.062940243
58833.777425 24.762118 0.062940997
58833.777996 24.894008 0.060910187
58833.778564 24.814262 0.05194252
58833.779126 24.954923 0.059925256
58833.779701 24.851958 0.056901039
58833.780275 24.980023 0.061908043
58833.780836 25.022166 0.06785521
58833.781394 24.847058 0.066895196
58833.781959 24.90912 0.05291908
58833.78252 24.942729 0.060928379
58833.783078 24.768772 0.051908403
58833.783656 24.882248 0.057935643
58833.784224 24.867372 0.055955526
58833.784791 24.935518 0.053944365
58833.785359 24.918752 0.051955805
58833.785923 24.939362 0.04795902
58833.786499 24.910597 0.050960655
58833.787075 24.81819 0.048947926
58833.787657 24.909777 0.048960058
58833.788243 25.023105 0.053951722
58833.788815 24.860073 0.04594613
58833.789431 24.807293 0.03996611
58833.789993 24.905852 0.048959428
58833.790558 24.920132 0.043978331
58833.791114 24.842424 0.04596332
58833.791692 24.826372 0.042975305
58833.792254 24.912017 0.042965697
58833.792819 24.839686 0.036970492
58833.793386 24.884341 0.038962597
58833.793945 24.846899 0.040967765
58833.794517 24.883327 0.037963102
58833.79508 24.905725 0.039962897
58833.795646 24.909478 0.035975449
58833.796225 24.953909 0.036973085
58833.79679 24.832789 0.035976706
58833.797352 24.858803 0.035978164
58833.797908 24.91909 0.03797328
58833.798484 24.928912 0.036974704
58833.799061 24.856599 0.032978811
58833.799624 24.859527 0.033957894
58833.800185 24.87749 0.034977607
58833.800756 24.893142 0.037969116
58833.801313 24.921915 0.035954859
58833.801876 24.891604 0.036966976
58833.802443 24.891059 0.041965504
58833.803031 24.9158 0.038976946
58833.803608 24.872697 0.033971558
58833.804175 24.855097 0.034977238
58833.804741 24.893758 0.03698049
58833.805316 24.919571 0.038978996
58833.805876 24.953424 0.044967058
58833.806445 24.851155 0.036979636
58833.807016 24.896446 0.040975414
58833.807582 24.87066 0.041963021
58833.80816 24.918697 0.038969827
58833.808724 24.87984 0.039978666
58833.809281 24.910332 0.037969411
58833.809857 24.934636 0.040975692
58833.810432 24.920111 0.043976829
58833.811002 24.969276 0.046973461
58833.81157 24.89778 0.040975896
58833.812141 24.846975 0.037977423
58833.81271 24.838688 0.035979133
58833.813283 24.923998 0.040973427
58833.81385 24.88319 0.032975627
58833.814425 24.836745 0.034977683
58833.81499 24.904343 0.035980112
58833.815567 24.911536 0.037973818
58833.816133 24.90339 0.038977352
58833.816698 24.867067 0.045971906
58833.817289 24.958474 0.044953344
58833.817864 24.888977 0.042968694
58833.818429 24.867801 0.039969477
58833.819011 24.860985 0.043963807
58833.819573 24.930031 0.041963177
58833.820146 24.90738 0.041959941
58833.82073 24.858441 0.035967831
58833.821295 24.969159 0.041961262
58833.821869 24.911676 0.047971912
58833.822431 24.923163 0.048969527
58833.822986 24.776509 0.039974367
58833.823546 24.83924 0.048966043
58833.824122 24.899066 0.04496202
58833.82469 24.912703 0.054949875
58833.82527 24.816159 0.053971325
58833.825842 24.879876 0.049969411
58833.826414 24.901842 0.050958085
58833.826987 24.894421 0.043966712
58833.827559 25.000188 0.051961397
58833.828123 24.906856 0.050969141
58833.828694 24.904768 0.04395114
58833.829263 24.960709 0.041963054
58833.829826 24.939525 0.043961572
58833.830398 24.871182 0.042942737
58833.830961 24.86862 0.038950014
58833.831526 24.860279 0.036969195
58833.832097 24.903089 0.037962478
58833.83267 24.895577 0.036954385
58833.833228 24.860573 0.036966821
58833.833798 25.004272 0.041963558
58833.834371 24.875602 0.046944154
58833.834936 24.945919 0.04096365
58833.83551 24.962011 0.040958757
58833.836083 24.856741 0.035970637
58833.836648 24.848311 0.044943606
58833.837231 24.89314 0.042963512
58833.837806 24.93104 0.047932531
58833.83839 24.862058 0.041950894
58833.838952 24.829781 0.049929525
58833.839512 24.878326 0.047960765
58833.840078 24.907288 0.04696187
58833.840638 24.899843 0.046954164
58833.841214 24.943116 0.046965928
58833.841784 24.899422 0.04497094
58833.842354 24.889064 0.043968579
58833.842932 24.838393 0.03896559
58833.8435 24.870043 0.046960991
58833.844068 24.799812 0.03797131
58833.84464 24.937823 0.047969382
58833.845192 24.902332 0.046972412
58833.845764 24.88699 0.042979006
58833.846315 24.949522 0.045973991
58833.846882 24.902482 0.046976006
58833.847447 24.897705 0.046975901
58833.848017 24.890829 0.051961976
58833.848583 24.952835 0.057969704
58833.849139 24.885966 0.054966975
58833.849713 24.79558 0.052958334
58833.850286 24.876742 0.051971912
