HJD mag magerr
58833.526351 24.82453 0.12477432
58833.526938 25.100369 0.13963282
58833.527497 24.949691 0.10482737
58833.528073 24.978487 0.10868308
58833.52864 24.833482 0.066830747
58833.529223 24.823811 0.093616721
58833.529794 24.909158 0.10161555
58833.530369 24.932823 0.07475805
58833.530936 24.844031 0.056899286
58833.531508 24.940471 0.053890626
58833.532068 24.938108 0.049907474
58833.532639 24.942549 0.049896611
58833.533201 24.859663 0.045933118
58833.533765 24.905383 0.044938445
58833.534319 24.960642 0.056729534
58833.534878 24.975599 0.049811119
58833.535457 24.898559 0.046834547
58833.536022 24.824126 0.036928109
58833.536586 24.855358 0.035943679
58833.537148 24.864252 0.032939321
58833.537706 24.887356 0.042886382
58833.538275 24.85461 0.032930168
58833.538843 24.86618 0.033933486
58833.539403 24.914106 0.033933822
58833.539961 24.938315 0.031945731
58833.540691 24.875745 0.028964541
58833.54127 24.888259 0.031931709
58833.541834 24.931391 0.032946837
58833.542384 24.876006 0.031942541
58833.542946 24.893841 0.029938111
58833.543507 24.912959 0.029954354
58833.544071 24.883739 0.02797212
58833.544644 24.883962 0.027965848
58833.545206 24.98749 0.031940452
58833.545767 24.910124 0.028954889
58833.54634 24.869443 0.025965345
58833.546924 24.925703 0.029947381
58833.547488 24.968297 0.030941177
58833.548053 24.895412 0.029946732
58833.548633 24.856975 0.025965771
58833.549203 24.928682 0.027960955
58833.549779 24.867018 0.026959569
58833.550355 24.945411 0.029945581
58833.550911 24.86381 0.027937744
58833.551466 24.890793 0.02994433
58833.552025 24.93948 0.033918926
58833.552609 24.949588 0.036917489
58833.553172 24.901958 0.029948121
58833.553736 24.907925 0.029954766
58833.554298 24.925185 0.029966827
58833.554862 24.880157 0.030965178
58833.55542 24.906631 0.026978357
58833.556007 24.910579 0.027981836
58833.556565 24.817006 0.027979937
58833.557125 24.866076 0.03097472
58833.557676 24.884059 0.032980236
58833.558245 24.898408 0.029965319
58833.558811 24.895491 0.033948151
58833.559373 24.894237 0.03193889
58833.559928 24.906963 0.032871379
58833.560497 24.864557 0.040807432
58833.561052 24.954311 0.031915024
58833.561629 24.900233 0.040906941
58833.562183 24.850503 0.03094644
58833.562742 24.899149 0.029950492
58833.563315 24.905017 0.029952247
58833.563889 24.936797 0.035842985
58833.564461 24.863277 0.037773402
58833.565019 24.933862 0.02296745
58833.565576 24.867639 0.020989567
58833.566153 25.018409 0.031932476
58833.566722 24.899002 0.027947094
58833.56729 24.836705 0.025946166
58833.56785 24.910882 0.032911422
58833.568406 24.90975 0.024976431
58833.568961 24.88112 0.025976328
58833.569533 24.892144 0.022982758
58833.570095 24.924323 0.023974494
58833.57065 24.852482 0.023985075
58833.57121 24.874783 0.024975394
58833.571768 24.912466 0.02397686
58833.572322 24.900543 0.023971559
58833.572898 24.868464 0.024962698
58833.573468 24.910253 0.03086648
58833.574037 24.958161 0.030903918
58833.574593 24.883075 0.028913861
58833.575159 24.954527 0.040733913
58833.575726 24.892156 0.031814993
58833.576286 24.900468 0.031855853
58833.576839 24.895331 0.030880659
58833.577403 24.929476 0.028954852
58833.577964 24.892116 0.025961241
58833.578544 24.843771 0.027940161
58833.579114 24.88374 0.026959665
58833.579688 24.87922 0.031921793
58833.580238 24.89079 0.030912161
58833.58081 24.91025 0.029925967
58833.581375 24.787214 0.027821429
58833.581944 24.871095 0.029914307
58833.582509 24.898521 0.026950281
58833.58308 24.925605 0.0329129
58833.583647 24.924991 0.03287713
58833.584215 24.891536 0.037794573
58833.584762 24.947412 0.029897515
58833.585316 24.918013 0.030867001
58833.585886 24.859191 0.023930513
58833.586442 24.938513 0.027936848
58833.587001 24.90095 0.028924559
58833.587566 24.961813 0.038870944
58833.58814 24.85833 0.035896453
58833.588711 24.838299 0.023970409
58833.589285 25.015694 0.026948182
58833.589857 25.023737 0.033784011
58833.590423 24.877982 0.037778584
58833.590994 25.072091 0.040810039
58833.591559 24.92076 0.050739161
58833.592112 24.888018 0.042767419
58833.592665 24.897098 0.045748189
58833.593224 24.88008 0.048820989
58833.593796 24.975419 0.054826887
58833.594369 24.940698 0.064530498
58833.59492 24.933219 0.053758365
58833.595528 24.932224 0.040794522
58833.596082 24.908575 0.040867164
58833.596665 24.945704 0.03986792
58833.597231 24.87238 0.034843604
58833.597797 24.906239 0.033914139
58833.59838 24.96778 0.0309511
58833.598947 24.916714 0.029940834
58833.599512 24.903178 0.033921871
58833.60009 24.923975 0.031942691
58833.600655 24.892684 0.034948645
58833.601221 24.850339 0.030926697
58833.601788 24.913407 0.032948759
58833.602358 24.839453 0.027937226
58833.602926 24.854916 0.033902114
58833.60349 24.879357 0.041820273
58833.604047 24.861782 0.030929928
58833.604615 24.861309 0.035892085
58833.605171 25.020501 0.046835461
58833.605736 24.914664 0.040892058
58833.606292 24.88807 0.035894647
58833.606846 24.903861 0.037870684
58833.607409 25.017398 0.040885241
58833.607972 24.918683 0.036913617
58833.608554 24.869251 0.039856484
58833.609122 24.909471 0.038902922
58833.609691 24.855722 0.034847659
58833.61027 24.878504 0.030901162
58833.610843 24.885318 0.031896631
58833.611415 24.869823 0.03188077
58833.611993 24.859245 0.033862581
58833.612577 24.890765 0.031859197
58833.613137 24.93027 0.035859703
58833.613696 24.973876 0.035839083
58833.614278 24.891413 0.03188168
58833.614853 24.96218 0.035815013
58833.615407 24.928039 0.036849899
58833.615983 24.952102 0.0358768
58833.616534 24.999609 0.031907942
58833.617093 24.885776 0.037898795
58833.617655 24.917365 0.034929387
58833.618216 24.919158 0.032935136
58833.618781 24.903051 0.035941766
58833.619336 24.897107 0.032931992
58833.619908 24.898643 0.037919593
58833.620489 24.918676 0.031927982
58833.621073 24.930969 0.032937378
58833.621643 24.910754 0.031910517
58833.622212 24.895297 0.030921313
58833.622786 24.95956 0.039883891
58833.623339 24.889186 0.033930287
58833.623898 24.862107 0.032916062
58833.624467 24.903081 0.032937116
58833.625042 24.939671 0.03392592
58833.625625 24.894512 0.03093471
58833.626195 24.82523 0.026946166
58833.626758 24.883993 0.030899505
58833.627345 24.864094 0.028959497
58833.627901 24.880396 0.028959284
58833.628481 24.909126 0.032959471
58833.629058 24.918234 0.030956298
58833.629625 24.893466 0.028960696
58833.630194 24.89445 0.026962133
58833.630754 24.895832 0.027966822
58833.631339 24.872284 0.03390703
58833.631919 24.90974 0.039811802
58833.632476 24.932231 0.04183857
58833.633035 24.913575 0.035888272
58833.633609 24.984341 0.035879148
58833.634176 24.919541 0.046924126
58833.63477 24.956264 0.036908389
58833.63533 24.914054 0.034949525
58833.635896 24.860396 0.030924722
58833.636454 24.902415 0.028964878
58833.637031 24.97356 0.035894074
58833.637603 24.864952 0.031942061
58833.638178 24.920964 0.032906202
58833.638751 24.888869 0.030960247
58833.639317 24.871339 0.0309578
58833.639885 24.950243 0.0299618
58833.640451 24.861156 0.028979176
58833.641017 24.903963 0.025977271
58833.641587 24.887745 0.028961368
58833.642165 24.933389 0.032964734
58833.642733 24.926535 0.032963937
58833.643298 24.908726 0.031959043
58833.643881 24.905198 0.030948388
58833.644463 24.924944 0.02897852
58833.645038 24.876646 0.029966574
58833.645621 24.947913 0.030945141
58833.646196 24.852449 0.031946731
58833.646775 24.855225 0.030963803
58833.647352 24.921081 0.032967158
58833.647947 24.885575 0.034939867
58833.648518 24.898991 0.036979377
58833.649091 24.88976 0.029969204
58833.649661 24.879211 0.030976791
58833.650234 24.849044 0.028977105
58833.650812 24.91317 0.029970677
58833.651385 24.887476 0.030963837
58833.651942 24.912682 0.032964035
58833.652501 24.901075 0.032974426
58833.653051 24.868797 0.029980207
58833.653627 24.872309 0.030976095
58833.654196 24.879232 0.031960798
58833.654761 24.871452 0.028968535
58833.655332 24.891961 0.029975784
58833.655903 24.858097 0.031978819
58833.656459 24.908215 0.032978932
58833.657018 24.903974 0.031982119
58833.657575 24.847597 0.029982899
58833.658134 24.904494 0.030975425
58833.658729 24.875839 0.033964537
58833.659291 24.859365 0.032969398
58833.659866 24.909443 0.032981072
58833.660428 24.890716 0.033964954
58833.660996 24.909136 0.031967254
58833.661568 24.857383 0.031966165
58833.662129 24.91632 0.035948946
58833.662686 24.868034 0.042941992
58833.663254 24.919282 0.033977925
58833.663845 24.927097 0.038922232
58833.664399 24.899428 0.035962126
58833.664959 24.860006 0.036977775
58833.66553 24.863909 0.032973473
58833.666087 24.888154 0.033980397
58833.666661 24.894857 0.025982543
58833.66724 24.887531 0.029985415
58833.667808 24.851138 0.031982804
58833.668374 24.920282 0.029980295
58833.66894 24.887607 0.037974048
58833.669515 24.865946 0.032971727
58833.670105 24.910817 0.037963712
58833.670664 24.900058 0.034962283
58833.671231 24.875626 0.042965506
58833.671792 24.87635 0.036961465
58833.672357 24.898731 0.035962753
58833.672921 24.872806 0.03795994
58833.6735 24.84879 0.034975557
58833.674063 24.893885 0.037978448
58833.674632 24.873181 0.036960623
58833.675223 24.888853 0.039910152
58833.67579 24.869046 0.041950722
58833.67635 24.890708 0.040942468
58833.676916 24.896602 0.041961439
58833.677484 24.921078 0.042955401
58833.678056 24.935326 0.042950122
58833.678616 24.866313 0.051854579
58833.679182 24.887866 0.04487397
58833.679761 24.918068 0.049804284
58833.680323 25.045778 0.07159728
58833.680894 24.865127 0.050807425
58833.681455 24.896421 0.060679961
58833.68202 24.910062 0.055788021
58833.682591 24.920783 0.058782444
58833.683157 24.881614 0.052881071
58833.683728 24.902361 0.049869149
58833.68429 24.834165 0.052777859
58833.684864 24.88957 0.045923903
58833.685427 24.86443 0.049916054
58833.686006 24.954672 0.04889024
58833.68663 24.984072 0.047949318
58833.687197 24.896917 0.042964561
58833.687766 24.940865 0.047952618
58833.688335 24.87383 0.041961607
58833.6889 24.845052 0.037950547
58833.689473 24.921705 0.045944188
58833.690035 24.93134 0.040943949
58833.690606 24.867335 0.043920494
58833.691182 24.853973 0.03795396
58833.691769 24.914629 0.042934099
58833.692334 24.903904 0.048891876
58833.692912 24.891743 0.043920073
58833.693482 24.910104 0.041935528
58833.694055 24.900574 0.041937776
58833.694629 24.899396 0.044959367
58833.695214 24.901842 0.042953014
58833.695788 24.831517 0.039947248
58833.696709 24.920645 0.046946661
58833.697282 24.875398 0.052908902
58833.697854 24.996369 0.053927519
58833.698426 24.838278 0.044946991
58833.698997 24.96182 0.053932473
58833.699574 24.906425 0.044964654
58833.700162 24.842895 0.040969387
58833.700738 24.837507 0.042957485
58833.701314 24.941078 0.04495754
58833.701879 24.886265 0.059960731
58833.702433 24.93389 0.052973688
58833.702997 24.92544 0.037977248
58833.703569 24.907664 0.040964753
58833.704138 24.869686 0.04098012
58833.704693 24.944688 0.045974781
58833.705269 24.839417 0.041965444
58833.705842 24.980254 0.043953827
58833.706416 24.894428 0.048942472
58833.706995 24.909402 0.042973735
58833.70756 24.946938 0.048958732
58833.708139 24.863491 0.039962177
58833.708701 24.904495 0.037969735
58833.709269 24.864633 0.042969676
58833.709837 24.882789 0.037967699
58833.710398 24.87638 0.039970962
58833.710961 24.828016 0.04593684
58833.711531 24.904672 0.046956033
58833.712096 24.901712 0.043953045
58833.712678 24.892018 0.041950525
58833.713245 24.871455 0.04195925
58833.713811 24.905722 0.037961651
58833.71438 24.912767 0.036968759
58833.714942 24.868823 0.040962752
58833.715515 24.890451 0.037961286
58833.716099 24.854938 0.038973794
58833.716662 24.86826 0.036975594
58833.717217 24.813437 0.034973025
58833.717786 24.86914 0.03996044
58833.718352 24.879428 0.041953437
58833.718933 24.886253 0.042959158
58833.719515 24.845934 0.042956507
58833.720081 24.897775 0.039946449
58833.720652 24.854531 0.041959671
58833.721229 24.797106 0.038948757
58833.721798 24.918663 0.046947491
58833.722365 24.904522 0.038956341
58833.722938 24.897862 0.03597315
58833.723517 24.841107 0.039957541
58833.724095 24.852346 0.033964635
58833.724659 24.858969 0.038959891
58833.725228 24.860046 0.039961183
58833.725794 24.896592 0.039961166
58833.726369 24.892539 0.04194183
58833.726949 24.888816 0.041924787
58833.727521 24.922465 0.041890402
58833.728085 24.906294 0.039910869
58833.728659 24.833422 0.038945795
58833.729226 24.848184 0.043947123
58833.729803 24.828707 0.039961951
58833.730359 24.901827 0.039951008
58833.730924 24.891376 0.034963544
58833.731502 24.879765 0.040959629
58833.732059 24.879195 0.046896501
58833.732632 24.861078 0.042940164
0.0 0.0 0.0
58833.733759 24.836312 0.041876498
58833.734321 24.98838 0.048910953
58833.734879 24.890405 0.051892329
58833.735444 24.867002 0.049845182
58833.736003 24.867905 0.056861914
58833.736571 24.890995 0.064854827
58833.737136 24.879331 0.054858845
58833.737691 24.831215 0.045902147
58833.738267 24.969155 0.058781871
58833.738823 24.915478 0.049879176
58833.739382 24.932661 0.050896555
58833.739948 24.934141 0.056837002
58833.740522 24.878676 0.053843702
58833.741085 24.909013 0.060808254
58833.741647 24.870985 0.044901538
58833.742215 24.933462 0.04992173
58833.742788 24.984168 0.052839054
58833.743365 24.927601 0.054896232
58833.743953 24.870901 0.049886396
58833.744526 24.900866 0.046910405
58833.745093 24.938364 0.041939575
58833.745664 24.850042 0.042924419
58833.746226 24.915645 0.045935085
58833.746789 24.87157 0.040935289
58833.747358 24.844197 0.038952817
58833.747921 24.914401 0.044946592
58833.748478 24.941116 0.038954286
58833.749035 24.946673 0.040952809
58833.749599 24.899103 0.039950154
58833.750168 24.851929 0.040902776
58833.750733 24.978113 0.04890977
58833.751298 25.013276 0.045864562
58833.751854 24.827386 0.050872733
58833.752416 24.91866 0.044914445
58833.752988 24.888721 0.044919917
58833.753539 24.880555 0.042929078
58833.7541 24.820362 0.03893806
58833.754655 24.848921 0.039952467
58833.75523 24.870602 0.037967751
58833.755803 24.905855 0.04694176
58833.756377 24.901723 0.043944021
58833.756948 24.811087 0.036968289
58833.757519 24.891533 0.045970921
58833.758074 24.85698 0.040967006
58833.758639 24.93077 0.054923538
58833.759204 24.832133 0.058910528
58833.759765 25.01719 0.050958683
58833.760341 24.848615 0.047959731
58833.760921 24.907986 0.050959921
58833.761489 25.022286 0.068922602
58833.76205 24.846483 0.043962123
58833.762618 24.934201 0.053946488
58833.763196 24.906057 0.047957282
58833.763771 24.867022 0.041974951
58833.764345 24.902603 0.043967624
58833.764904 24.827893 0.044973035
58833.765469 24.889312 0.039980621
58833.766035 24.921131 0.047970507
58833.766604 24.921671 0.046952511
58833.767179 24.90038 0.045974546
58833.767754 24.854632 0.044973889
58833.768337 24.887404 0.040966905
58833.768906 24.904918 0.048969213
58833.769468 24.888529 0.048948235
58833.770037 24.919422 0.046963705
58833.770609 24.857825 0.047956857
58833.771176 24.871925 0.051902814
58833.77175 25.027076 0.060924395
58833.772312 24.876939 0.058902549
58833.772873 24.858537 0.06388117
58833.773436 24.860303 0.067849057
58833.774013 24.830867 0.064866929
58833.774581 24.848715 0.058908953
58833.775149 24.973998 0.064904758
58833.775718 24.913909 0.066907135
58833.776274 24.871038 0.056934992
58833.776849 24.897057 0.05794771
58833.777425 24.933847 0.060943913
58833.777996 24.905741 0.062921806
58833.778564 24.828326 0.051943515
58833.779126 25.008707 0.061928618
58833.779701 24.897778 0.051928222
58833.780275 24.88885 0.054939433
58833.780836 24.902341 0.061856427
58833.781394 24.976769 0.072855215
58833.781959 24.929458 0.055933873
58833.78252 24.854264 0.050946884
58833.783078 24.883785 0.058899421
58833.783656 24.990156 0.06391602
58833.784224 24.919012 0.060947067
58833.784791 24.841306 0.049952067
58833.785359 24.890004 0.05595542
58833.785923 24.856628 0.044965636
58833.786499 24.875831 0.051950063
58833.787075 24.824068 0.046956367
58833.787657 24.910198 0.0499565
58833.788243 24.860721 0.048952693
58833.788815 24.921933 0.045963507
58833.789431 24.889514 0.04596963
58833.789993 24.876417 0.048960828
58833.790558 24.819982 0.044974407
58833.791114 24.908164 0.051952962
58833.791692 24.922897 0.04197086
58833.792254 24.837581 0.039953551
58833.792819 24.862833 0.039965694
58833.793386 24.927455 0.042955067
58833.793945 24.821093 0.038962628
58833.794517 24.871386 0.039966381
58833.79508 24.924886 0.036966576
58833.795646 24.883754 0.038969829
58833.796225 24.902031 0.035965661
58833.79679 24.870476 0.03997817
58833.797352 24.942531 0.037982821
58833.797908 24.925146 0.035977399
58833.798484 24.874769 0.036979368
58833.799061 24.875372 0.03397531
58833.799624 24.898874 0.039971881
58833.800185 24.879612 0.040976061
58833.800756 24.878068 0.038961862
58833.801313 24.890553 0.036969442
58833.801876 24.846271 0.035971315
58833.802443 24.898146 0.043955549
58833.803031 24.908664 0.040979328
58833.803608 24.868334 0.034972711
58833.804175 24.898387 0.038979701
58833.804741 24.872795 0.03997875
58833.805316 24.875149 0.04097773
58833.805876 24.956965 0.045970771
58833.806445 24.940835 0.041981555
58833.807016 24.857953 0.038977404
58833.807582 24.857892 0.040962948
58833.80816 24.903959 0.038976848
58833.808724 24.86794 0.040978162
58833.809281 24.855144 0.038973345
58833.809857 24.883317 0.039978026
58833.810432 24.923755 0.046970581
58833.811002 24.892498 0.042975696
58833.81157 24.897395 0.041979958
58833.812141 24.882664 0.042979527
58833.81271 24.891707 0.041981439
58833.813283 24.881615 0.038983372
58833.81385 24.967507 0.038982567
58833.814425 24.894265 0.034982272
58833.81499 24.850429 0.034982915
58833.815567 24.900158 0.037979366
58833.816133 24.903119 0.041977714
58833.816698 24.874732 0.04695747
58833.817289 24.94223 0.03897051
58833.817864 24.920363 0.042964946
58833.818429 24.928026 0.040966602
58833.819011 24.927136 0.043966426
58833.819573 24.907566 0.042974879
58833.820146 24.876471 0.038962379
58833.82073 24.896103 0.036970432
58833.821295 24.917151 0.039969933
58833.821869 24.890015 0.049968731
58833.822431 24.89811 0.049975401
58833.822986 24.865106 0.046977565
58833.823546 24.883628 0.051960629
58833.824122 24.950359 0.050958664
58833.82469 24.870948 0.050973812
58833.82527 24.914687 0.049976185
58833.825842 24.802587 0.048972217
58833.826414 24.969518 0.049957988
58833.826987 24.909379 0.047960215
58833.827559 24.90879 0.04596587
58833.828123 24.876659 0.045972211
58833.828694 24.813104 0.041957456
58833.829263 24.878181 0.041965747
58833.829826 24.87632 0.04295529
58833.830398 24.889839 0.041965676
58833.830961 24.891293 0.041967284
58833.831526 24.921866 0.039957549
58833.832097 24.853163 0.035973631
58833.83267 24.92202 0.034968209
58833.833228 24.943546 0.040967553
58833.833798 24.866882 0.03797442
58833.834371 24.944165 0.046954201
58833.834936 24.917483 0.036974196
58833.83551 24.928528 0.040971125
58833.836083 24.877627 0.03896986
58833.836648 24.876627 0.038971748
58833.837231 24.898963 0.041971102
58833.837806 24.881311 0.045936874
58833.83839 24.844443 0.039952925
58833.838952 24.892589 0.044936238
58833.839512 24.919446 0.049963669
58833.840078 24.896227 0.051954575
58833.840638 24.808864 0.038968847
58833.841214 24.921631 0.044966676
58833.841784 24.918092 0.043974619
58833.842354 24.895781 0.044971065
58833.842932 24.892663 0.043968042
58833.8435 24.945422 0.045971027
58833.844068 24.956738 0.043972568
58833.84464 24.875457 0.044970864
58833.845192 24.899928 0.049975786
58833.845764 24.889165 0.046977912
58833.846315 24.857884 0.039978772
58833.846882 24.863146 0.039981703
58833.847447 24.92473 0.056968366
58833.848017 24.934924 0.055976664
58833.848583 24.86153 0.060970368
58833.849139 24.919923 0.057973586
58833.849713 24.871477 0.051962506
58833.850286 24.807412 0.043977982
