HJD mag magerr
58833.526351 24.48553 0.094776404
58833.526938 24.449369 0.081637666
58833.527497 24.351691 0.066830926
58833.528073 24.507487 0.076687714
58833.52864 24.329482 0.045835692
58833.529223 24.462811 0.073619765
58833.529794 24.449158 0.069622352
58833.530369 24.344823 0.046766209
58833.530936 24.379031 0.042902577
58833.531508 24.329471 0.037894554
58833.532068 24.348108 0.034911257
58833.532639 24.309549 0.031902302
58833.533201 24.340663 0.031937159
58833.533765 24.306383 0.029942882
58833.534319 24.518642 0.040738068
58833.534878 24.395599 0.032820711
58833.535457 24.384559 0.031842849
58833.536022 24.305126 0.026933236
58833.536586 24.324358 0.026947425
58833.537148 24.294252 0.022945587
58833.537706 24.387356 0.028893098
58833.538275 24.34061 0.024934273
58833.538843 24.31818 0.023938441
58833.539403 24.369106 0.023938752
58833.539961 24.354315 0.022949939
58833.540691 24.314745 0.021967825
58833.54127 24.371259 0.024935381
58833.541834 24.335391 0.021951976
58833.542384 24.320006 0.022948122
58833.542946 24.333841 0.022942224
58833.543507 24.360959 0.02195804
58833.544071 24.344739 0.019975676
58833.544644 24.322962 0.01897113
58833.545206 24.38349 0.02394531
58833.545767 24.315124 0.021958244
58833.54634 24.345443 0.019969079
58833.546924 24.292703 0.01995496
58833.547488 24.301297 0.020948715
58833.548053 24.342412 0.019954405
58833.548633 24.296975 0.01996946
58833.549203 24.312682 0.019964992
58833.549779 24.347018 0.021961968
58833.550355 24.292411 0.021949983
58833.550911 24.34381 0.021940764
58833.551466 24.317793 0.020949759
58833.552025 24.32548 0.022926005
58833.552609 24.314588 0.023924613
58833.553172 24.318958 0.023952245
58833.553736 24.378925 0.022958519
58833.554298 24.312185 0.020970828
58833.554862 24.280157 0.019970418
58833.55542 24.294631 0.021980234
58833.556007 24.304579 0.021983621
58833.556565 24.283006 0.019982918
58833.557125 24.335076 0.021977439
58833.557676 24.308059 0.022982629
58833.558245 24.311408 0.023967644
58833.558811 24.357491 0.022952653
58833.559373 24.359237 0.023943876
58833.559928 24.340963 0.023882789
58833.560497 24.281557 0.026824474
58833.561052 24.376311 0.022921654
58833.561629 24.294233 0.023918436
58833.562183 24.313503 0.021952227
58833.562742 24.297149 0.020956479
58833.563315 24.375017 0.022956209
58833.563889 24.370797 0.024857307
58833.564461 24.250277 0.024791712
58833.565019 24.373862 0.016975923
58833.565576 24.319639 0.017990663
58833.566153 24.347409 0.021944823
58833.566722 24.352002 0.021951541
58833.56729 24.284705 0.019951986
58833.56785 24.277882 0.021924022
58833.568406 24.36675 0.018980213
58833.568961 24.30612 0.018979527
58833.569533 24.317144 0.017984975
58833.570095 24.346323 0.018976784
58833.57065 24.302482 0.016987795
58833.57121 24.346783 0.018977868
58833.571768 24.332466 0.017980178
58833.572322 24.330543 0.018974114
58833.572898 24.310464 0.021964575
58833.573468 24.335253 0.02387226
58833.574037 24.365161 0.022912662
58833.574593 24.330075 0.022919053
58833.575159 24.311527 0.025760684
58833.575726 24.323156 0.023827311
58833.576286 24.389468 0.02287254
58833.576839 24.297331 0.020896096
58833.577403 24.298476 0.019961005
58833.577964 24.331116 0.020964492
58833.578544 24.313771 0.0219442
58833.579114 24.33274 0.020963486
58833.579688 24.30322 0.021929014
58833.580238 24.34479 0.023917421
58833.58081 24.31225 0.020934955
58833.581375 24.241214 0.021836748
58833.581944 24.327095 0.021921282
58833.582509 24.277521 0.017959123
58833.58308 24.321605 0.021921376
58833.583647 24.363991 0.023885824
58833.584215 24.376536 0.025816074
58833.584762 24.347412 0.021912771
58833.585316 24.470013 0.024879256
58833.585886 24.333191 0.018938239
58833.586442 24.350513 0.019944948
58833.587001 24.38195 0.021930205
58833.587566 24.349813 0.027881758
58833.58814 24.31533 0.023907241
58833.588711 24.329299 0.016977828
58833.589285 24.391694 0.017965211
58833.589857 24.473737 0.021811901
58833.590423 24.249982 0.023804004
58833.590994 24.399091 0.024835115
58833.591559 24.39976 0.034756656
58833.592112 24.339018 0.030781422
58833.592665 24.361098 0.032759186
58833.593224 24.36608 0.032832154
58833.593796 24.378419 0.038839038
58833.594369 24.237698 0.03657594
58833.59492 24.271219 0.032779543
58833.595528 24.326224 0.028811516
58833.596082 24.304575 0.026878818
58833.596665 24.286704 0.029875405
58833.597231 24.30438 0.025852772
58833.597797 24.348239 0.024919597
58833.59838 24.33878 0.02195638
58833.598947 24.342714 0.020946607
58833.599512 24.313178 0.02292869
58833.60009 24.314975 0.023947364
58833.600655 24.337684 0.023952673
58833.601221 24.321339 0.022932011
58833.601788 24.334407 0.022954043
58833.602358 24.249453 0.020943802
58833.602926 24.351916 0.023909452
58833.60349 24.293357 0.026833347
58833.604047 24.334782 0.023934109
58833.604615 24.313309 0.024899856
58833.605171 24.407501 0.028846716
58833.605736 24.330664 0.026899522
58833.606292 24.36007 0.027899375
58833.606846 24.338861 0.026878498
58833.607409 24.365398 0.026893187
58833.607972 24.393683 0.026919792
58833.608554 24.334251 0.02886386
58833.609122 24.403471 0.029906926
58833.609691 24.293722 0.026855194
58833.61027 24.336504 0.023907093
58833.610843 24.255318 0.022904725
58833.611415 24.326823 0.022890135
58833.611993 24.288245 0.022874712
58833.612577 24.311765 0.022870304
58833.613137 24.33127 0.0238744
58833.613696 24.270876 0.021861268
58833.614278 24.309413 0.021895374
58833.614853 24.33018 0.024828534
58833.615407 24.339039 0.023863027
58833.615983 24.365102 0.024885698
58833.616534 24.482609 0.02391549
58833.617093 24.429776 0.029902642
58833.617655 24.331365 0.023934946
58833.618216 24.309158 0.023940834
58833.618781 24.291051 0.023946563
58833.619336 24.339107 0.022937611
58833.619908 24.363643 0.02592512
58833.620489 24.307676 0.021934624
58833.621073 24.354969 0.022942546
58833.621643 24.350754 0.024915349
58833.622212 24.352297 0.025924319
58833.622786 24.32056 0.025892638
58833.623339 24.380186 0.02493585
58833.623898 24.316107 0.023921956
58833.624467 24.346081 0.022942307
58833.625042 24.343671 0.02293238
58833.625625 24.292512 0.022939435
58833.626195 24.32823 0.022948568
58833.626758 24.330993 0.026901579
58833.627345 24.343094 0.021962506
58833.627901 24.321396 0.021962309
58833.628481 24.357126 0.021963379
58833.629058 24.317234 0.021960077
58833.629625 24.314466 0.021963615
58833.630194 24.29145 0.01996576
58833.630754 24.280832 0.021969602
58833.631339 24.229284 0.01992274
58833.631919 24.30674 0.026824482
58833.632476 24.286231 0.025851708
58833.633035 24.349575 0.024898394
58833.633609 24.289341 0.024887873
58833.634176 24.260541 0.026932024
58833.63477 24.340264 0.025914388
58833.63533 24.274054 0.020955641
58833.635896 24.311396 0.022930181
58833.636454 24.339415 0.019969658
58833.637031 24.30456 0.023900368
58833.637603 24.341952 0.023945823
58833.638178 24.347964 0.024910144
58833.638751 24.324869 0.021963682
58833.639317 24.302339 0.021961448
58833.639885 24.298243 0.02196488
58833.640451 24.315156 0.0219811
58833.641017 24.349963 0.021978697
58833.641587 24.328745 0.022963674
58833.642165 24.306389 0.021968973
58833.642733 24.323535 0.021967412
58833.643298 24.345726 0.025960821
58833.643881 24.320198 0.022951048
58833.644463 24.316944 0.02098094
58833.645038 24.307646 0.021969266
58833.645621 24.353913 0.023947463
58833.646196 24.328449 0.021950243
58833.646775 24.336225 0.022966408
58833.647352 24.334081 0.02197032
58833.647947 24.332575 0.025942314
58833.648518 24.344991 0.02198225
58833.649091 24.36776 0.022971238
58833.649661 24.314211 0.021979287
58833.650234 24.328044 0.020979685
58833.650812 24.31717 0.022972613
58833.651385 24.349476 0.02396598
58833.651942 24.358682 0.023966537
58833.652501 24.320075 0.020977998
58833.653051 24.315797 0.021982192
58833.653627 24.315309 0.021978666
58833.654196 24.306232 0.022963829
58833.654761 24.325452 0.021970869
58833.655332 24.327961 0.022977786
58833.655903 24.328097 0.023980536
58833.656459 24.304215 0.020981873
58833.657018 24.312974 0.023983568
58833.657575 24.317597 0.019985756
58833.658134 24.330494 0.021978068
58833.658729 24.288839 0.021968108
58833.659291 24.320365 0.021972342
58833.659866 24.294443 0.019984646
58833.660428 24.368716 0.023967549
58833.660996 24.300136 0.022969783
58833.661568 24.252383 0.02197003
58833.662129 24.27632 0.023951934
58833.662686 24.317034 0.028945385
58833.663254 24.330282 0.022980314
58833.663845 24.325097 0.026925693
58833.664399 24.300428 0.025964443
58833.664959 24.309006 0.023980161
58833.66553 24.282909 0.022975647
58833.666087 24.322154 0.022982517
58833.666661 24.338857 0.022983316
58833.66724 24.352531 0.024986184
58833.667808 24.309138 0.020985103
58833.668374 24.280282 0.021982271
58833.66894 24.329607 0.02397635
58833.669515 24.303946 0.025973093
58833.670105 24.340817 0.026965866
58833.670664 24.274058 0.024964816
58833.671231 24.352626 0.023969941
58833.671792 24.33135 0.025964624
58833.672357 24.326731 0.026964701
58833.672921 24.280806 0.023963502
58833.6735 24.32079 0.028976581
58833.674063 24.347885 0.024980561
58833.674632 24.326181 0.026962828
58833.675223 24.372853 0.031912199
58833.67579 24.318046 0.027953831
58833.67635 24.324708 0.028945538
58833.676916 24.323602 0.027965123
58833.677484 24.323078 0.029958349
58833.678056 24.349326 0.029953421
58833.678616 24.310313 0.035860466
58833.679182 24.361866 0.035876365
58833.679761 24.330068 0.034810012
58833.680323 24.315778 0.041609971
58833.680894 24.385127 0.03781171
58833.681455 24.413421 0.042686973
58833.68202 24.330062 0.037793868
58833.682591 24.282783 0.038791105
58833.683157 24.316614 0.033887039
58833.683728 24.353361 0.035874004
58833.68429 24.403165 0.038782808
58833.684864 24.34957 0.033926762
58833.685427 24.36043 0.033919844
58833.686006 24.379672 0.032893951
58833.68663 24.330072 0.029952479
58833.687197 24.313917 0.031966388
58833.687766 24.339865 0.031955709
58833.688335 24.28883 0.025965468
58833.6889 24.306052 0.029952408
58833.689473 24.292705 0.029947458
58833.690035 24.31034 0.02894694
58833.690606 24.304335 0.02992483
58833.691182 24.300973 0.027956971
58833.691769 24.324629 0.02893796
58833.692334 24.337904 0.031897647
58833.692912 24.360743 0.030923951
58833.693482 24.309104 0.026940117
58833.694055 24.332574 0.027941711
58833.694629 24.341396 0.029962287
58833.695214 24.349842 0.032954672
58833.695788 24.347517 0.030949247
58833.696709 24.320645 0.031950014
58833.697282 24.340398 0.033913451
58833.697854 24.305369 0.030932318
58833.698426 24.360278 0.030949668
58833.698997 24.35482 0.034935636
58833.699574 24.363425 0.029967192
58833.700162 24.318895 0.029971205
58833.700738 24.306507 0.031959679
58833.701314 24.339078 0.033959035
58833.701879 24.382265 0.040962446
58833.702433 24.33989 0.03597508
58833.702997 24.32644 0.028978525
58833.703569 24.346664 0.025967465
58833.704138 24.321686 0.026982165
58833.704693 24.317688 0.028976859
58833.705269 24.313417 0.02596819
58833.705842 24.354254 0.029956329
58833.706416 24.290428 0.031945513
58833.706995 24.340402 0.030975269
58833.70756 24.300938 0.030961131
58833.708139 24.280491 0.027964354
58833.708701 24.317495 0.028971435
58833.709269 24.349633 0.029971676
58833.709837 24.314789 0.027969806
58833.710398 24.34138 0.027973083
58833.710961 24.319016 0.028940956
58833.711531 24.313672 0.031958793
58833.712096 24.273712 0.02995629
58833.712678 24.332018 0.027953647
58833.713245 24.303455 0.026962911
58833.713811 24.319722 0.027963622
58833.71438 24.335767 0.026970974
58833.714942 24.346823 0.026965293
58833.715515 24.341451 0.026963585
58833.716099 24.292938 0.025976153
58833.716662 24.34326 0.028976856
58833.717217 24.288437 0.023975673
58833.717786 24.31614 0.026963031
58833.718352 24.356428 0.029955735
58833.718933 24.256253 0.024963876
58833.719515 24.301934 0.02696055
58833.720081 24.349775 0.028949891
58833.720652 24.339531 0.026963293
58833.721229 24.316106 0.02895119
58833.721798 24.332663 0.028951968
58833.722365 24.294522 0.023960359
58833.722938 24.329862 0.023975915
58833.723517 24.293107 0.027959987
58833.724095 24.336346 0.024966861
58833.724659 24.316969 0.027962674
58833.725228 24.323046 0.024964442
58833.725794 24.358592 0.025965502
58833.726369 24.300539 0.028945976
58833.726949 24.359816 0.029928519
58833.727521 24.364465 0.031893344
58833.728085 24.346294 0.027914523
58833.728659 24.307422 0.028948371
58833.729226 24.325184 0.025951587
58833.729803 24.316707 0.026965109
58833.730359 24.261827 0.026954222
58833.730924 24.306376 0.025965632
58833.731502 24.324765 0.025963559
58833.732059 24.320195 0.030903771
58833.732632 24.349078 0.029944127
58833.733194 24.303294 0.029921463
58833.733759 24.280312 0.031881241
58833.734321 24.34438 0.032915239
58833.734879 24.295405 0.031898606
58833.735444 24.336002 0.034851584
58833.736003 24.352905 0.040866168
58833.736571 24.312995 0.039860985
58833.737136 24.369331 0.040862822
58833.737691 24.309215 0.0329063
58833.738267 24.330155 0.03778847
58833.738823 24.318478 0.032885236
58833.739382 24.359661 0.033902774
58833.739948 24.355141 0.035844764
58833.740522 24.317676 0.036849917
58833.741085 24.366013 0.040815123
58833.741647 24.380985 0.03490461
58833.742215 24.297462 0.029926909
58833.742788 24.356168 0.034844263
58833.743365 24.394601 0.035900852
58833.743953 24.309901 0.035890597
58833.744526 24.371866 0.032914383
58833.745093 24.330364 0.028942962
58833.745664 24.305042 0.031927486
58833.746226 24.327645 0.026940287
58833.746789 24.35757 0.029938321
58833.747358 24.353197 0.029954745
58833.747921 24.311401 0.025951216
58833.748478 24.378116 0.026957149
58833.749035 24.316673 0.026956035
58833.749599 24.328103 0.02795303
58833.750168 24.319929 0.028908005
58833.750733 24.397113 0.032914114
58833.751298 24.367276 0.030871798
58833.751854 24.310386 0.034878182
58833.752416 24.38466 0.030918792
58833.752988 24.340721 0.029924462
58833.753539 24.355555 0.030932346
58833.7541 24.390362 0.029940598
58833.754655 24.335921 0.028954866
58833.75523 24.309602 0.026970176
58833.755803 24.348855 0.031944625
58833.756377 24.389723 0.03394587
58833.756948 24.358087 0.027970221
58833.757519 24.339533 0.031973023
58833.758074 24.33098 0.029968967
58833.758639 24.38677 0.034927231
58833.759204 24.215133 0.036914612
58833.759765 24.28719 0.030961927
58833.760341 24.320615 0.031962355
58833.760921 24.359986 0.030963067
58833.761489 24.334286 0.04192658
58833.76205 24.327483 0.032963948
58833.762618 24.319201 0.032949464
58833.763196 24.333057 0.028960218
58833.763771 24.323022 0.030976334
58833.764345 24.362603 0.03196939
58833.764904 24.375893 0.029974969
58833.765469 24.351312 0.029981916
58833.766035 24.409131 0.031972426
58833.766604 24.352671 0.02895569
58833.767179 24.31738 0.028977058
58833.767754 24.287632 0.029976134
58833.768337 24.314404 0.028969144
58833.768906 24.333918 0.028972515
58833.769468 24.327529 0.031950969
58833.770037 24.337422 0.029966499
58833.770609 24.286825 0.030959289
58833.771176 24.410925 0.038905686
58833.77175 24.387076 0.038927495
58833.772312 24.396939 0.041905499
58833.772873 24.349537 0.040885733
58833.773436 24.436303 0.046853269
58833.774013 24.346867 0.046870275
58833.774581 24.316715 0.039912216
58833.775149 24.339998 0.042907989
58833.775718 24.287909 0.040910936
58833.776274 24.310038 0.037938307
58833.776849 24.379057 0.04294949
58833.777425 24.343847 0.038946869
58833.777996 24.396741 0.0429243
58833.778564 24.361326 0.038945652
58833.779126 24.355707 0.037932777
58833.779701 24.297778 0.033932662
58833.780275 24.32285 0.035942872
58833.780836 24.337341 0.043860563
58833.781394 24.365769 0.043860761
58833.781959 24.322458 0.034938076
58833.78252 24.423264 0.040948376
58833.783078 24.349785 0.038903341
58833.783656 24.322156 0.035920594
58833.784224 24.309012 0.037950706
58833.784791 24.316306 0.036954091
58833.785359 24.252004 0.032959421
58833.785923 24.347628 0.030967847
58833.786499 24.301831 0.033953143
58833.787075 24.343068 0.033958571
58833.787657 24.338198 0.036958336
58833.788243 24.356721 0.032955588
58833.788815 24.322933 0.031965702
58833.789431 24.323514 0.028972135
58833.789993 24.326417 0.034962779
58833.790558 24.347982 0.028976852
58833.791114 24.348164 0.033955861
58833.791692 24.337897 0.031972267
58833.792254 24.360581 0.028955894
58833.792819 24.381833 0.028967893
58833.793386 24.305455 0.024959186
58833.793945 24.331093 0.02796522
58833.794517 24.307386 0.027968838
58833.79508 24.350886 0.027968612
58833.795646 24.325754 0.025972547
58833.796225 24.340031 0.025967761
58833.79679 24.348476 0.025980602
58833.797352 24.304531 0.022985382
58833.797908 24.329146 0.025979143
58833.798484 24.346769 0.023981583
58833.799061 24.340372 0.024977267
58833.799624 24.353874 0.025974517
58833.800185 24.296612 0.025978386
58833.800756 24.344068 0.026964246
58833.801313 24.301553 0.021973705
58833.801876 24.339271 0.027972927
58833.802443 24.315146 0.026958911
58833.803031 24.330664 0.028980999
58833.803608 24.305334 0.027974106
58833.804175 24.359387 0.029980965
58833.804741 24.358795 0.025981117
58833.805316 24.322149 0.025979892
58833.805876 24.352965 0.027973439
58833.806445 24.365835 0.025984075
58833.807016 24.386953 0.025979822
58833.807582 24.295892 0.029965152
58833.80816 24.313959 0.028978516
58833.808724 24.33594 0.02698041
58833.809281 24.331144 0.024976065
58833.809857 24.378317 0.029979495
58833.810432 24.348755 0.031972424
58833.811002 24.362498 0.029977616
58833.81157 24.357395 0.030981286
58833.812141 24.323664 0.026981789
58833.81271 24.324707 0.02498391
58833.813283 24.335615 0.025985409
58833.81385 24.349507 0.02698421
58833.814425 24.367265 0.026983565
58833.81499 24.308429 0.025984383
58833.815567 24.297158 0.025981477
58833.816133 24.325119 0.02697971
58833.816698 24.314732 0.030959787
58833.817289 24.34823 0.027972553
58833.817864 24.338363 0.028968058
58833.818429 24.351026 0.027969161
58833.819011 24.324136 0.027969313
58833.819573 24.337566 0.02597797
58833.820146 24.317471 0.028964648
58833.82073 24.291103 0.026972527
58833.821295 24.332151 0.02797213
58833.821869 24.347015 0.029971869
58833.822431 24.33411 0.029978246
58833.822986 24.338106 0.032979085
58833.823546 24.364628 0.034962839
58833.824122 24.331359 0.032961368
58833.82469 24.290948 0.031976067
58833.82527 24.245687 0.037977617
58833.825842 24.319587 0.033974065
58833.826414 24.308518 0.032961192
58833.826987 24.328379 0.029963375
58833.827559 24.35679 0.032967705
58833.828123 24.340659 0.030974445
58833.828694 24.340104 0.030959299
58833.829263 24.333181 0.026968821
58833.829826 24.37132 0.03095734
58833.830398 24.346839 0.029967832
58833.830961 24.329293 0.027969899
58833.831526 24.365866 0.026960331
58833.832097 24.322163 0.025976054
58833.83267 24.34202 0.026970156
58833.833228 24.314546 0.025970708
58833.833798 24.305882 0.025977039
58833.834371 24.362165 0.030957391
58833.834936 24.328483 0.024977073
58833.83551 24.333528 0.025974464
58833.836083 24.294627 0.025973089
58833.836648 24.332627 0.028973785
58833.837231 24.332963 0.026974191
58833.837806 24.313311 0.030941121
58833.83839 24.314443 0.026956838
58833.838952 24.386589 0.035938445
58833.839512 24.350446 0.029967318
58833.840078 24.392227 0.034957128
58833.840638 24.367864 0.029970466
58833.841214 24.316631 0.03096925
58833.841784 24.338092 0.027977224
58833.842354 24.338781 0.029973553
58833.842932 24.366663 0.032969896
58833.8435 24.323422 0.028973887
58833.844068 24.374738 0.031974367
58833.84464 24.311457 0.028973649
58833.845192 24.353928 0.029978214
58833.845764 24.336165 0.029979947
58833.846315 24.340884 0.031979823
58833.846882 24.339146 0.027983536
58833.847447 24.35873 0.033971045
58833.848017 24.368924 0.033978901
58833.848583 24.28053 0.035972719
58833.849139 24.333923 0.03297605
58833.849713 24.321477 0.032965033
58833.850286 24.311412 0.03397928
