HJD mag magerr
58833.526351 24.743489 0.1127721
58833.526938 24.858207 0.11966281
58833.527497 24.77123 0.091864915
58833.528073 24.868472 0.1096999
58833.52864 24.62727 0.060828579
58833.529223 24.615739 0.083445396
58833.529794 24.782112 0.095467808
58833.530369 24.848505 0.071709745
58833.530936 24.737492 0.056833779
58833.531508 24.87232 0.057877318
58833.532068 24.898001 0.04390229
58833.532639 24.76711 0.045820555
58833.533201 24.830561 0.043911813
58833.533765 24.822687 0.040931725
58833.534319 24.862526 0.053757703
58833.534878 24.753777 0.045750782
58833.535457 24.939765 0.053817999
58833.536022 24.7587 0.036929076
58833.536586 24.814785 0.039935984
58833.537148 24.895221 0.033943278
58833.537706 24.867967 0.045871078
58833.538275 24.870119 0.037921622
58833.538843 24.852763 0.03194378
58833.539403 24.872663 0.033918687
58833.539961 24.863071 0.033889906
58833.540691 24.853915 0.028949478
58833.54127 24.851729 0.031943662
58833.541834 24.865952 0.029956113
58833.542384 24.893636 0.031957752
58833.542946 24.824018 0.029929824
58833.543507 24.889296 0.030963152
58833.544071 24.884947 0.028967611
58833.544644 24.780373 0.025945928
58833.545206 24.906018 0.032941191
58833.545767 24.866406 0.028964572
58833.54634 24.875886 0.028969348
58833.546924 24.878714 0.030941879
58833.547488 24.926653 0.03091734
58833.548053 24.897816 0.030931171
58833.548633 24.879527 0.029962152
58833.549203 24.839299 0.026958685
58833.549779 24.854263 0.030964685
58833.550355 24.853957 0.029959459
58833.550911 24.839122 0.027952438
58833.551466 24.85865 0.02993377
58833.552025 24.821451 0.031925166
58833.552609 25.014989 0.035916739
58833.553172 24.855259 0.031934126
58833.553736 24.865393 0.029932014
58833.554298 24.896329 0.028969775
58833.554862 24.878813 0.028971069
58833.55542 24.861912 0.031970255
58833.556007 24.90737 0.032981384
58833.556565 24.88988 0.030978949
58833.557125 24.793251 0.02997063
58833.557676 24.862954 0.037975568
58833.558245 24.870038 0.031958105
58833.558811 24.83655 0.027960506
58833.559373 24.865803 0.034909451
58833.559928 24.802602 0.035837497
58833.560497 24.790512 0.041723717
58833.561052 24.812115 0.034907373
58833.561629 24.860838 0.03386296
58833.562183 24.858727 0.032918736
58833.562742 24.912142 0.030941569
58833.563315 24.912334 0.02995445
58833.563889 24.87491 0.036857624
58833.564461 24.695725 0.035748107
58833.565019 24.770976 0.025945652
58833.565576 24.826341 0.022985038
58833.566153 24.73661 0.028915972
58833.566722 24.900842 0.030921956
58833.56729 24.833545 0.027948249
58833.56785 24.961596 0.028923636
58833.568406 24.919642 0.027969253
58833.568961 24.889348 0.026972554
58833.569533 24.839225 0.024971082
58833.570095 24.908159 0.021979147
58833.57065 24.854266 0.020987628
58833.57121 24.838179 0.02197283
58833.571768 24.884344 0.028962009
58833.572322 24.832561 0.022977046
58833.572898 24.862522 0.025957826
58833.573468 24.821771 0.02990366
58833.574037 24.777433 0.030907473
58833.574593 24.778669 0.027926699
58833.575159 24.663179 0.03756598
0.0 0.0 0.0
58833.576286 24.717143 0.030893016
58833.576839 24.727311 0.025892367
58833.577403 24.843995 0.029932509
58833.577964 24.890519 0.028936091
58833.578544 24.871247 0.027949689
58833.579114 24.843853 0.028906952
58833.579688 24.829445 0.030914825
58833.580238 24.864017 0.033888491
58833.58081 24.935798 0.033874968
58833.581375 24.798753 0.029848805
58833.581944 24.815786 0.025932633
58833.582509 24.829307 0.026953325
58833.58308 24.782239 0.032907354
58833.583647 24.762919 0.030837364
58833.584215 24.682345 0.031811111
58833.584762 24.775395 0.0278856
58833.585316 24.808984 0.031849094
58833.585886 24.721105 0.023942636
58833.586442 24.746204 0.026905998
58833.587001 24.854054 0.030843195
58833.587566 24.751505 0.035833198
58833.58814 24.762972 0.035813208
58833.588711 24.837203 0.019987319
58833.589285 24.852488 0.026938011
58833.589857 24.846792 0.030726638
0.0 0.0 0.0
58833.590994 24.734846 0.035818251
58833.591559 24.74554 0.041753326
58833.592112 24.61847 0.035712717
58833.592665 24.732567 0.042719319
58833.593224 24.778883 0.047655988
58833.593796 24.800478 0.058788892
58833.594369 24.575078 0.046494644
58833.59492 24.809824 0.054680794
58833.595528 24.750706 0.040755698
58833.596082 24.71726 0.03886104
58833.596665 24.870425 0.046862277
58833.597231 24.800439 0.036845991
58833.597797 24.801798 0.032899876
58833.59838 24.759062 0.028919019
58833.598947 24.97374 0.030934176
58833.599512 24.853077 0.031911857
58833.60009 24.92135 0.033937932
58833.600655 24.855945 0.031945737
58833.601221 24.882432 0.026949172
58833.601788 24.741525 0.028913795
58833.602358 24.828081 0.030928029
58833.602926 24.842828 0.034927881
58833.60349 25.00119 0.047798462
58833.604047 24.845873 0.033929978
58833.604615 24.781801 0.032887522
58833.605171 24.832245 0.035870455
58833.605736 24.909308 0.042882419
58833.606292 24.81202 0.036872059
58833.606846 24.780068 0.03686001
58833.607409 24.876683 0.034874408
58833.607972 24.878964 0.042837941
58833.608554 24.900984 0.045844433
58833.609122 24.783663 0.035873848
58833.609691 24.855217 0.038857946
58833.61027 24.8422 0.033891888
58833.610843 24.804919 0.030888899
58833.611415 24.845683 0.037786451
58833.611993 24.99069 0.038858247
58833.612577 24.721579 0.029849442
0.0 0.0 0.0
58833.613696 24.733435 0.031771173
58833.614278 24.749595 0.03384846
58833.614853 24.744338 0.031817318
58833.615407 24.860421 0.040767767
58833.615983 24.830278 0.032866496
58833.616534 24.827843 0.030820313
58833.617093 24.93214 0.040876951
58833.617655 24.866713 0.032913172
58833.618216 24.829182 0.034906658
58833.618781 24.889567 0.030948832
58833.619336 24.894893 0.034920323
58833.619908 24.853203 0.036908567
58833.620489 24.895049 0.030921835
58833.621073 24.856546 0.029918145
58833.621643 24.874521 0.037838842
58833.622212 24.810165 0.028916562
58833.622786 24.82337 0.039804932
58833.623339 24.859404 0.035894227
58833.623898 24.887848 0.034909483
58833.624467 24.831956 0.03392735
58833.625042 24.883078 0.03291428
58833.625625 24.831607 0.028947407
58833.626195 24.822583 0.027943654
58833.626758 24.850493 0.029926447
58833.627345 24.834432 0.027953483
58833.627901 24.790015 0.029966972
58833.628481 24.82222 0.028950893
58833.629058 24.856718 0.03096262
58833.629625 24.865273 0.030955255
58833.630194 24.790416 0.030957447
58833.630754 24.97389 0.029963493
58833.631339 24.887832 0.031923845
58833.631919 24.851453 0.037833739
58833.632476 24.784099 0.040832266
0.0 0.0 0.0
58833.633609 24.794744 0.032901673
58833.634176 24.855704 0.042929293
58833.63477 24.885684 0.03785536
58833.63533 24.816027 0.028962288
58833.635896 24.892746 0.03592873
58833.636454 24.856301 0.027948531
58833.637031 24.877272 0.032882119
58833.637603 24.838472 0.033909028
58833.638178 24.852045 0.031891784
58833.638751 24.874002 0.028953579
58833.639317 24.873257 0.030954837
58833.639885 24.904047 0.031968148
58833.640451 24.875615 0.028978236
58833.641017 24.848821 0.02696626
58833.641587 24.777684 0.026965781
58833.642165 24.835383 0.02896369
58833.642733 24.822377 0.029957616
58833.643298 24.835395 0.031952883
58833.643881 24.83479 0.027959751
58833.644463 24.839396 0.028965183
58833.645038 24.840928 0.030960736
58833.645621 24.889406 0.031937197
58833.646196 24.803227 0.029935381
58833.646775 24.815448 0.029970569
58833.647352 24.819293 0.032969821
58833.647947 24.952551 0.034950438
58833.648518 24.865432 0.032975371
58833.649091 24.860707 0.029938385
58833.649661 24.839795 0.029973705
58833.650234 24.83229 0.027974978
58833.650812 24.853284 0.031965085
58833.651385 24.840941 0.032932633
58833.651942 24.863746 0.031957739
58833.652501 24.839268 0.027969505
58833.653051 24.83506 0.032946132
58833.653627 24.843177 0.029973484
0.0 0.0 0.0
58833.654761 24.922963 0.033961183
58833.655332 24.829715 0.030960678
58833.655903 24.871565 0.031966224
58833.656459 24.837286 0.029977414
58833.657018 24.870185 0.030972287
58833.657575 24.888008 0.031974552
58833.658134 24.887085 0.031968891
58833.658729 24.878339 0.033962039
58833.659291 24.890749 0.032973875
58833.659866 24.82361 0.031974867
58833.660428 24.849882 0.033970869
58833.660996 24.947106 0.035961884
58833.661568 24.855145 0.034963268
58833.662129 24.839876 0.031960453
58833.662686 24.788208 0.037940621
58833.663254 24.797724 0.02797521
58833.663845 24.869318 0.037945665
58833.664399 24.825847 0.03395689
58833.664959 24.848707 0.036972502
58833.66553 24.838962 0.031977683
58833.666087 24.830197 0.032982515
58833.666661 24.838486 0.031979206
58833.66724 24.800945 0.027983096
58833.667808 24.910685 0.033978333
58833.668374 24.844108 0.030983719
58833.66894 24.918622 0.035977739
58833.669515 24.858223 0.03497585
58833.670105 24.871569 0.034964828
58833.670664 24.862318 0.035955871
58833.671231 24.894595 0.036962767
58833.671792 24.822074 0.036961244
58833.672357 24.83938 0.033954188
58833.672921 24.881235 0.039953143
58833.6735 24.832619 0.034977895
58833.674063 24.880716 0.035976143
58833.674632 24.844002 0.035954438
58833.675223 24.832175 0.04189939
58833.67579 24.828375 0.039946647
58833.67635 24.865587 0.041934223
58833.676916 24.783265 0.035958216
58833.677484 24.909885 0.044952621
58833.678056 24.868143 0.042942944
58833.678616 24.777396 0.045844937
58833.679182 24.8501 0.04785608
58833.679761 24.801268 0.05285072
58833.680323 24.8588 0.06655888
58833.680894 24.710118 0.049853506
58833.681455 24.67264 0.050666227
58833.68202 24.6976 0.046754568
58833.682591 24.757717 0.053694046
58833.683157 24.839169 0.051867165
58833.683728 24.834458 0.047860379
0.0 0.0 0.0
58833.684864 24.775506 0.051914227
58833.685427 24.846353 0.0499177
58833.686006 24.837008 0.049873863
58833.68663 24.848247 0.044947077
58833.687197 24.745061 0.039947223
58833.687766 24.857449 0.048918202
58833.688335 24.797375 0.038951986
58833.6889 24.870494 0.044960373
58833.689473 24.793437 0.043939035
58833.690035 24.820567 0.041930956
58833.690606 24.771374 0.036941106
58833.691182 24.780059 0.038927499
58833.691769 24.89605 0.044920945
58833.692334 24.775958 0.044874413
58833.692912 24.869253 0.045914004
58833.693482 24.926495 0.038932363
58833.694055 24.883006 0.03995041
58833.694629 24.793799 0.041933425
58833.695214 24.872061 0.049946436
58833.695788 24.813881 0.042940066
58833.696709 24.885468 0.047942247
58833.697282 24.795038 0.051859492
58833.697854 24.861097 0.046929093
58833.698426 24.923003 0.049941233
58833.698997 24.789886 0.050949069
58833.699574 24.8775 0.042949583
58833.700162 24.820436 0.040966271
58833.700738 24.860895 0.047941396
58833.701314 24.854881 0.046961018
58833.701879 24.862223 0.062942984
58833.702433 24.844995 0.047970727
58833.702997 24.853473 0.038975498
58833.703569 24.847513 0.040962337
58833.704138 24.86697 0.043971888
58833.704693 24.849182 0.042972784
58833.705269 24.865066 0.043956734
58833.705842 24.916052 0.045963076
58833.706416 24.840727 0.045949409
58833.706995 24.863348 0.044969699
58833.70756 24.935896 0.045965998
58833.708139 24.822615 0.03897041
0.0 0.0 0.0
58833.709269 24.817446 0.039955824
58833.709837 24.851572 0.039962193
58833.710398 24.878909 0.044954836
58833.710961 24.837344 0.048944952
58833.711531 24.929068 0.050950919
58833.712096 24.805525 0.041953456
58833.712678 24.816351 0.039944602
58833.713245 24.802641 0.036956125
58833.713811 24.82542 0.038955217
58833.71438 24.870055 0.041966818
58833.714942 24.805872 0.034970032
58833.715515 24.878099 0.036953717
58833.716099 24.84102 0.040971961
58833.716662 24.770984 0.036973387
58833.717217 24.883772 0.038935493
58833.717786 24.866746 0.039954418
58833.718352 24.826537 0.038962
58833.718933 24.876998 0.042955385
58833.719515 24.781917 0.039957217
58833.720081 24.772292 0.042925476
58833.720652 24.872462 0.039943057
58833.721229 24.910618 0.037959633
58833.721798 24.853531 0.039939721
58833.722365 24.7959 0.036966004
58833.722938 24.894232 0.035970066
58833.723517 24.832853 0.035966534
58833.724095 24.867759 0.034970075
58833.724659 24.961104 0.042951799
58833.725228 24.899098 0.035967489
58833.725794 24.835679 0.040949718
58833.726369 24.828347 0.045899719
58833.726949 24.837205 0.040858433
58833.727521 24.860825 0.041918838
58833.728085 24.822054 0.040934625
58833.728659 24.909605 0.043941177
58833.729226 24.815222 0.038948233
58833.729803 24.828759 0.039957722
58833.730359 24.895033 0.039947659
58833.730924 24.861282 0.035969865
58833.731502 24.847943 0.040954503
58833.732059 24.809314 0.04289799
58833.732632 24.769624 0.040908932
58833.733194 24.810216 0.041918295
58833.733759 24.733176 0.045817858
58833.734321 24.808664 0.045910152
58833.734879 24.807011 0.049884787
58833.735444 24.826233 0.050854092
58833.736003 24.803718 0.057855953
58833.736571 24.820127 0.059864314
58833.737136 24.743012 0.054849417
58833.737691 24.804515 0.04392419
58833.738267 24.798026 0.05175806
58833.738823 24.769735 0.043871378
58833.739382 24.791107 0.048872401
58833.739948 24.869952 0.053851078
58833.740522 24.784088 0.052823972
58833.741085 24.764569 0.05369746
58833.741647 24.814998 0.043897735
58833.742215 24.920481 0.047913874
58833.742788 24.834814 0.045853804
58833.743365 24.809259 0.04890884
58833.743953 24.756224 0.039882924
58833.744526 24.86313 0.046864824
58833.745093 24.822777 0.042934162
58833.745664 24.8694 0.041939294
58833.746226 24.847261 0.04193438
58833.746789 24.830422 0.03695141
58833.747358 24.849929 0.03795894
58833.747921 24.879852 0.041956476
58833.748478 24.883473 0.033952506
58833.749035 24.84371 0.038960948
58833.749599 24.915785 0.038962424
58833.750168 24.7803 0.04089822
58833.750733 24.862996 0.041910808
58833.751298 24.800766 0.040882726
58833.751854 24.88167 0.053784677
58833.752416 24.784337 0.043901528
58833.752988 24.864024 0.039912305
58833.753539 24.849665 0.041920459
58833.7541 24.828353 0.039951324
58833.754655 24.819207 0.038949759
58833.75523 24.946414 0.039962973
58833.755803 24.853837 0.043954524
58833.756377 24.831152 0.041960011
58833.756948 24.833861 0.040954861
58833.757519 24.868868 0.043961103
58833.758074 24.816715 0.04196313
58833.758639 24.89516 0.044936296
58833.759204 24.887331 0.055913659
58833.759765 24.842794 0.044957058
58833.760341 24.868435 0.04796119
58833.760921 24.821431 0.047957548
58833.761489 24.844757 0.052912611
58833.76205 24.846251 0.049958102
58833.762618 24.774879 0.045936349
58833.763196 24.777568 0.035972346
58833.763771 24.886991 0.046971531
58833.764345 24.914417 0.046965719
58833.764904 24.878421 0.04596638
58833.765469 24.837943 0.042969496
58833.766035 24.867581 0.047966101
58833.766604 24.826961 0.040963701
58833.767179 24.931137 0.045968525
58833.767754 24.8956 0.046974091
58833.768337 24.903484 0.042951574
58833.768906 24.935908 0.050965569
58833.769468 24.911123 0.047955634
58833.770037 24.860469 0.050962856
58833.770609 24.804203 0.046965768
58833.771176 24.888228 0.055922438
58833.77175 24.789102 0.050940646
58833.772312 24.886739 0.063929326
58833.772873 24.801345 0.057884828
58833.773436 24.826035 0.068859758
58833.774013 24.773954 0.063783538
58833.774581 24.837785 0.06185806
58833.775149 24.83762 0.061908642
58833.775718 24.758117 0.053899976
58833.776274 24.888862 0.059895326
58833.776849 24.751301 0.05594088
58833.777425 24.834118 0.06894057
58833.777996 24.869008 0.056910617
58833.778564 24.807262 0.048942905
58833.779126 24.754923 0.050926465
58833.779701 24.708958 0.049902086
58833.780275 24.781023 0.052909099
58833.780836 24.898166 0.05985637
58833.781394 24.709058 0.064895449
58833.781959 24.79812 0.047919987
58833.78252 24.819729 0.053929014
58833.783078 24.873772 0.056907737
58833.783656 24.816248 0.057935643
58833.784224 24.867372 0.05495564
58833.784791 24.819518 0.049944828
58833.785359 24.838752 0.047956297
58833.785923 24.887362 0.04895892
58833.786499 24.901597 0.049960762
58833.787075 24.74719 0.049947804
58833.787657 24.796777 0.044960572
58833.788243 24.874105 0.047952353
58833.788815 24.763073 0.04494625
58833.789431 24.840293 0.043965632
58833.789993 24.815852 0.042960107
58833.790558 24.846132 0.042978429
58833.791114 24.910424 0.04596332
58833.791692 24.880372 0.046974948
58833.792254 24.869017 0.039966066
58833.792819 24.765686 0.035970669
58833.793386 24.823341 0.037962759
58833.793945 24.883899 0.040967765
58833.794517 24.871327 0.037963102
58833.79508 24.847725 0.039962897
58833.795646 24.831478 0.034975606
58833.796225 24.883909 0.034973361
58833.79679 24.849789 0.035976706
58833.797352 24.830803 0.035978164
58833.797908 24.84309 0.036973403
58833.798484 24.881912 0.035974829
58833.799061 24.904599 0.034978503
58833.799624 24.863527 0.037957209
58833.800185 24.80749 0.036977327
58833.800756 24.870142 0.038968982
58833.801313 24.904915 0.036954683
58833.801876 24.853604 0.034967316
58833.802443 24.859059 0.042965387
58833.803031 24.8238 0.036977195
58833.803608 24.858697 0.036971098
58833.804175 24.842097 0.037976822
58833.804741 24.873758 0.037980362
58833.805316 24.868571 0.037979106
58833.805876 24.843424 0.041967373
58833.806445 24.851155 0.041979039
58833.807016 24.898446 0.044975016
58833.807582 24.85666 0.041963021
58833.80816 24.743697 0.037969985
58833.808724 24.85684 0.040978567
58833.809281 24.863332 0.037969411
58833.809857 24.965636 0.041975585
58833.810432 24.908111 0.041977014
58833.811002 24.867276 0.045973549
58833.81157 24.99378 0.043975596
58833.812141 24.873975 0.040977086
58833.81271 24.866688 0.037978889
58833.813283 24.869998 0.040973427
58833.81385 24.88319 0.036975078
58833.814425 24.864745 0.037977276
58833.81499 24.826343 0.032980523
58833.815567 24.878536 0.036973964
58833.816133 24.84539 0.03997724
58833.816698 24.838067 0.043972107
58833.817289 24.886474 0.039953955
58833.817864 24.899977 0.039969102
58833.818429 24.874801 0.040969335
58833.819011 24.844985 0.03996431
58833.819573 24.886031 0.044962821
58833.820146 24.87938 0.042959805
58833.82073 24.878441 0.039967246
58833.821295 24.862159 0.038961705
58833.821869 24.831676 0.040972633
58833.822431 24.826163 0.042970146
58833.822986 24.893509 0.052973206
58833.823546 24.80424 0.046966251
58833.824122 24.819066 0.04496202
58833.82469 24.859703 0.0519501
58833.82527 24.990159 0.061970784
58833.825842 24.838876 0.045969786
58833.826414 24.924842 0.048958319
58833.826987 24.757421 0.038967435
58833.827559 24.769188 0.039962702
58833.828123 24.917856 0.052968983
58833.828694 24.807768 0.03895182
58833.829263 24.832709 0.038963476
58833.829826 24.841525 0.039962107
58833.830398 24.834182 0.038943395
58833.830961 24.90762 0.038950014
58833.831526 24.876279 0.03996879
58833.832097 24.836089 0.037962478
58833.83267 24.882577 0.035954561
58833.833228 24.918573 0.041966134
58833.833798 24.947272 0.043963317
58833.834371 24.885602 0.040945197
58833.834936 24.806919 0.039963789
58833.83551 24.851011 0.040958757
58833.836083 24.837741 0.035970637
58833.836648 24.780311 0.039944346
58833.837231 24.85614 0.038964052
58833.837806 24.85204 0.046932706
58833.83839 24.803058 0.042950691
58833.838952 24.856781 0.050929366
58833.839512 24.842326 0.03996195
58833.840078 24.888288 0.05096142
58833.840638 24.874843 0.046954164
58833.841214 24.840116 0.048965718
58833.841784 24.829422 0.039971536
58833.842354 24.905064 0.043968579
58833.842932 24.916393 0.044964696
58833.8435 24.884043 0.048960794
58833.844068 24.826812 0.041970754
58833.84464 24.866823 0.044969685
58833.845192 24.916332 0.050972086
58833.845764 24.83399 0.042979006
58833.846315 24.830522 0.044974082
58833.846882 24.864482 0.040976548
58833.847447 24.861705 0.055975223
58833.848017 24.886829 0.058961495
58833.848583 24.923835 0.054969895
58833.849139 24.971966 0.058966702
58833.849713 24.81758 0.0499586
58833.850286 24.853742 0.046972311
