HJD mag magerr
58833.526351 23.896579 0.05283764
58833.526938 23.813672 0.047623882
58833.527497 23.887366 0.044824982
58833.528073 23.952065 0.049673834
58833.52864 23.884489 0.033833534
58833.529223 23.851727 0.041677357
58833.529794 23.876053 0.046385887
58833.530369 23.942653 0.033819811
58833.530936 23.897726 0.029841406
58833.531508 23.910385 0.02690053
58833.532068 23.838783 0.023911534
58833.532639 23.887107 0.024906477
58833.533201 23.862004 0.021922157
58833.533765 23.881932 0.022922541
58833.534319 23.925681 0.026798112
58833.534878 23.848493 0.022840604
58833.535457 23.897341 0.022845931
58833.536022 23.927687 0.021915733
58833.536586 23.894326 0.02193114
58833.537148 23.911954 0.018960533
58833.537706 23.878741 0.020893472
58833.538275 23.915477 0.018941128
58833.538843 23.913391 0.01894182
58833.539403 23.894962 0.018933406
58833.539961 23.917642 0.017950399
58833.540691 23.884892 0.017960764
58833.54127 23.924827 0.018939373
58833.541834 23.916881 0.018951065
58833.542384 23.941203 0.01895184
58833.542946 23.905022 0.018938928
58833.543507 23.89965 0.016972961
58833.544071 23.910209 0.015965553
58833.544644 23.907383 0.017931643
58833.545206 23.920984 0.019888133
58833.545767 23.911529 0.017959501
58833.54634 23.960574 0.018967967
58833.546924 23.966352 0.017960079
58833.547488 23.941745 0.018927466
58833.548053 23.899147 0.017950191
58833.548633 23.917465 0.017960635
58833.549203 23.929345 0.016968205
58833.549779 23.924188 0.017963921
58833.550355 23.930883 0.017956215
58833.550911 23.935293 0.017964849
58833.551466 23.926236 0.017950839
58833.552025 23.900787 0.017944766
58833.552609 23.964581 0.018951078
58833.553172 23.948459 0.019945105
58833.553736 23.921689 0.017945064
58833.554298 23.946563 0.017969625
58833.554862 23.942875 0.017970902
58833.55542 23.930647 0.0199481
58833.556007 23.945211 0.018979513
58833.556565 23.950512 0.016985888
58833.557125 23.915067 0.01697264
58833.557676 23.900527 0.020967618
58833.558245 23.923656 0.018959293
58833.558811 23.946855 0.018954685
58833.559373 23.952197 0.018949675
58833.559928 23.985417 0.019915888
58833.560497 23.994803 0.022829357
58833.561052 23.994737 0.019946198
58833.561629 24.075304 0.02289316
58833.562183 23.948393 0.020933244
58833.562742 23.922163 0.016957614
58833.563315 23.943212 0.018960206
58833.563889 23.957822 0.019909629
58833.564461 23.990791 0.020801939
58833.565019 23.915993 0.018903752
58833.565576 23.956688 0.014992732
58833.566153 24.034929 0.015957516
58833.566722 23.997056 0.01696291
58833.56729 23.931473 0.017956733
58833.56785 24.031405 0.017943535
58833.568406 23.963299 0.016971458
58833.568961 23.939194 0.01498044
58833.569533 23.940646 0.012992307
58833.570095 23.964774 0.016978992
58833.57065 23.984981 0.017982243
58833.57121 23.954703 0.015979427
58833.571768 23.953769 0.016972944
58833.572322 23.963759 0.016976146
58833.572898 23.953586 0.016963732
58833.573468 23.935952 0.017920126
58833.574037 23.980027 0.018929738
58833.574593 23.927511 0.017919991
58833.575159 23.973105 0.022743188
58833.575726 23.996922 0.017891575
58833.576286 23.962139 0.017852798
58833.576839 23.972008 0.018904959
58833.577403 23.981562 0.017940874
58833.577964 23.998522 0.017949266
58833.578544 23.961463 0.017950406
58833.579114 23.958127 0.017884566
58833.579688 23.990237 0.018932185
58833.580238 23.996803 0.018918323
58833.58081 23.9834 0.018898013
58833.581375 24.008763 0.019900577
58833.581944 23.997895 0.017926588
58833.582509 23.987985 0.016950651
58833.58308 23.997169 0.019918861
58833.583647 23.991889 0.018920169
58833.584215 24.02894 0.021851133
58833.584762 24.031916 0.016938105
58833.585316 24.127397 0.021828515
58833.585886 23.975304 0.016957717
58833.586442 23.978466 0.01792185
58833.587001 23.99938 0.016948687
58833.587566 24.010849 0.02280564
58833.58814 23.967627 0.020868546
58833.588711 24.009335 0.015980725
58833.589285 24.051571 0.014976963
58833.589857 24.066813 0.018871118
58833.590423 24.097198 0.021861698
58833.590994 24.120843 0.021862712
58833.591559 23.972919 0.025776351
58833.592112 24.042931 0.024755546
58833.592665 23.956813 0.02574633
58833.593224 23.949634 0.027654901
58833.593796 24.097511 0.029768316
58833.594369 24.060931 0.028650164
58833.59492 24.022419 0.027748027
58833.595528 24.013519 0.022814937
58833.596082 24.013668 0.022862393
58833.596665 24.08927 0.023883286
58833.597231 24.024517 0.021862811
58833.597797 23.961366 0.02090882
58833.59838 24.027566 0.019937904
58833.598947 24.063174 0.017962547
58833.599512 24.018186 0.019929936
58833.60009 24.026451 0.019941598
58833.600655 23.999997 0.019956387
58833.601221 24.052732 0.01894328
58833.601788 24.017804 0.018948105
58833.602358 23.992144 0.018944757
58833.602926 24.034698 0.018947963
58833.60349 24.050195 0.023836417
58833.604047 24.033066 0.018944892
58833.604615 24.031938 0.020908624
58833.605171 24.052529 0.023897269
58833.605736 24.034767 0.021909714
58833.606292 24.047438 0.022905044
58833.606846 24.003152 0.021880804
58833.607409 23.985152 0.021840252
58833.607972 24.068275 0.02387892
58833.608554 24.058297 0.023901395
58833.609122 23.985922 0.021897003
58833.609691 24.060174 0.021866494
58833.61027 24.027568 0.021898092
58833.610843 24.029641 0.019866117
58833.611415 24.058296 0.02088196
58833.611993 24.048694 0.019877826
58833.612577 24.046849 0.01987002
58833.613137 23.98924 0.019870267
58833.613696 24.032366 0.018873522
58833.614278 24.043638 0.019874863
58833.614853 24.057251 0.020844256
58833.615407 24.098886 0.020901444
58833.615983 24.052848 0.020891601
58833.616534 23.995819 0.019913297
58833.617093 24.053194 0.023894811
58833.617655 24.045878 0.020934054
58833.618216 24.053449 0.021920741
58833.618781 24.064264 0.020942543
58833.619336 24.077995 0.020938977
58833.619908 24.09506 0.023919891
58833.620489 24.044802 0.018933676
58833.621073 24.058187 0.019952584
58833.621643 24.063633 0.021863571
58833.622212 24.045991 0.019923043
58833.622786 24.078239 0.024886925
58833.623339 24.064262 0.022861123
58833.623898 24.048017 0.023855779
58833.624467 24.040907 0.019939635
58833.625042 24.086613 0.021924551
58833.625625 24.029754 0.019942737
58833.626195 24.055791 0.01795959
58833.626758 24.054027 0.017959379
58833.627345 24.039068 0.018953865
58833.627901 24.076504 0.018963436
58833.628481 24.073438 0.019937914
58833.629058 24.034449 0.018957773
58833.629625 24.070613 0.019936672
58833.630194 24.047906 0.017964394
58833.630754 24.076958 0.018968257
58833.631339 24.000342 0.019899485
58833.631919 24.048157 0.02284649
58833.632476 24.06947 0.023834646
58833.633035 24.039645 0.020865822
58833.633609 23.977935 0.019857216
58833.634176 24.026793 0.02493975
58833.63477 24.088838 0.022914372
58833.63533 24.05333 0.019916705
58833.635896 24.062913 0.019931705
58833.636454 24.053987 0.015972525
58833.637031 24.068354 0.021936503
58833.637603 24.046548 0.022913954
58833.638178 24.04065 0.020913581
58833.638751 24.071179 0.020938114
58833.639317 24.035558 0.018960637
58833.639885 24.04346 0.018944833
58833.640451 24.068925 0.020959962
58833.641017 24.04634 0.015981651
58833.641587 24.092242 0.017974761
58833.642165 24.073247 0.016972283
58833.642733 24.076882 0.019965538
58833.643298 24.064876 0.021935454
58833.643881 24.093762 0.018951726
58833.644463 24.058011 0.017972005
58833.645038 24.080342 0.020965868
58833.645621 24.063062 0.019943558
58833.646196 24.07386 0.019945886
58833.646775 24.072917 0.020943583
58833.647352 24.061427 0.019948456
58833.647947 24.058171 0.019963386
58833.648518 24.073045 0.020972292
58833.649091 24.056404 0.019953393
58833.649661 24.071806 0.019948834
58833.650234 24.046398 0.018972255
58833.650812 24.048618 0.019955398
58833.651385 24.067763 0.020944931
58833.651942 24.054825 0.020944062
58833.652501 24.040898 0.019966994
58833.653051 24.0752 0.017972899
58833.653627 24.066723 0.018968985
58833.654196 24.057702 0.020942722
58833.654761 24.070974 0.018971632
58833.655332 24.053566 0.018969069
58833.655903 24.069564 0.020972738
58833.656459 24.057118 0.020973795
58833.657018 24.062499 0.020976945
58833.657575 24.078315 0.022955118
58833.658134 24.068814 0.02194802
58833.658729 24.038307 0.019947235
58833.659291 24.076894 0.019972915
58833.659866 24.070167 0.018975279
58833.660428 24.055144 0.019945269
58833.660996 24.091435 0.019971223
58833.661568 24.057486 0.019964408
58833.662129 24.075684 0.019951975
58833.662686 24.061263 0.021911376
58833.663254 24.082546 0.021952768
58833.663845 24.092781 0.020961484
58833.664399 24.057424 0.019964711
58833.664959 24.09974 0.019978699
58833.66553 24.059305 0.019976262
58833.666087 24.054501 0.017977467
58833.666661 24.077802 0.018979483
58833.66724 24.078063 0.020971594
58833.667808 24.06577 0.020977169
58833.668374 24.068917 0.01897863
58833.66894 24.0785 0.019977026
58833.669515 24.048583 0.020972504
58833.670105 24.042815 0.020966115
58833.670664 24.074607 0.019965206
58833.671231 24.08924 0.022953145
58833.671792 24.074074 0.021951233
58833.672357 24.100815 0.020962212
58833.672921 24.077484 0.020960285
58833.6735 24.093174 0.022968066
58833.674063 24.068476 0.022958365
58833.674632 24.035372 0.023933826
58833.675223 24.108837 0.022906147
58833.67579 24.060447 0.024952127
58833.67635 24.088978 0.023935971
58833.676916 24.058343 0.023935286
58833.677484 24.136001 0.02594735
58833.678056 24.066082 0.024937328
58833.678616 24.09254 0.028858281
58833.679182 24.103472 0.028842837
58833.679761 24.09174 0.029805815
58833.680323 24.090349 0.034705531
58833.680894 24.099608 0.031774892
58833.681455 24.15617 0.032791483
58833.68202 24.088498 0.029856786
58833.682591 24.085166 0.030717038
58833.683157 24.014554 0.028871037
58833.683728 24.085425 0.028804223
58833.68429 24.064216 0.031800401
58833.684864 24.065821 0.027916301
58833.685427 24.045771 0.027875191
58833.686006 24.116515 0.028897831
58833.68663 24.0479 0.025944573
58833.687197 24.085211 0.02495476
58833.687766 24.046005 0.026954922
58833.688335 24.069384 0.025931708
58833.6889 24.100606 0.02595038
58833.689473 24.07717 0.025912129
58833.690035 24.06612 0.023914658
58833.690606 24.079072 0.024920481
58833.691182 24.058008 0.021953037
58833.691769 24.090526 0.024901574
58833.692334 24.049754 0.026828303
58833.692912 24.085723 0.025870025
58833.693482 24.110051 0.02493282
58833.694055 24.068427 0.025905766
58833.694629 24.081453 0.02395198
58833.695214 24.06262 0.023947026
58833.695788 24.057516 0.023944795
58833.696709 24.073676 0.028876357
58833.697282 24.080371 0.029853956
58833.697854 24.074779 0.026885233
58833.698426 24.115161 0.025953652
58833.698997 24.068492 0.030914611
58833.699574 24.121358 0.024947672
58833.700162 24.080011 0.0229595
58833.700738 24.093013 0.026912941
58833.701314 24.087434 0.026956611
58833.701879 24.089888 0.034947679
58833.702433 24.013525 0.029945989
58833.702997 24.048761 0.022974436
58833.703569 24.072311 0.02396857
58833.704138 24.064994 0.022976142
58833.704693 24.060829 0.024967963
58833.705269 24.033554 0.023948359
58833.705842 24.049707 0.024954697
58833.706416 24.046771 0.02693455
58833.706995 24.102537 0.023967401
58833.70756 24.064553 0.02396962
58833.708139 24.091281 0.023964943
58833.708701 24.096253 0.023938243
58833.709269 24.053262 0.023957929
58833.709837 24.063132 0.024966993
58833.710398 24.052189 0.022959049
58833.710961 24.069583 0.023956528
58833.711531 24.053549 0.024938079
58833.712096 24.112797 0.023954285
58833.712678 24.059537 0.024919712
58833.713245 24.061183 0.024914119
58833.713811 24.067931 0.022935646
58833.71438 24.067728 0.024930953
58833.714942 24.083759 0.020939748
58833.715515 24.08901 0.024961247
58833.716099 24.09777 0.024968769
58833.716662 24.108719 0.02297491
58833.717217 24.094535 0.024944478
58833.717786 24.108176 0.022971983
58833.718352 24.113353 0.022966254
58833.718933 24.092696 0.024951559
58833.719515 24.050032 0.022941675
58833.720081 24.123309 0.025882152
58833.720652 24.07506 0.021963147
58833.721229 24.089078 0.022948749
58833.721798 24.054218 0.025929941
58833.722365 24.059882 0.021939976
58833.722938 24.073736 0.021961926
58833.723517 24.108312 0.022954008
58833.724095 24.094355 0.022948171
58833.724659 24.077157 0.023952792
58833.725228 24.087261 0.023934698
58833.725794 24.09435 0.023936445
58833.726369 24.09154 0.024907679
58833.726949 24.093949 0.02492054
58833.727521 24.121323 0.024893029
58833.728085 24.129068 0.026907846
58833.728659 24.080253 0.02494276
58833.729226 24.086156 0.022951946
58833.729803 24.099932 0.023917386
58833.730359 24.07261 0.021956421
58833.730924 24.096051 0.021964353
58833.731502 24.055903 0.024947331
58833.732059 24.098137 0.02689068
58833.732632 24.099074 0.025920283
58833.733194 24.079334 0.023918725
58833.733759 24.097351 0.02882842
58833.734321 24.118555 0.030854622
58833.734879 24.094985 0.03087582
58833.735444 24.087745 0.029848574
58833.736003 24.096297 0.029871205
58833.736571 24.086654 0.031774007
58833.737136 24.063872 0.030792291
58833.737691 24.12192 0.027894945
58833.738267 24.143638 0.032762544
58833.738823 24.065735 0.025880068
58833.739382 24.084631 0.028863132
58833.739948 24.083361 0.028846467
58833.740522 24.057019 0.025878692
58833.741085 24.08706 0.031757064
58833.741647 24.088159 0.029877484
58833.742215 24.058037 0.026854259
58833.742788 24.0705 0.027812417
58833.743365 24.103797 0.028886423
58833.743953 24.091881 0.027889616
58833.744526 24.066663 0.026902171
58833.745093 24.079646 0.025900605
58833.745664 24.085823 0.024918669
58833.746226 24.063051 0.024927274
58833.746789 24.100611 0.021941832
58833.747358 24.089453 0.024921195
58833.747921 24.083473 0.024908011
58833.748478 24.054037 0.022953051
58833.749035 24.084361 0.021962539
58833.749599 24.08944 0.022955929
58833.750168 24.122827 0.025861969
58833.750733 24.089472 0.023853867
58833.751298 24.051484 0.026832942
58833.751854 24.038215 0.027823338
58833.752416 24.084044 0.025871867
58833.752988 24.050543 0.025880336
58833.753539 24.071184 0.023922821
58833.7541 24.079004 0.024898992
58833.754655 24.068009 0.022926704
58833.75523 24.067626 0.02096976
58833.755803 24.051412 0.02694337
58833.756377 24.059649 0.026909565
58833.756948 24.048318 0.024969531
58833.757519 24.082236 0.02597153
58833.758074 24.051908 0.023969885
58833.758639 24.093674 0.026921683
58833.759204 24.15083 0.032920066
58833.759765 24.049159 0.02495813
58833.760341 24.092335 0.026957381
58833.760921 24.073147 0.02695941
58833.761489 24.061785 0.031911135
58833.76205 24.037966 0.026947711
58833.762618 24.036982 0.025943249
58833.763196 24.051504 0.025931719
58833.763771 24.024141 0.025939511
58833.764345 24.028002 0.024969536
58833.764904 24.022136 0.023962545
58833.765469 24.067372 0.026942476
58833.766035 24.08638 0.027960105
58833.766604 24.086428 0.025952755
58833.767179 24.064094 0.024968844
58833.767754 24.071771 0.026968442
58833.768337 24.047407 0.026958129
58833.768906 24.079544 0.022967752
58833.769468 24.045124 0.023958868
58833.770037 24.045141 0.024917331
58833.770609 24.08405 0.027945993
58833.771176 24.033315 0.028893273
58833.77175 24.050845 0.030894337
58833.772312 24.122593 0.03288311
58833.772873 24.060485 0.033850653
58833.773436 24.078507 0.035871062
58833.774013 24.104628 0.040775856
58833.774581 24.086008 0.036844628
58833.775149 24.051826 0.032837837
58833.775718 24.039498 0.031893138
58833.776274 24.012866 0.029891143
58833.776849 24.090962 0.033922597
58833.777425 24.133626 0.033914551
58833.777996 24.085352 0.029897041
58833.778564 24.029145 0.026921029
58833.779126 24.09782 0.032889948
58833.779701 24.058008 0.029808994
58833.780275 24.100103 0.030900859
58833.780836 24.050611 0.030862031
58833.781394 24.092975 0.03386966
58833.781959 24.088889 0.029923233
58833.78252 24.111356 0.031796432
58833.783078 24.049935 0.030888072
58833.783656 24.083233 0.030904749
58833.784224 24.067138 0.027925583
58833.784791 24.09376 0.027944027
58833.785359 24.14073 0.026922353
58833.785923 24.114173 0.026914661
58833.786499 24.08616 0.029940773
58833.787075 24.126539 0.02694411
58833.787657 24.120813 0.029944523
58833.788243 24.084486 0.026942317
58833.788815 24.119974 0.026962972
58833.789431 24.13175 0.023966988
58833.789993 24.111939 0.026958428
58833.790558 24.100843 0.024965664
58833.791114 24.099698 0.026957604
58833.791692 24.119561 0.025972436
58833.792254 24.102557 0.02396906
58833.792819 24.09294 0.023955184
58833.793386 24.12182 0.021968002
58833.793945 24.140309 0.024943374
58833.794517 24.106712 0.021969042
58833.79508 24.103776 0.024952764
58833.795646 24.102118 0.021970303
58833.796225 24.125592 0.021977723
58833.79679 24.144118 0.023980239
58833.797352 24.110751 0.024953155
58833.797908 24.140995 0.021978361
58833.798484 24.12355 0.020978205
58833.799061 24.137854 0.021974059
58833.799624 24.130061 0.021962896
58833.800185 24.099456 0.022940809
58833.800756 24.114255 0.023972599
58833.801313 24.15562 0.021974772
58833.801876 24.124212 0.022968732
58833.802443 24.138116 0.021967897
58833.803031 24.113087 0.023972612
58833.803608 24.135057 0.021970011
58833.804175 24.159641 0.022981538
58833.804741 24.150188 0.022980181
58833.805316 24.133689 0.02397676
58833.805876 24.15475 0.025971252
58833.806445 24.153466 0.022982985
58833.807016 24.13827 0.025971067
58833.807582 24.12624 0.023969877
58833.80816 24.193749 0.027950373
58833.808724 24.124854 0.024972577
58833.809281 24.138588 0.020973059
58833.809857 24.195182 0.023970857
58833.810432 24.16385 0.023969431
58833.811002 24.159919 0.023972634
58833.81157 24.206467 0.025978895
58833.812141 24.173088 0.022982255
58833.81271 24.174735 0.022981897
58833.813283 24.194408 0.021975053
58833.81385 24.197676 0.023982249
58833.814425 24.16596 0.022982438
58833.81499 24.148718 0.021983094
58833.815567 24.189567 0.020984755
58833.816133 24.181808 0.024957284
58833.816698 24.213161 0.027968463
58833.817289 24.142692 0.02296213
58833.817864 24.186435 0.025958171
58833.818429 24.144905 0.025949063
58833.819011 24.167519 0.025963297
58833.819573 24.205092 0.028946502
58833.820146 24.1464 0.024967704
58833.82073 24.220774 0.023970765
58833.821295 24.132952 0.022967815
58833.821869 24.149908 0.028958053
58833.822431 24.172426 0.027963407
58833.822986 24.186454 0.02797505
58833.823546 24.173612 0.028956223
58833.824122 24.195029 0.026965148
58833.82469 24.201045 0.029954406
58833.82527 24.263337 0.028966665
58833.825842 24.169096 0.031968177
58833.826414 24.211313 0.031944312
58833.826987 24.237058 0.027965481
58833.827559 24.165674 0.026962616
58833.828123 24.159159 0.026972389
58833.828694 24.176611 0.026952884
58833.829263 24.217389 0.027916442
58833.829826 24.216698 0.024973757
58833.830398 24.185589 0.024957053
58833.830961 24.199766 0.027950654
58833.831526 24.189015 0.022972644
58833.832097 24.192331 0.023974682
58833.83267 24.160144 0.023959007
58833.833228 24.214624 0.024972326
58833.833798 24.202896 0.026922795
58833.834371 24.17621 0.026949836
58833.834936 24.218459 0.022966587
58833.83551 24.18734 0.023963749
58833.836083 24.195922 0.026959962
58833.836648 24.184337 0.023963105
58833.837231 24.194542 0.026947047
58833.837806 24.22423 0.029929647
58833.83839 24.200738 0.024932469
58833.838952 24.200402 0.028916383
58833.839512 24.172885 0.027961798
58833.840078 24.178156 0.02893308
58833.840638 24.167627 0.026964294
58833.841214 24.212514 0.026969068
58833.841784 24.215501 0.02596447
58833.842354 24.236209 0.028962041
58833.842932 24.216149 0.025965724
58833.8435 24.196671 0.027964772
58833.844068 24.200358 0.026973313
58833.84464 24.187234 0.027963889
58833.845192 24.211758 0.025971161
58833.845764 24.157457 0.024977446
58833.846315 24.165109 0.025971946
58833.846882 24.188857 0.026975488
58833.847447 24.144765 0.027973198
58833.848017 24.161379 0.028973452
58833.848583 24.176072 0.031970755
58833.849139 24.165292 0.03196122
58833.849713 24.189114 0.028969026
58833.850286 24.176757 0.028973739
