HJD mag magerr
58833.526351 24.332413 0.083786654
58833.526938 24.321023 0.076626137
58833.527497 24.28857 0.068802876
58833.528073 24.167866 0.050779118
58833.52864 24.214131 0.03981558
58833.529223 24.253588 0.051646402
58833.529794 24.261849 0.055497788
58833.530369 24.319189 0.046742167
58833.530936 24.231434 0.038836718
58833.531508 24.271225 0.030902852
58833.532068 24.237007 0.029915495
58833.532639 24.220214 0.02986504
58833.533201 24.249594 0.025922956
58833.533765 24.253447 0.026923552
58833.534319 24.228428 0.029803977
58833.534878 24.247632 0.02788589
58833.535457 24.221851 0.024880183
58833.536022 24.238935 0.026876928
58833.536586 24.235396 0.022928478
58833.537148 24.285347 0.0249281
58833.537706 24.249032 0.02787522
58833.538275 24.253748 0.0239388
58833.538843 24.231214 0.02094033
58833.539403 24.278522 0.021930671
58833.539961 24.243412 0.02193097
58833.540691 24.270466 0.021956054
58833.54127 24.229376 0.020922267
58833.541834 24.23985 0.02095542
58833.542384 24.270256 0.023904272
58833.542946 24.217622 0.020935971
58833.543507 24.228517 0.018969812
58833.544071 24.253368 0.018967004
58833.544644 24.246423 0.017967122
58833.545206 24.224049 0.019944867
58833.545767 24.275516 0.02194964
58833.54634 24.271889 0.020930927
58833.546924 24.265141 0.022927194
58833.547488 24.26648 0.02093409
58833.548053 24.295624 0.020933031
58833.548633 24.250584 0.019942834
58833.549203 24.243786 0.018968886
58833.549779 24.250533 0.018955821
58833.550355 24.281271 0.020957109
58833.550911 24.237409 0.017967734
58833.551466 24.260434 0.019935599
58833.552025 24.241303 0.021882797
58833.552609 24.229994 0.020936376
58833.553172 24.262836 0.022919156
58833.553736 24.242704 0.02194242
58833.554298 24.23479 0.018965596
58833.554862 24.261714 0.019956104
58833.55542 24.269644 0.02097186
58833.556007 24.217244 0.022969345
58833.556565 24.242813 0.021975258
58833.557125 24.239296 0.022969098
58833.557676 24.246606 0.02197123
58833.558245 24.241257 0.021959389
58833.558811 24.235921 0.019956696
58833.559373 24.269779 0.020930928
58833.559928 24.264187 0.022899209
58833.560497 24.238081 0.02578871
58833.561052 24.189242 0.020933138
58833.561629 24.24538 0.024906408
58833.562183 24.250697 0.020935187
58833.562742 24.224572 0.018952496
58833.563315 24.214973 0.021933967
58833.563889 24.167025 0.019897822
58833.564461 24.316629 0.02474627
58833.565019 24.225987 0.016966701
58833.565576 24.251688 0.01598987
58833.566153 24.240975 0.017960386
58833.566722 24.249613 0.020942166
58833.56729 24.287615 0.021935804
58833.56785 24.18172 0.018915732
58833.568406 24.21692 0.017959961
58833.568961 24.242492 0.01897261
58833.569533 24.245391 0.016981846
58833.570095 24.237319 0.017973384
58833.57065 24.228255 0.01698303
58833.57121 24.245374 0.016983105
58833.571768 24.247676 0.018964887
58833.572322 24.257559 0.016977381
58833.572898 24.262512 0.021942236
58833.573468 24.280398 0.020928171
58833.574037 24.255169 0.02092681
58833.574593 24.242821 0.019937558
58833.575159 24.260832 0.03373392
58833.575726 24.295073 0.021844093
58833.576286 24.212496 0.019838835
58833.576839 24.250735 0.021854011
58833.577403 24.245275 0.019924284
58833.577964 24.242128 0.020948541
58833.578544 24.298468 0.021949722
58833.579114 24.285202 0.019929187
58833.579688 24.226533 0.019910374
58833.580238 24.252083 0.02092114
58833.58081 24.258673 0.020901084
58833.581375 24.262309 0.022876914
58833.581944 24.245335 0.019900912
58833.582509 24.302676 0.019945668
58833.58308 24.280399 0.021914671
58833.583647 24.267275 0.020900259
58833.584215 24.257407 0.021785949
58833.584762 24.340939 0.019893154
58833.585316 24.280081 0.020894938
58833.585886 24.263113 0.017947877
58833.586442 24.247635 0.018913269
58833.587001 24.246495 0.018941829
58833.587566 24.257282 0.023852837
58833.58814 24.254481 0.023889019
58833.588711 24.269225 0.018949465
58833.589285 24.3723 0.017959622
58833.589857 24.285776 0.01892766
58833.590423 24.342026 0.026776996
58833.590994 24.280898 0.022890154
58833.591559 24.341846 0.032620745
58833.592112 24.334255 0.030726002
58833.592665 24.221613 0.026795147
58833.593224 24.227924 0.028836311
58833.593796 24.266269 0.033792136
58833.594369 24.323141 0.04225009
58833.59492 24.325421 0.0345551
58833.595528 24.273873 0.024853591
58833.596082 24.229048 0.026820439
58833.596665 24.288283 0.027824547
58833.597231 24.298616 0.02586082
58833.597797 24.217698 0.021905105
58833.59838 24.226167 0.020931493
58833.598947 24.267146 0.020929704
58833.599512 24.255322 0.022915964
58833.60009 24.222638 0.020924437
58833.600655 24.252846 0.021944768
58833.601221 24.293153 0.021910805
58833.601788 24.256622 0.021935608
58833.602358 24.287246 0.019931519
58833.602926 24.294336 0.022920886
58833.60349 24.270081 0.0277592
58833.604047 24.23055 0.020923032
58833.604615 24.254177 0.023866576
58833.605171 24.247067 0.02488625
58833.605736 24.255439 0.02686795
58833.606292 24.255837 0.023886475
58833.606846 24.283868 0.024851796
58833.607409 24.245755 0.022882453
58833.607972 24.244629 0.02487668
58833.608554 24.257316 0.026853997
58833.609122 24.237265 0.023923207
58833.609691 24.328434 0.026767152
58833.61027 24.255722 0.02387675
58833.610843 24.246689 0.021894325
58833.611415 24.274209 0.022861512
58833.611993 24.317495 0.02384224
58833.612577 24.255919 0.021831809
58833.613137 24.223336 0.021864952
58833.613696 24.267912 0.023797501
58833.614278 24.293749 0.021867044
58833.614853 24.353479 0.023814728
58833.615407 24.260542 0.02282331
58833.615983 24.244712 0.021865875
58833.616534 24.263973 0.021900247
58833.617093 24.218453 0.023883033
58833.617655 24.255151 0.023918658
58833.618216 24.305189 0.022878967
58833.618781 24.244721 0.020950647
58833.619336 24.226076 0.022920573
58833.619908 24.247399 0.023895958
58833.620489 24.28098 0.021914479
58833.621073 24.250748 0.019945443
58833.621643 24.238223 0.021902096
58833.622212 24.267733 0.02191267
58833.622786 24.262695 0.02687345
58833.623339 24.252199 0.022895132
58833.623898 24.248894 0.022907947
58833.624467 24.249332 0.022929263
58833.625042 24.219523 0.020922398
58833.625625 24.272359 0.021922534
58833.626195 24.265655 0.019952189
58833.626758 24.275648 0.023923962
58833.627345 24.221658 0.021949129
58833.627901 24.28656 0.019952859
58833.628481 24.255433 0.020952602
58833.629058 24.268792 0.020948771
58833.629625 24.273997 0.01896978
58833.630194 24.240022 0.019967712
58833.630754 24.2373 0.020960839
58833.631339 24.313166 0.022841781
58833.631919 24.251773 0.025756634
58833.632476 24.226917 0.023862727
58833.633035 24.24281 0.023872188
58833.633609 24.267254 0.025886077
58833.634176 24.247526 0.031898196
58833.63477 24.261078 0.023908779
58833.63533 24.252738 0.022954244
58833.635896 24.218621 0.02291856
58833.636454 24.204252 0.018961804
58833.637031 24.227913 0.022919191
58833.637603 24.253825 0.021938397
58833.638178 24.223131 0.019938113
58833.638751 24.22811 0.019955405
58833.639317 24.24846 0.019948224
58833.639885 24.248591 0.019954262
58833.640451 24.272695 0.018980688
58833.641017 24.239301 0.018973001
58833.641587 24.271955 0.022954252
58833.642165 24.244137 0.021955534
58833.642733 24.257194 0.019958387
58833.643298 24.212374 0.020967751
58833.643881 24.259632 0.021963708
58833.644463 24.225079 0.017977384
58833.645038 24.223726 0.019960519
58833.645621 24.225893 0.020955296
58833.646196 24.231711 0.021927635
58833.646775 24.252866 0.02195759
58833.647352 24.258678 0.020958776
58833.647947 24.228105 0.023924991
58833.648518 24.250148 0.020975015
58833.649091 24.239846 0.020960967
58833.649661 24.237843 0.019958452
58833.650234 24.226837 0.01996711
58833.650812 24.268924 0.020972775
58833.651385 24.245243 0.020957166
58833.651942 24.233908 0.021953894
58833.652501 24.213518 0.020955724
58833.653051 24.232675 0.019976087
58833.653627 24.249886 0.021960174
58833.654196 24.240464 0.020967646
58833.654761 24.242654 0.019962447
58833.655332 24.223154 0.019973637
58833.655903 24.246449 0.020979832
58833.656459 24.23963 0.019979513
58833.657018 24.227707 0.018978762
58833.657575 24.25281 0.020980254
58833.658134 24.294983 0.022958619
58833.658729 24.24393 0.019971
58833.659291 24.256441 0.019973519
58833.659866 24.251451 0.020978468
58833.660428 24.230471 0.022955573
58833.660996 24.262839 0.020970131
58833.661568 24.279395 0.023963934
58833.662129 24.258622 0.021942013
58833.662686 24.241109 0.023927961
58833.663254 24.224362 0.021972958
58833.663845 24.218235 0.023936683
58833.664399 24.249591 0.021957973
58833.664959 24.204526 0.022959034
58833.66553 24.231945 0.023968106
58833.666087 24.266956 0.022980147
58833.666661 24.270842 0.019983177
58833.66724 24.215308 0.018981982
58833.667808 24.246775 0.019975995
58833.668374 24.259521 0.021979918
58833.66894 24.235991 0.021976254
58833.669515 24.268546 0.022978809
58833.670105 24.266165 0.023968604
58833.670664 24.248635 0.024948655
58833.671231 24.268869 0.023954002
58833.671792 24.254844 0.024950524
58833.672357 24.254401 0.024946972
58833.672921 24.237203 0.022959496
58833.6735 24.237312 0.023969062
58833.674063 24.253546 0.021971642
58833.674632 24.225169 0.024945134
58833.675223 24.197542 0.024916918
58833.67579 24.198215 0.025936295
58833.67635 24.267389 0.027920658
58833.676916 24.228738 0.023952562
58833.677484 24.233169 0.025936308
58833.678056 24.264281 0.026932688
0.0 0.0 0.0
58833.679182 24.22465 0.029881939
0.0 0.0 0.0
58833.680323 24.210766 0.037647382
58833.680894 24.220445 0.033750199
58833.681455 24.292141 0.035837122
58833.68202 24.235332 0.033756473
0.0 0.0 0.0
58833.683157 24.289865 0.038845148
0.0 0.0 0.0
58833.68429 24.290046 0.035819246
58833.684864 24.257147 0.030892633
58833.685427 24.245331 0.028893565
58833.686006 24.228352 0.030871976
58833.68663 24.242941 0.027933679
58833.687197 24.237916 0.026931911
58833.687766 24.267791 0.029936231
58833.688335 24.272854 0.026944983
58833.6889 24.303378 0.027928021
58833.689473 24.252881 0.027920297
58833.690035 24.222314 0.025926512
58833.690606 24.218104 0.026939859
58833.691182 24.221303 0.025946753
58833.691769 24.254678 0.02691745
58833.692334 24.217291 0.027906854
58833.692912 24.252324 0.026890579
58833.693482 24.234449 0.02691174
58833.694055 24.246263 0.025921432
58833.694629 24.250445 0.02695313
58833.695214 24.217296 0.027928822
0.0 0.0 0.0
58833.696709 24.222622 0.028903577
58833.697282 24.235082 0.031870209
58833.697854 24.253122 0.029907903
58833.698426 24.266803 0.02892485
58833.698997 24.24516 0.0319056
58833.699574 24.224208 0.024949536
58833.700162 24.246694 0.026954668
58833.700738 24.266367 0.027944302
58833.701314 24.20601 0.027951558
58833.701879 24.266078 0.039939705
58833.702433 24.246745 0.028965151
58833.702997 24.284949 0.023969669
58833.703569 24.267926 0.025970229
58833.704138 24.229742 0.023974604
58833.704693 24.264966 0.029963596
58833.705269 24.227203 0.023960708
58833.705842 24.236942 0.027951025
58833.706416 24.247821 0.029940027
58833.706995 24.265502 0.02597481
58833.70756 24.22662 0.026957557
58833.708139 24.267816 0.024961532
58833.708701 24.282114 0.026960268
58833.709269 24.213894 0.026961934
58833.709837 24.195755 0.026933715
58833.710398 24.2694 0.024957404
58833.710961 24.200957 0.030946576
58833.711531 24.281005 0.026939546
58833.712096 24.239269 0.028923424
58833.712678 24.263072 0.026958495
58833.713245 24.2203 0.026922404
58833.713811 24.26723 0.02695185
58833.71438 24.22347 0.023957458
58833.714942 24.245467 0.024948253
58833.715515 24.222338 0.024956071
58833.716099 24.248813 0.02197795
58833.716662 24.22188 0.023967079
58833.717217 24.255326 0.023967248
58833.717786 24.22841 0.024943063
58833.718352 24.260127 0.024937095
58833.718933 24.252238 0.028930673
58833.719515 24.252197 0.026955741
0.0 0.0 0.0
58833.720652 24.267775 0.027944285
58833.721229 24.228636 0.024941698
58833.721798 24.214562 0.026937632
58833.722365 24.254008 0.023960421
58833.722938 24.225082 0.023961457
58833.723517 24.229897 0.024957841
58833.724095 24.260339 0.021965817
58833.724659 24.263744 0.026929673
58833.725228 24.258456 0.023945561
58833.725794 24.27766 0.02395854
58833.726369 24.265805 0.025904615
58833.726949 24.248579 0.02889909
58833.727521 24.242252 0.028872487
58833.728085 24.255619 0.025925768
58833.728659 24.284985 0.024951075
58833.729226 24.235915 0.027931675
58833.729803 24.25257 0.025956556
58833.730359 24.243449 0.024956504
58833.730924 24.258559 0.02196594
58833.731502 24.288493 0.025945945
58833.732059 24.271073 0.028914835
58833.732632 24.26052 0.026927543
58833.733194 24.256565 0.025936441
58833.733759 24.237023 0.028857018
58833.734321 24.280173 0.029885436
58833.734879 24.300348 0.032863877
58833.735444 24.298029 0.034820782
58833.736003 24.261754 0.029890797
58833.736571 24.251059 0.035809924
58833.737136 24.257872 0.032869562
58833.737691 24.272829 0.030866855
58833.738267 24.236132 0.034733095
58833.738823 24.230402 0.028867581
58833.739382 24.227681 0.030848859
58833.739948 24.260753 0.031831642
58833.740522 24.289917 0.03579507
58833.741085 24.234518 0.035764498
58833.741647 24.249213 0.03287279
58833.742215 24.233954 0.029895015
58833.742788 24.246124 0.030806082
58833.743365 24.26515 0.032879422
58833.743953 24.255948 0.031869234
58833.744526 24.261177 0.028886199
58833.745093 24.231568 0.024920794
58833.745664 24.230588 0.026905926
58833.746226 24.235699 0.027912027
58833.746789 24.275247 0.027916472
58833.747358 24.209341 0.0259371
58833.747921 24.226081 0.0279322
58833.748478 24.190461 0.057946729
58833.749035 24.250869 0.023957564
58833.749599 24.237297 0.02295892
58833.750168 24.271538 0.027881522
58833.750733 24.202356 0.026887049
58833.751298 24.235754 0.028798022
58833.751854 24.238297 0.030870221
58833.752416 24.243665 0.027895201
58833.752988 24.213973 0.025911072
58833.753539 24.232543 0.025908672
58833.7541 24.203311 0.023926891
58833.754655 24.25009 0.023954617
58833.75523 24.285039 0.025956287
58833.755803 24.252683 0.025949744
58833.756377 24.262925 0.025947651
58833.756948 24.262512 0.025971365
58833.757519 24.257981 0.026959115
58833.758074 24.197562 0.026941925
58833.758639 24.207752 0.028861033
58833.759204 24.212837 0.033912177
58833.759765 24.247252 0.02993791
58833.760341 24.249167 0.027954684
58833.760921 24.230906 0.02894579
58833.761489 24.206661 0.035879184
58833.76205 24.21964 0.028944197
58833.762618 24.247978 0.029924089
58833.763196 24.253655 0.02795524
58833.763771 24.263694 0.027959391
58833.764345 24.215508 0.02595978
58833.764904 24.260378 0.027970251
58833.765469 24.231476 0.028962302
58833.766035 24.185232 0.026959172
58833.766604 24.299201 0.031938827
58833.767179 24.216261 0.027955941
58833.767754 24.300059 0.028965377
58833.768337 24.238754 0.025958037
58833.768906 24.240957 0.028957583
58833.769468 24.237041 0.02994863
58833.770037 24.290786 0.030951876
58833.770609 24.22596 0.029951779
58833.771176 24.249103 0.031898765
58833.77175 24.229626 0.031901119
58833.772312 24.236931 0.033853404
58833.772873 24.229019 0.034834258
58833.773436 24.234799 0.038817204
58833.774013 24.224723 0.03785109
58833.774581 24.258305 0.038877277
58833.775149 24.262299 0.038871729
58833.775718 24.282311 0.03687348
58833.776274 24.3089 0.035902996
58833.776849 24.302306 0.033928221
58833.777425 24.270516 0.037916678
58833.777996 24.22469 0.034879991
58833.778564 24.272248 0.03393165
58833.779126 24.281169 0.035915046
58833.779701 24.277292 0.035875822
58833.780275 24.243461 0.030906998
58833.780836 24.261502 0.036838969
58833.781394 24.299593 0.039874933
58833.781959 24.253262 0.033915015
58833.78252 24.229136 0.033928226
58833.783078 24.262584 0.03787057
58833.783656 24.287483 0.032900178
58833.784224 24.260347 0.031938283
58833.784791 24.226146 0.03090616
58833.785359 24.277372 0.030929646
58833.785923 24.274347 0.027951629
58833.786499 24.295731 0.02993599
58833.787075 24.24967 0.02993516
58833.787657 24.265218 0.030934167
58833.788243 24.233608 0.028943435
58833.788815 24.315263 0.02894754
58833.789431 24.247093 0.027935998
58833.789993 24.20975 0.028944212
58833.790558 24.259826 0.028955088
58833.791114 24.200988 0.026955563
58833.791692 24.28711 0.027973661
58833.792254 24.221774 0.025957805
58833.792819 24.261482 0.024965548
58833.793386 24.264627 0.024955367
58833.793945 24.221945 0.023948829
58833.794517 24.268897 0.02593337
58833.79508 24.204463 0.023968942
58833.795646 24.236228 0.024958444
58833.796225 24.24943 0.02396849
58833.79679 24.247802 0.023973137
58833.797352 24.241652 0.022969256
58833.797908 24.216814 0.02397508
58833.798484 24.208991 0.023975758
58833.799061 24.227286 0.021964453
58833.799624 24.268858 0.023962909
58833.800185 24.207535 0.022974093
58833.800756 24.23436 0.022974343
58833.801313 24.238771 0.024948814
58833.801876 24.27776 0.02396043
58833.802443 24.267383 0.023959913
58833.803031 24.230346 0.025969404
58833.803608 24.267948 0.022961933
58833.804175 24.240772 0.02397397
58833.804741 24.231972 0.021973374
58833.805316 24.215854 0.025965578
58833.805876 24.255923 0.028957325
58833.806445 24.237078 0.022977045
58833.807016 24.183948 0.022970928
58833.807582 24.212713 0.023944824
58833.80816 24.216424 0.024963316
58833.808724 24.247931 0.024960626
58833.809281 24.217185 0.023960097
58833.809857 24.234573 0.026969862
58833.810432 24.223519 0.025969063
58833.811002 24.220848 0.027968951
58833.81157 24.224137 0.027969278
58833.812141 24.222219 0.024969141
58833.81271 24.238093 0.023973652
58833.813283 24.257106 0.020978836
58833.81385 24.237011 0.021976185
58833.814425 24.23357 0.020974984
58833.81499 24.225004 0.023977849
58833.815567 24.191875 0.02297201
58833.816133 24.241927 0.024973789
58833.816698 24.249512 0.024972771
58833.817289 24.25856 0.02397131
58833.817864 24.28213 0.025962242
58833.818429 24.254979 0.024955543
58833.819011 24.260242 0.024953129
58833.819573 24.262917 0.027960501
58833.820146 24.246924 0.026954679
58833.82073 24.250026 0.025959656
58833.821295 24.239197 0.025965054
58833.821869 24.232547 0.026968453
58833.822431 24.264798 0.028960076
58833.822986 24.277094 0.028964915
58833.823546 24.225478 0.029940547
58833.824122 24.248867 0.029961934
58833.82469 24.212553 0.029959969
58833.82527 24.229914 0.035949806
58833.825842 24.23159 0.029956877
58833.826414 24.289266 0.030944698
58833.826987 24.210272 0.031924712
58833.827559 24.232601 0.027948415
58833.828123 24.225986 0.030972327
58833.828694 24.252096 0.026955005
58833.829263 24.241744 0.027961387
58833.829826 24.250156 0.023968343
58833.830398 24.241109 0.028933954
58833.830961 24.261797 0.023959935
58833.831526 24.226932 0.023963096
58833.832097 24.279011 0.023964485
58833.83267 24.24741 0.021965225
58833.833228 24.234434 0.024961302
58833.833798 24.203835 0.024963722
58833.834371 24.247412 0.024944029
58833.834936 24.297959 0.022966007
58833.83551 24.244596 0.023967973
58833.836083 24.242392 0.027955924
58833.836648 24.232843 0.027935021
58833.837231 24.242534 0.024952769
58833.837806 24.236363 0.027939522
58833.83839 24.25504 0.027938992
58833.838952 24.205831 0.028911049
58833.839512 24.246928 0.026947892
58833.840078 24.23482 0.02795045
58833.840638 24.214128 0.029927051
58833.841214 24.261867 0.030947493
58833.841784 24.25951 0.02796114
58833.842354 24.208072 0.025962873
58833.842932 24.223282 0.025952959
58833.8435 24.248364 0.02896249
58833.844068 24.267753 0.028950558
58833.84464 24.220958 0.0299257
58833.845192 24.206599 0.026956611
58833.845764 24.213793 0.024967668
58833.846315 24.227938 0.024974711
58833.846882 24.275167 0.026965493
58833.847447 24.236537 0.029968484
58833.848017 24.216232 0.03096711
58833.848583 24.224616 0.033956267
58833.849139 24.202814 0.029956019
58833.849713 24.245678 0.030955803
58833.850286 24.22813 0.027969514
