HJD mag magerr
58833.526351 24.303413 0.077787643
58833.526938 24.381023 0.076626137
58833.527497 24.26557 0.059805672
58833.528073 24.365866 0.063775277
58833.52864 24.360131 0.045812639
58833.529223 24.423588 0.05764323
58833.529794 24.439849 0.066493157
58833.530369 24.370189 0.048741122
58833.530936 24.293434 0.037837281
58833.531508 24.292225 0.031902129
58833.532068 24.287007 0.029915495
58833.532639 24.369214 0.030864172
58833.533201 24.297594 0.03191845
58833.533765 24.293447 0.028921967
58833.534319 24.316428 0.032800442
58833.534878 24.294632 0.026887121
58833.535457 24.411851 0.029873381
58833.536022 24.307935 0.027875866
58833.536586 24.290396 0.023927239
58833.537148 24.294347 0.023929179
58833.537706 24.400032 0.02787522
58833.538275 24.314748 0.02293984
58833.538843 24.288214 0.021938958
58833.539403 24.351522 0.02292957
58833.539961 24.324412 0.023928906
58833.540691 24.285466 0.020957038
58833.54127 24.303376 0.022919567
58833.541834 24.31785 0.021954398
58833.542384 24.354256 0.024903108
58833.542946 24.308622 0.022933755
58833.543507 24.277517 0.018969812
58833.544071 24.309368 0.019965949
58833.544644 24.320423 0.019964757
58833.545206 24.367049 0.02194208
58833.545767 24.350516 0.02194964
58833.54634 24.294889 0.0199324
58833.546924 24.336141 0.022927194
58833.547488 24.31448 0.022931234
58833.548053 24.276624 0.021931489
58833.548633 24.271584 0.020941292
58833.549203 24.301786 0.017970046
58833.549779 24.333533 0.019954675
58833.550355 24.332271 0.021956126
58833.550911 24.326409 0.018966484
58833.551466 24.355434 0.021932981
58833.552025 24.275303 0.022880447
58833.552609 24.346994 0.021934912
58833.553172 24.338836 0.023917753
58833.553736 24.320704 0.019944664
58833.554298 24.33979 0.019964496
58833.554862 24.334714 0.02195389
58833.55542 24.288644 0.021971104
58833.556007 24.292244 0.019971377
58833.556565 24.325813 0.022974683
58833.557125 24.315296 0.020970373
58833.557676 24.328606 0.023969963
58833.558245 24.328257 0.021959389
58833.558811 24.321921 0.020955531
58833.559373 24.322779 0.021929337
58833.559928 24.392187 0.023897136
58833.560497 24.360081 0.028781559
58833.561052 24.343242 0.021931599
58833.561629 24.33438 0.024906408
58833.562183 24.336697 0.021933696
58833.562742 24.387572 0.020949653
58833.563315 24.276973 0.021933967
58833.563889 24.421025 0.024884816
58833.564461 24.299629 0.025742732
58833.565019 24.386987 0.016966701
58833.565576 24.325688 0.01598987
58833.566153 24.402975 0.017960386
58833.566722 24.369613 0.020942166
58833.56729 24.292615 0.019938897
58833.56785 24.46372 0.022905167
58833.568406 24.35492 0.019957076
58833.568961 24.304492 0.01897261
58833.569533 24.328391 0.017980978
58833.570095 24.314319 0.017973384
58833.57065 24.314255 0.017982219
58833.57121 24.338374 0.017982298
58833.571768 24.327676 0.019963979
58833.572322 24.304559 0.017976298
58833.572898 24.314512 0.020943534
58833.573468 24.345398 0.022925055
58833.574037 24.379169 0.02092681
58833.574593 24.354821 0.019937558
58833.575159 24.327832 0.026749326
58833.575726 24.358073 0.022840945
58833.576286 24.448496 0.023821383
58833.576839 24.375735 0.022851651
58833.577403 24.330275 0.021921198
58833.577964 24.310128 0.020948541
58833.578544 24.320468 0.019952138
58833.579114 24.313202 0.019929187
58833.579688 24.393533 0.022905219
58833.580238 24.360083 0.02191932
58833.58081 24.326673 0.020901084
58833.581375 24.402309 0.023874761
58833.581944 24.381335 0.021896851
58833.582509 24.294676 0.018947357
58833.58308 24.344399 0.021914671
58833.583647 24.419275 0.023894094
58833.584215 24.461407 0.026764948
58833.584762 24.312939 0.019893154
58833.585316 24.387081 0.021891371
58833.585886 24.393113 0.019943492
58833.586442 24.375635 0.020909047
58833.587001 24.337495 0.01993996
58833.587566 24.322282 0.025848519
58833.58814 24.384481 0.024887316
58833.588711 24.325225 0.018949465
58833.589285 24.3403 0.016962913
58833.589857 24.404776 0.019924612
58833.590423 24.379026 0.025779721
58833.590994 24.329898 0.023887892
58833.591559 24.346846 0.031623439
58833.592112 24.313255 0.028730746
58833.592665 24.380613 0.030787155
58833.593224 24.318924 0.029834547
58833.593796 24.352269 0.035788809
58833.594369 24.355141 0.04225009
58833.59492 24.280421 0.032560751
58833.595528 24.304873 0.023856575
58833.596082 24.339048 0.02881665
58833.596665 24.357283 0.028822801
58833.597231 24.346616 0.02586082
58833.597797 24.364698 0.025899997
58833.59838 24.341167 0.022929118
58833.598947 24.344146 0.020929704
58833.599512 24.365322 0.023914801
58833.60009 24.331638 0.022921814
58833.600655 24.322846 0.021944768
58833.601221 24.298153 0.022909382
58833.601788 24.302622 0.021935608
58833.602358 24.293246 0.021927443
58833.602926 24.308336 0.022920886
58833.60349 24.327081 0.026761311
58833.604047 24.31855 0.021921606
58833.604615 24.289177 0.024864939
58833.605171 24.379067 0.025884702
58833.605736 24.356439 0.025869211
58833.606292 24.330837 0.026882731
58833.606846 24.299868 0.024851796
58833.607409 24.375755 0.025878052
58833.607972 24.318629 0.027873058
58833.608554 24.346316 0.02885158
58833.609122 24.325265 0.023923207
58833.609691 24.297434 0.026767152
58833.61027 24.356722 0.024875241
58833.610843 24.310689 0.022892633
58833.611415 24.311209 0.022861512
58833.611993 24.356495 0.02384224
58833.612577 24.333919 0.02083493
58833.613137 24.342336 0.022862235
58833.613696 24.337912 0.022800338
58833.614278 24.284749 0.020870072
58833.614853 24.326479 0.023814728
58833.615407 24.328542 0.023820813
58833.615983 24.372712 0.023861804
58833.616534 24.320973 0.021900247
58833.617093 24.360453 0.026879172
58833.617655 24.385151 0.023918658
58833.618216 24.332189 0.023877278
58833.618781 24.318721 0.022948515
58833.619336 24.345076 0.021921817
58833.619908 24.340399 0.026892534
58833.620489 24.32198 0.021914479
58833.621073 24.326748 0.020943973
58833.621643 24.321223 0.024897921
58833.622212 24.327733 0.022911277
58833.622786 24.372695 0.024876
58833.623339 24.347199 0.023893674
58833.623898 24.316894 0.025904521
58833.624467 24.320332 0.021930369
58833.625042 24.344523 0.022919702
58833.625625 24.300359 0.021922534
58833.626195 24.325655 0.020950902
58833.626758 24.365648 0.022924998
58833.627345 24.298658 0.020950048
58833.627901 24.30656 0.021950951
58833.628481 24.323433 0.020952602
58833.629058 24.331792 0.020948771
58833.629625 24.330997 0.019968815
58833.630194 24.308022 0.019967712
58833.630754 24.3383 0.020960839
58833.631339 24.333166 0.024837575
58833.631919 24.324773 0.026754229
58833.632476 24.318917 0.024860611
58833.633035 24.30781 0.023872188
58833.633609 24.277254 0.024887606
58833.634176 24.349526 0.031898196
58833.63477 24.314078 0.022910025
58833.63533 24.302738 0.020956136
58833.635896 24.332621 0.023917434
58833.636454 24.336252 0.020959523
58833.637031 24.336913 0.022919191
58833.637603 24.258825 0.022937175
58833.638178 24.364131 0.022934578
58833.638751 24.35611 0.021953602
58833.639317 24.29846 0.0209471
58833.639885 24.320591 0.020953271
58833.640451 24.285695 0.018980688
58833.641017 24.322301 0.019972139
58833.641587 24.322955 0.022954252
58833.642165 24.332137 0.022954655
58833.642733 24.323194 0.021956705
58833.643298 24.291374 0.021967013
58833.643881 24.336632 0.021963708
58833.644463 24.297079 0.020975111
58833.645038 24.334726 0.022958276
58833.645621 24.338893 0.022953755
58833.646196 24.316711 0.022926812
58833.646775 24.331866 0.020958355
58833.647352 24.331678 0.020958776
58833.647947 24.343105 0.025923772
58833.648518 24.345148 0.021974444
58833.649091 24.345846 0.020960967
58833.649661 24.321843 0.020957553
58833.650234 24.338837 0.021965784
58833.650812 24.313924 0.019973486
58833.651385 24.314243 0.02295569
58833.651942 24.335908 0.022953165
58833.652501 24.353518 0.022954199
58833.653051 24.355675 0.022974391
58833.653627 24.320886 0.021960174
58833.654196 24.317464 0.021966906
58833.654761 24.344654 0.023959771
58833.655332 24.314154 0.02097293
58833.655903 24.312449 0.020979832
58833.656459 24.30563 0.019979513
58833.657018 24.309707 0.021976984
58833.657575 24.27781 0.01898154
58833.658134 24.314983 0.022958619
58833.658729 24.30093 0.021969542
58833.659291 24.316441 0.019973519
58833.659866 24.313451 0.019979122
58833.660428 24.346471 0.022955573
58833.660996 24.308839 0.020970131
58833.661568 24.315395 0.022964544
58833.662129 24.309622 0.022941357
58833.662686 24.356109 0.025926309
58833.663254 24.301362 0.022972425
58833.663845 24.371235 0.024935918
58833.664399 24.311591 0.02295731
58833.664959 24.294526 0.023958473
58833.66553 24.346945 0.022968536
58833.666087 24.347956 0.022980147
58833.666661 24.310842 0.02098265
58833.66724 24.302308 0.019981408
58833.667808 24.269775 0.022974293
58833.668374 24.307521 0.020980442
58833.66894 24.315991 0.024974998
58833.669515 24.332546 0.02197929
58833.670105 24.312165 0.023968604
58833.670664 24.337635 0.025948109
58833.671231 24.306869 0.025952677
58833.671792 24.294844 0.021953019
58833.672357 24.304401 0.025946407
58833.672921 24.314203 0.024958174
58833.6735 24.301312 0.025968173
58833.674063 24.318546 0.021971642
58833.674632 24.300169 0.025944549
58833.675223 24.354542 0.026915225
58833.67579 24.335215 0.029934188
58833.67635 24.318389 0.027920658
58833.676916 24.325738 0.025950936
58833.677484 24.372169 0.031932591
58833.678056 24.336281 0.027931959
58833.678616 24.336548 0.032822395
58833.679182 24.34065 0.033879249
58833.679761 24.259567 0.033844167
58833.680323 24.352766 0.041642757
58833.680894 24.385445 0.037747221
58833.681455 24.290141 0.035837122
58833.68202 24.375332 0.036754224
58833.682591 24.334354 0.037741624
58833.683157 24.306865 0.032848958
58833.683728 24.324757 0.028861216
58833.68429 24.277046 0.033820847
58833.684864 24.343147 0.032891426
58833.685427 24.311331 0.031891503
58833.686006 24.311352 0.031871449
58833.68663 24.370941 0.032931522
58833.687197 24.293916 0.029930321
58833.687766 24.338791 0.028936792
58833.688335 24.332854 0.027944389
58833.6889 24.310378 0.027928021
58833.689473 24.314881 0.028919682
58833.690035 24.374314 0.027925178
58833.690606 24.334104 0.027939209
58833.691182 24.305303 0.027945531
58833.691769 24.328678 0.028916102
58833.692334 24.331291 0.029905102
58833.692912 24.352324 0.029888
58833.693482 24.355449 0.027910984
58833.694055 24.290263 0.025921432
58833.694629 24.345445 0.028952163
58833.695214 24.327296 0.029927775
58833.695788 24.355451 0.029923605
58833.696709 24.333622 0.032901187
58833.697282 24.333082 0.035867702
58833.697854 24.325122 0.030907316
58833.698426 24.326803 0.029924326
58833.698997 24.30916 0.033904627
58833.699574 24.328208 0.028947175
58833.700162 24.285694 0.026954668
58833.700738 24.336367 0.028943759
58833.701314 24.33601 0.031949888
58833.701879 24.316078 0.037940213
58833.702433 24.363745 0.032963834
58833.702997 24.310949 0.025968797
58833.703569 24.294926 0.022971786
58833.704138 24.350742 0.028972707
58833.704693 24.341966 0.026964642
58833.705269 24.312203 0.027958652
58833.705842 24.312942 0.028950548
58833.706416 24.290821 0.029940027
58833.706995 24.313502 0.028973822
58833.70756 24.29262 0.031955622
58833.708139 24.304816 0.024961532
58833.708701 24.311114 0.026960268
58833.709269 24.317894 0.027961524
58833.709837 24.308755 0.026933715
58833.710398 24.3344 0.028955413
58833.710961 24.310957 0.030946576
58833.711531 24.284005 0.029937749
58833.712096 24.288269 0.028923424
58833.712678 24.344072 0.027958048
58833.713245 24.3623 0.029920588
58833.713811 24.34223 0.027951441
58833.71438 24.32247 0.026955708
58833.714942 24.321467 0.024948253
58833.715515 24.331338 0.024956071
58833.716099 24.324813 0.026975854
58833.716662 24.32488 0.025966133
58833.717217 24.309326 0.023967248
58833.717786 24.35541 0.02694191
58833.718352 24.318127 0.028934775
58833.718933 24.315238 0.028930673
58833.719515 24.342197 0.028954829
58833.720081 24.320267 0.027924548
58833.720652 24.308775 0.029943243
58833.721229 24.314636 0.026940516
58833.721798 24.340562 0.027936958
58833.722365 24.321008 0.024959822
58833.722938 24.333082 0.023961457
58833.723517 24.293897 0.025957275
58833.724095 24.293339 0.022965142
58833.724659 24.340744 0.025930336
58833.725228 24.312456 0.024944905
58833.725794 24.31466 0.026956507
58833.726369 24.306805 0.026903702
58833.726949 24.332579 0.026900718
58833.727521 24.337252 0.027873184
58833.728085 24.340619 0.026925061
58833.728659 24.303985 0.02794928
58833.729226 24.306915 0.02993067
58833.729803 24.34357 0.026956035
58833.730359 24.358449 0.028954471
58833.730924 24.331559 0.02396467
58833.731502 24.305493 0.025945945
58833.732059 24.342073 0.026916897
58833.732632 24.31352 0.028926042
58833.733194 24.316565 0.029933763
58833.733759 24.342023 0.031854226
58833.734321 24.371173 0.032883405
58833.734879 24.330348 0.033863201
58833.735444 24.344029 0.034820782
58833.736003 24.375754 0.034886962
58833.736571 24.336059 0.038807788
58833.737136 24.331872 0.033868915
58833.737691 24.345829 0.034864061
58833.738267 24.353132 0.037730794
58833.738823 24.368402 0.034862973
58833.739382 24.388681 0.033846384
58833.739948 24.301753 0.033829882
58833.740522 24.315917 0.037793481
58833.741085 24.338518 0.039761047
58833.741647 24.352213 0.03287279
58833.742215 24.372954 0.032893158
58833.742788 24.378124 0.030806082
58833.743365 24.34415 0.033878825
58833.743953 24.308948 0.034867271
58833.744526 24.334177 0.030884665
58833.745093 24.319568 0.02791849
58833.745664 24.357588 0.030903102
58833.746226 24.319699 0.028911348
58833.746789 24.314247 0.026917181
58833.747358 24.325341 0.0259371
58833.747921 24.324081 0.0279322
58833.748478 24.284461 0.024954496
58833.749035 24.334869 0.025956342
58833.749599 24.294297 0.023958212
58833.750168 24.334538 0.028880602
58833.750733 24.346356 0.027886077
58833.751298 24.334754 0.030796061
58833.751854 24.353297 0.033868105
58833.752416 24.359665 0.028894389
58833.752988 24.358973 0.03090753
58833.753539 24.301543 0.026907799
58833.7541 24.321311 0.026924502
58833.754655 24.34409 0.024953929
58833.75523 24.294039 0.024956867
58833.755803 24.296683 0.028948091
58833.756377 24.303925 0.028945928
58833.756948 24.291512 0.025971365
58833.757519 24.356981 0.030957254
58833.758074 24.353562 0.028940982
58833.758639 24.322752 0.031859128
58833.759204 24.311837 0.035911188
58833.759765 24.304252 0.02993791
58833.760341 24.344167 0.033952062
58833.760921 24.329906 0.026946886
58833.761489 24.341661 0.038877462
58833.76205 24.33464 0.030943248
58833.762618 24.285978 0.030923607
58833.763196 24.313655 0.028954804
58833.763771 24.349694 0.029958634
58833.764345 24.313508 0.029958092
58833.764904 24.322378 0.027970251
58833.765469 24.357476 0.026963063
58833.766035 24.359232 0.032957022
58833.766604 24.298201 0.029939562
58833.767179 24.337261 0.031954423
58833.767754 24.313059 0.029965011
58833.768337 24.335754 0.029956275
58833.768906 24.346957 0.030956719
58833.769468 24.313041 0.02994863
58833.770037 24.361786 0.030951876
58833.770609 24.34296 0.027952663
58833.771176 24.359103 0.034897254
58833.77175 24.369626 0.035899221
58833.772312 24.293931 0.038850454
58833.772873 24.338019 0.042829689
58833.773436 24.405799 0.045813686
58833.774013 24.322723 0.044848063
58833.774581 24.320305 0.039876883
58833.775149 24.351299 0.04386989
58833.775718 24.331311 0.039872169
58833.776274 24.2909 0.036902507
58833.776849 24.357306 0.037926708
58833.777425 24.384516 0.041915338
58833.777996 24.39569 0.039877756
58833.778564 24.365248 0.034931253
58833.779126 24.296169 0.034915502
58833.779701 24.325292 0.037874875
58833.780275 24.309461 0.032905665
58833.780836 24.375502 0.039837289
58833.781394 24.382593 0.041873988
58833.781959 24.420262 0.035914058
58833.78252 24.413136 0.034927809
58833.783078 24.322584 0.036871044
58833.783656 24.330483 0.032900178
58833.784224 24.360347 0.03893537
58833.784791 24.343146 0.033904641
58833.785359 24.336372 0.032928642
58833.785923 24.299347 0.028951158
58833.786499 24.263731 0.030935473
58833.787075 24.36867 0.033933288
58833.787657 24.321218 0.034932418
58833.788243 24.354608 0.031942048
58833.788815 24.282263 0.029947076
58833.789431 24.314093 0.026936539
58833.789993 24.36275 0.032942456
58833.790558 24.346826 0.027955521
58833.791114 24.329988 0.029953984
58833.791692 24.29211 0.027973661
58833.792254 24.323774 0.026957299
58833.792819 24.360482 0.024965548
58833.793386 24.344627 0.02795373
58833.793945 24.330945 0.029945139
58833.794517 24.305897 0.02593337
58833.79508 24.303463 0.024968384
58833.795646 24.342228 0.025957885
58833.796225 24.33743 0.025967585
58833.79679 24.361802 0.025972219
58833.797352 24.316652 0.022969256
58833.797908 24.326814 0.022975576
58833.798484 24.330991 0.024975324
58833.799061 24.339286 0.022963751
58833.799624 24.320858 0.025961842
58833.800185 24.263535 0.022974093
58833.800756 24.30136 0.025972927
58833.801313 24.321771 0.025948269
58833.801876 24.31976 0.024959831
58833.802443 24.311383 0.02595876
58833.803031 24.322346 0.024969884
58833.803608 24.329948 0.022961933
58833.804175 24.299772 0.02397397
58833.804741 24.362972 0.024971703
58833.805316 24.321854 0.026965166
58833.805876 24.339923 0.026958187
58833.806445 24.304078 0.023976514
58833.807016 24.350948 0.026968886
58833.807582 24.325713 0.028942103
58833.80816 24.310424 0.027961712
58833.808724 24.348931 0.025960097
58833.809281 24.294185 0.024959492
58833.809857 24.334573 0.027969475
58833.810432 24.311519 0.026968621
58833.811002 24.340848 0.025969776
58833.81157 24.342137 0.028968921
58833.812141 24.354219 0.028967419
58833.81271 24.372093 0.02497318
58833.813283 24.321106 0.023977099
58833.81385 24.319011 0.023975137
58833.814425 24.28857 0.026971869
58833.81499 24.317004 0.023977849
58833.815567 24.322875 0.023971441
58833.816133 24.298927 0.02397425
58833.816698 24.383512 0.027971405
58833.817289 24.32156 0.026969907
58833.817864 24.31513 0.026961703
58833.818429 24.351979 0.028953465
58833.819011 24.293242 0.026951928
58833.819573 24.314917 0.028960042
58833.820146 24.335924 0.026954679
58833.82073 24.332026 0.02496019
58833.821295 24.358197 0.027964099
58833.821869 24.295547 0.025968961
58833.822431 24.343798 0.029959653
58833.822986 24.314094 0.03296359
58833.823546 24.322478 0.035938145
58833.824122 24.325867 0.030961566
58833.82469 24.274553 0.031959223
58833.82527 24.370914 0.032951011
58833.825842 24.26759 0.033955381
58833.826414 24.346266 0.03294375
58833.826987 24.326272 0.031924712
58833.827559 24.325601 0.027948415
58833.828123 24.323986 0.029972591
58833.828694 24.326096 0.02795452
58833.829263 24.325744 0.026961877
58833.829826 24.329156 0.025967261
58833.830398 24.312109 0.029933494
58833.830961 24.363797 0.028956935
58833.831526 24.298932 0.025962034
58833.832097 24.335011 0.02596327
58833.83267 24.30741 0.024963383
58833.833228 24.321434 0.026960313
58833.833798 24.366835 0.026962616
58833.834371 24.292412 0.028941407
58833.834936 24.323959 0.026963616
58833.83551 24.340596 0.025966878
58833.836083 24.330392 0.02895541
58833.836648 24.346843 0.027935021
58833.837231 24.339534 0.026951559
58833.837806 24.364363 0.029938166
58833.83839 24.34404 0.025940362
58833.838952 24.263831 0.029910101
58833.839512 24.327928 0.028946605
58833.840078 24.35982 0.032947975
58833.840638 24.307128 0.029927051
58833.841214 24.302867 0.030947493
58833.841784 24.33451 0.02796114
58833.842354 24.314072 0.026962342
58833.842932 24.315282 0.026952286
58833.8435 24.334364 0.027962922
58833.844068 24.311753 0.028950558
58833.84464 24.329958 0.0299257
58833.845192 24.372599 0.028955717
58833.845764 24.282793 0.028965862
58833.846315 24.323938 0.026973829
58833.846882 24.344167 0.029964268
58833.847447 24.317537 0.030968133
58833.848017 24.333232 0.033966166
58833.848583 24.309616 0.033956267
58833.849139 24.318814 0.035953878
58833.849713 24.376678 0.033954707
58833.850286 24.30813 0.033967473
