HJD mag magerr
0.0 0.0 0.0
0.0 0.0 0.0
0.0 0.0 0.0
0.0 0.0 0.0
0.0 0.0 0.0
0.0 0.0 0.0
0.0 0.0 0.0
0.0 0.0 0.0
0.0 0.0 0.0
0.0 0.0 0.0
0.0 0.0 0.0
0.0 0.0 0.0
0.0 0.0 0.0
0.0 0.0 0.0
0.0 0.0 0.0
0.0 0.0 0.0
0.0 0.0 0.0
58833.536022 23.154126 0.014954378
58833.536586 23.169358 0.013967665
0.0 0.0 0.0
0.0 0.0 0.0
0.0 0.0 0.0
0.0 0.0 0.0
0.0 0.0 0.0
0.0 0.0 0.0
58833.540691 23.175745 0.013978601
0.0 0.0 0.0
58833.541834 23.180391 0.013965825
58833.542384 23.130006 0.013966212
58833.542946 23.173841 0.015952719
58833.543507 23.182959 0.013970126
58833.544071 23.175739 0.012985439
58833.544644 23.202962 0.011986151
58833.545206 23.19949 0.014961062
58833.545767 23.183124 0.014967456
58833.54634 23.181443 0.0139784
58833.546924 23.151703 0.012973089
58833.547488 23.160297 0.013965159
58833.548053 23.182412 0.012972758
58833.548633 23.128975 0.013978665
0.0 0.0 0.0
0.0 0.0 0.0
0.0 0.0 0.0
0.0 0.0 0.0
0.0 0.0 0.0
0.0 0.0 0.0
0.0 0.0 0.0
58833.553172 23.156958 0.013971294
58833.553736 23.224925 0.012976848
58833.554298 23.195185 0.013980151
58833.554862 23.142157 0.013979333
58833.55542 23.164631 0.012989518
58833.556007 23.164579 0.012991312
58833.556565 23.150006 0.014987198
58833.557125 23.220076 0.015981968
58833.557676 23.185059 0.014987985
58833.558245 23.160408 0.013979251
58833.558811 23.157491 0.014963683
58833.559373 23.222237 0.030939339
0.0 0.0 0.0
58833.560497 23.177557 0.017856304
58833.561052 23.205311 0.013945244
58833.561629 23.148233 0.015937317
0.0 0.0 0.0
58833.562742 23.209149 0.028950926
58833.563315 23.212017 0.013971462
58833.563889 23.215797 0.014900463
58833.564461 23.189277 0.015835107
58833.565019 23.250862 0.011990012
58833.565576 23.163639 0.012994314
58833.566153 23.179409 0.01297502
58833.566722 23.147002 0.0149642
58833.56729 23.174705 0.014962742
58833.56785 23.094882 0.014946396
58833.568406 23.21875 0.011991772
0.0 0.0 0.0
0.0 0.0 0.0
58833.570095 23.193323 0.012984558
58833.57065 23.167482 0.012991788
58833.57121 23.190783 0.013983162
58833.571768 23.163466 0.012987279
58833.572322 23.163543 0.012982786
0.0 0.0 0.0
58833.573468 23.222253 0.016886999
58833.574037 23.262161 0.035900818
0.0 0.0 0.0
0.0 0.0 0.0
58833.575726 23.178156 0.014870351
0.0 0.0 0.0
58833.576839 23.137331 0.012939876
0.0 0.0 0.0
0.0 0.0 0.0
58833.578544 23.187771 0.013960315
0.0 0.0 0.0
0.0 0.0 0.0
0.0 0.0 0.0
58833.58081 23.16925 0.012962222
58833.581375 23.074214 0.014880156
58833.581944 23.165095 0.013944116
0.0 0.0 0.0
58833.58308 23.187605 0.015934699
58833.583647 23.226991 0.015908078
0.0 0.0 0.0
58833.584762 23.221412 0.012958845
58833.585316 23.393013 0.014926681
58833.585886 23.197191 0.013955568
58833.586442 24.358513 0.138925
0.0 0.0 0.0
58833.587566 23.227813 0.014925009
58833.58814 23.21233 0.014934109
58833.588711 23.182299 0.01398389
58833.589285 23.245694 0.012982905
58833.589857 23.336737 0.014862105
58833.590423 23.136982 0.014861633
58833.590994 23.243091 0.013903468
58833.591559 23.20276 0.017822071
58833.592112 23.199018 0.015845769
58833.592665 23.250098 0.016811702
58833.593224 23.25808 0.01786953
58833.593796 23.224419 0.017894118
58833.594369 23.087698 0.018693647
58833.59492 23.167219 0.016845036
58833.595528 23.198224 0.014882363
58833.596082 23.163575 0.015910742
58833.596665 23.151704 0.015910904
58833.597231 23.16738 0.015884333
58833.597797 23.213239 0.014940009
58833.59838 23.22278 0.013971012
58833.598947 23.160714 0.013961324
58833.599512 23.192178 0.014945381
58833.60009 23.201975 0.01496252
58833.600655 23.198684 0.014964188
58833.601221 23.162339 0.013952443
58833.601788 23.175407 0.013970055
58833.602358 23.125453 0.01495755
58833.602926 23.185916 0.015927017
58833.60349 23.173357 0.015870453
58833.604047 23.156782 0.013954526
58833.604615 23.162309 0.015920286
58833.605171 23.182501 0.015882688
58833.605736 23.163664 0.015921616
58833.606292 23.18007 0.016918188
58833.606846 23.172861 0.01491139
58833.607409 23.200398 0.015916702
58833.607972 23.267683 0.014945238
58833.608554 23.157251 0.016890337
58833.609122 23.227471 0.015929021
58833.609691 23.165722 0.015887304
58833.61027 23.199504 0.014929899
58833.610843 23.151318 0.013933503
58833.611415 23.195823 0.014916047
58833.611993 23.167245 0.01490435
58833.612577 23.202765 0.013909728
58833.613137 23.23627 0.015903673
58833.613696 23.154876 0.014898018
58833.614278 23.171413 0.01393078
58833.614853 23.15918 0.014872815
58833.615407 23.201039 0.014896934
58833.615983 23.203102 0.014914903
58833.616534 23.323609 0.013946024
58833.617093 23.215776 0.015925772
58833.617655 23.211365 0.014950829
58833.618216 23.153158 0.013962137
58833.618781 23.182051 0.015956852
58833.619336 23.166107 0.014952188
58833.619908 23.169643 0.014944699
58833.620489 23.163676 0.014949117
58833.621073 23.198969 0.014955958
58833.621643 23.200754 0.014936857
58833.622212 23.195297 0.014944111
58833.622786 23.19756 0.01492088
58833.623339 23.205186 0.014955035
58833.623898 23.186107 0.014941058
58833.624467 23.180081 0.014955774
58833.625042 23.168671 0.014948196
58833.625625 23.161512 0.013957611
58833.626195 23.15723 0.014960559
58833.626758 23.179993 0.015917946
58833.627345 23.188094 0.013973296
58833.627901 23.170396 0.013973156
58833.628481 23.162126 0.013973916
58833.629058 23.173234 0.013971572
58833.629625 23.171466 0.013974084
58833.630194 23.16945 0.014972228
58833.630754 23.160832 0.012982681
58833.631339 23.090284 0.014940132
58833.631919 23.15774 0.014872463
58833.632476 23.149231 0.015883504
58833.633035 23.196575 0.014928944
58833.633609 23.175341 0.01491651
58833.634176 23.152541 0.015949794
58833.63477 23.218264 0.014936818
58833.63533 23.169054 0.013967846
58833.635896 23.157396 0.014946518
58833.636454 23.172415 0.012981846
58833.637031 23.17456 0.014919193
58833.637603 23.157952 0.014959022
58833.638178 23.183964 0.014927696
58833.638751 23.171869 0.013974131
58833.639317 23.159339 0.013972545
58833.639885 23.179243 0.014972617
58833.640451 23.154156 0.014986015
58833.641017 23.173963 0.012987852
58833.641587 23.147745 0.013974526
58833.642165 23.171389 0.013979362
58833.642733 23.174535 0.012979703
58833.643298 23.192726 0.013973503
58833.643881 23.200198 0.014959778
58833.644463 23.183944 0.012988881
58833.645038 23.192646 0.013978099
58833.645621 23.173913 0.014957259
58833.646196 23.170449 0.014958658
58833.646775 23.185225 0.012979403
58833.647352 23.184081 0.013978849
58833.647947 23.159575 0.015951477
58833.648518 23.194991 0.012989875
58833.649091 23.19376 0.013979818
58833.649661 23.150211 0.013986212
58833.650234 23.168044 0.013986169
58833.650812 23.19217 0.014978968
58833.651385 23.180476 0.014974236
58833.651942 23.181682 0.013976844
58833.652501 23.160075 0.012987169
58833.653051 23.164797 0.014986822
58833.653627 23.167309 0.012987835
58833.654196 23.162232 0.013974634
58833.654761 23.170452 0.014977279
58833.655332 23.173961 0.013985499
58833.655903 23.170097 0.012989296
58833.656459 23.165215 0.01498628
58833.657018 23.147974 0.01398945
58833.657575 23.176597 0.013990512
58833.658134 23.200494 0.012987494
58833.658729 23.167839 0.01497513
58833.659291 23.174365 0.014978427
58833.659866 23.168443 0.012991375
58833.660428 23.196716 0.014975422
58833.660996 23.167136 0.014976798
58833.661568 23.141383 0.014977836
58833.662129 23.16832 0.014960885
58833.662686 23.155034 0.014960626
58833.663254 23.167282 0.012988989
58833.663845 23.182097 0.016935615
58833.664399 23.135428 0.014973672
58833.664959 23.178006 0.013987266
58833.66553 23.163909 0.01598004
58833.666087 23.172154 0.015986293
58833.666661 23.185857 0.01498789
58833.66724 23.178531 0.013991259
58833.667808 23.160138 0.013989853
58833.668374 23.176282 0.01498688
58833.66894 23.197607 0.014982078
58833.669515 23.163946 0.014980066
58833.670105 23.157817 0.015973277
58833.670664 23.174058 0.013975945
58833.671231 23.187626 0.015976844
58833.671792 23.15635 0.014975488
58833.672357 23.182731 0.014974107
58833.672921 23.160806 0.014972363
58833.6735 23.14979 0.014984275
58833.674063 23.185885 0.013987707
58833.674632 23.192181 0.014972736
58833.675223 23.199853 0.016925826
58833.67579 23.161046 0.015964182
58833.67635 23.184708 0.015958087
58833.676916 23.189602 0.014977766
58833.677484 23.196078 0.01597008
58833.678056 23.229326 0.015966549
58833.678616 23.183313 0.017887496
58833.679182 23.206866 0.017894064
58833.679761 23.155068 0.017837204
58833.680323 23.197778 0.021648535
58833.680894 23.185127 0.019832933
58833.681455 23.218421 0.019726423
58833.68202 23.197062 0.018820738
58833.682591 23.156783 0.017833935
58833.683157 23.218614 0.017908016
58833.683728 23.183361 0.016902262
58833.68429 23.198165 0.018811658
58833.684864 23.18857 0.016942536
58833.685427 23.17843 0.01693713
58833.686006 23.190672 0.016910824
58833.68663 23.168072 0.015963666
58833.687197 23.166917 0.014977982
58833.687766 23.183865 0.014971008
58833.688335 23.15483 0.015974146
58833.6889 23.184052 0.015963612
58833.689473 23.169705 0.015959838
58833.690035 23.17234 0.015959163
58833.690606 23.159335 0.016939699
58833.691182 23.174973 0.015968517
58833.691769 23.174629 0.015952275
58833.692334 23.175904 0.015922926
58833.692912 23.197743 0.015942313
58833.693482 23.169104 0.014956146
58833.694055 23.194574 0.014957667
58833.694629 23.161396 0.014974921
58833.695214 23.186842 0.016964211
58833.695788 23.184517 0.015961444
58833.696709 23.177645 0.015964655
58833.697282 23.177398 0.017929444
58833.697854 23.174369 0.015948635
58833.698426 23.185278 0.016959831
58833.698997 23.20682 0.019944658
0.0 0.0 0.0
58833.700162 23.168895 0.0159793
0.0 0.0 0.0
58833.701314 23.174078 0.015969352
58833.701879 23.165265 0.019969753
58833.702433 23.17989 0.015982773
58833.702997 23.18344 0.014985578
58833.703569 23.161664 0.015974286
58833.704138 23.158686 0.015987422
58833.704693 23.160688 0.014984461
58833.705269 23.163417 0.01497644
58833.705842 23.162254 0.015966602
58833.706416 23.180428 0.015958854
58833.706995 23.159402 0.015982359
58833.70756 23.185938 0.020965129
0.0 0.0 0.0
0.0 0.0 0.0
0.0 0.0 0.0
0.0 0.0 0.0
0.0 0.0 0.0
58833.710961 23.161016 0.015954572
58833.711531 23.163672 0.015970849
58833.712096 23.160712 0.015968604
0.0 0.0 0.0
0.0 0.0 0.0
58833.713811 23.177722 0.015971762
58833.71438 23.201767 0.014980117
58833.714942 23.187823 0.01497454
58833.715515 23.166451 0.01497329
58833.716099 23.146938 0.015982136
58833.716662 23.21126 0.014984459
58833.717217 23.174437 0.013984391
58833.717786 23.14914 0.014972884
58833.718352 23.179428 0.015966149
0.0 0.0 0.0
58833.719515 23.192934 0.01597082
58833.720081 23.196775 0.014966413
58833.720652 23.141531 0.014974868
58833.721229 23.168106 0.015962425
58833.721798 23.214663 0.016963077
0.0 0.0 0.0
58833.722938 23.159862 0.013984546
58833.723517 23.211107 0.022962088
0.0 0.0 0.0
0.0 0.0 0.0
0.0 0.0 0.0
58833.725794 23.161592 0.013979928
58833.726369 23.182539 0.014963798
58833.726949 23.199816 0.015945421
58833.727521 23.198465 0.016909982
58833.728085 23.195294 0.016926415
58833.728659 23.184422 0.015960261
58833.729226 23.203184 0.016959837
58833.729803 23.152707 0.014976109
58833.730359 23.151827 0.016962374
58833.730924 23.166376 0.01497455
58833.731502 23.179765 0.014974752
58833.732059 23.212195 0.015931633
58833.732632 23.196078 0.015959895
58833.733194 23.159294 0.015940058
58833.733759 23.152312 0.015910658
58833.734321 23.17738 0.016933208
58833.734879 23.142405 0.017916545
58833.735444 23.161002 0.017879874
58833.736003 23.140905 0.018890496
58833.736571 23.174995 0.019882927
58833.737136 23.148331 0.017891268
58833.737691 23.184215 0.016926197
58833.738267 23.166155 0.017820426
58833.738823 23.155478 0.015914101
58833.739382 23.187661 0.016928157
58833.739948 23.212141 0.017874921
58833.740522 23.183676 0.01787952
58833.741085 23.223013 0.020841568
58833.741647 23.200985 0.016925575
58833.742215 23.201462 0.016941362
58833.742788 23.193168 0.017866353
58833.743365 23.163601 0.017919918
58833.743953 23.213901 0.031892661
58833.744526 23.179866 0.015935806
58833.745093 23.186364 0.015956111
58833.745664 23.169042 0.016942521
58833.746226 23.163645 0.015953315
58833.746789 23.17257 0.015952879
58833.747358 23.181197 0.014967577
58833.747921 23.181401 0.014963909
58833.748478 23.180116 0.015966468
58833.749035 23.178673 0.015965599
58833.749599 23.152103 0.014965861
58833.750168 23.178929 0.01493385
58833.750733 23.201113 0.016932325
58833.751298 23.258276 0.015903046
58833.751854 23.141386 0.017901289
58833.752416 23.18366 0.015938418
58833.752988 23.199721 0.015942336
58833.753539 23.159555 0.015948656
58833.7541 23.206362 0.015954612
58833.754655 23.168921 0.015965247
58833.75523 23.154602 0.014979571
58833.755803 23.148855 0.01695607
58833.756377 23.189723 0.016957488
58833.756948 23.183087 0.014979819
58833.757519 23.153533 0.014983475
58833.758074 23.16398 0.015977694
58833.758639 23.19277 0.016943159
58833.759204 23.162133 0.017931258
58833.759765 23.18619 0.015972863
58833.760341 23.180615 0.016971738
58833.760921 23.203986 0.016972068
58833.761489 23.170286 0.018942981
58833.76205 23.175483 0.014976547
58833.762618 23.175201 0.017958539
58833.763196 23.173057 0.017966549
58833.763771 23.176022 0.014984373
58833.764345 23.171603 0.014979945
58833.764904 23.177893 0.015982002
58833.765469 23.161312 0.01498871
58833.766035 23.186131 0.01498193
58833.766604 23.197671 0.016964158
58833.767179 23.13738 0.015984212
58833.767754 23.156632 0.016982616
58833.768337 23.173404 0.014979291
58833.768906 23.160918 0.015981089
58833.769468 23.177529 0.016961091
58833.770037 23.155422 0.015975924
58833.770609 23.176825 0.016967494
58833.771176 23.197925 0.017924633
58833.77175 23.186076 0.018940164
58833.772312 23.180939 0.018922773
58833.772873 23.199537 0.018906431
58833.773436 23.261303 0.022871599
58833.774013 23.214867 0.021888223
58833.774581 23.162715 0.019925943
58833.775149 23.176998 0.018924998
58833.775718 23.183909 0.018926996
58833.776274 23.162038 0.018951301
58833.776849 23.164057 0.018960871
58833.777425 23.154847 0.017959788
58833.777996 23.195741 0.019936645
58833.778564 23.227326 0.017958869
58833.779126 23.175707 0.017948932
58833.779701 23.201778 0.017947771
58833.780275 23.19385 0.017956162
58833.780836 23.176341 0.019883857
58833.781394 23.143769 0.019884021
58833.781959 23.172458 0.016954428
58833.78252 23.207264 0.017961233
58833.783078 23.196785 0.01991822
58833.783656 23.189156 0.018933768
58833.784224 23.205012 0.017964323
58833.784791 23.180306 0.016966534
58833.785359 23.138004 0.016971237
58833.785923 23.206628 0.015977074
58833.786499 23.180831 0.015967289
58833.787075 23.202068 0.017967832
58833.787657 23.177198 0.017968166
58833.788243 23.176721 0.016966893
58833.788815 23.186933 0.014977534
58833.789431 23.184514 0.013983173
58833.789993 23.168417 0.01597415
58833.790558 23.179982 0.01598407
58833.791114 23.159164 0.016967301
58833.791692 23.199897 0.014981826
58833.792254 23.185581 0.015966037
58833.792819 23.216833 0.013980618
58833.793386 23.172455 0.01496947
58833.793945 23.156093 0.014976437
58833.794517 23.182386 0.013981005
58833.79508 23.173886 0.01597702
58833.795646 23.191754 0.014980968
58833.796225 23.174031 0.014976123
58833.79679 23.171476 0.013988701
58833.797352 23.169531 0.013991014
58833.797908 23.160146 0.013986986
58833.798484 23.178769 0.013988177
58833.799061 23.167372 0.013985628
58833.799624 23.183874 0.013984105
58833.800185 23.159612 0.014985011
58833.800756 23.228068 0.017969446
0.0 0.0 0.0
0.0 0.0 0.0
0.0 0.0 0.0
58833.803031 23.206664 0.014988014
0.0 0.0 0.0
58833.804175 23.195387 0.01398944
58833.804741 23.181795 0.014987622
58833.805316 23.168149 0.016984018
58833.805876 23.179965 0.015980549
58833.806445 23.195835 0.016988216
58833.807016 23.180953 0.013988247
58833.807582 23.175892 0.014976822
58833.80816 23.195959 0.015985214
58833.808724 23.15394 0.014987339
58833.809281 23.177144 0.014983181
58833.809857 23.175317 0.015986034
58833.810432 23.169755 0.014981929
58833.811002 23.200498 0.01498603
58833.81157 23.172395 0.014988429
58833.812141 23.166664 0.015987156
58833.81271 23.165707 0.014989283
58833.813283 23.183615 0.014990888
58833.81385 23.175507 0.013990929
58833.814425 23.171265 0.013990559
0.0 0.0 0.0
58833.815567 23.184158 0.015986751
58833.816133 23.190119 0.015984977
58833.816698 23.136732 0.017966629
58833.817289 23.21223 0.014981397
58833.817864 23.214363 0.013982112
58833.818429 23.183026 0.015977422
58833.819011 23.172136 0.015977533
58833.819573 23.168566 0.014985561
58833.820146 23.174471 0.014976281
58833.82073 23.188103 0.014981179
58833.821295 23.165151 0.015979592
58833.821869 23.199015 0.01498245
58833.822431 23.16011 0.014987162
58833.822986 23.197106 0.015986128
58833.823546 23.195628 0.017971307
58833.824122 23.186359 0.01597285
58833.82469 23.206948 0.017981941
58833.82527 23.159687 0.015987102
58833.825842 23.154587 0.016981742
58833.826414 23.212518 0.015974285
58833.826987 23.158379 0.016972078
58833.827559 23.17579 0.015977295
58833.828123 23.172659 0.016981565
58833.828694 23.215104 0.015969063
58833.829263 23.177181 0.014978645
58833.829826 23.19232 0.015967577
58833.830398 23.222839 0.014978601
58833.830961 23.189293 0.014979601
58833.831526 23.193866 0.015968953
58833.832097 23.175163 0.013986056
58833.83267 23.18902 0.014979558
58833.833228 23.172546 0.014979696
58833.833798 23.167882 0.012988723
58833.834371 23.227165 0.016967784
58833.834936 23.174483 0.014984735
58833.83551 23.188528 0.013985132
58833.836083 23.169627 0.013984333
58833.836648 23.186627 0.01498347
58833.837231 23.185963 0.013985185
58833.837806 23.177311 0.015958082
58833.83839 23.185443 0.014970461
58833.838952 23.178589 0.01595754
58833.839512 23.196446 0.014979616
58833.840078 23.203227 0.018965623
58833.840638 23.196864 0.01597877
58833.841214 23.161631 0.014981002
58833.841784 23.188092 0.014985469
58833.842354 23.200781 0.013985338
58833.842932 23.152663 0.015980043
58833.8435 23.188422 0.013985369
58833.844068 23.176738 0.014984297
58833.84464 23.165457 0.014983384
58833.845192 23.194928 0.015985163
58833.845764 23.177165 0.014987483
58833.846315 23.180884 0.014987635
58833.846882 23.200146 0.015989033
58833.847447 23.21273 0.017978494
58833.848017 23.194924 0.015986828
58833.848583 23.16553 0.016981051
58833.849139 23.169923 0.018981272
58833.849713 23.196477 0.018971615
58833.850286 23.169412 0.015987064
