HJD mag magerr
58833.526351 24.613489 0.097773584
58833.526938 24.629207 0.093665726
58833.527497 24.74223 0.089865075
58833.528073 24.835472 0.092701777
58833.52864 24.63527 0.062828207
58833.529223 24.777739 0.096442884
58833.529794 24.647112 0.081471603
58833.530369 24.616505 0.056714182
58833.530936 24.691492 0.05283473
58833.531508 24.66432 0.045879731
58833.532068 24.612001 0.038903662
58833.532639 24.70911 0.042821452
58833.533201 24.695561 0.040912511
58833.533765 24.643687 0.035933208
58833.534319 24.725526 0.04875976
58833.534878 24.783777 0.044751355
58833.535457 24.716765 0.041822399
58833.536022 24.7237 0.033930214
58833.536586 24.641785 0.029939575
58833.537148 24.632221 0.030944423
58833.537706 24.633967 0.033875971
58833.538275 24.655119 0.029924588
58833.538843 24.692763 0.026946236
58833.539403 24.682663 0.028921035
58833.539961 24.694071 0.02889216
58833.540691 24.689915 0.025950751
58833.54127 24.677729 0.029944523
58833.541834 24.660952 0.026957376
58833.542384 24.617636 0.026959947
58833.542946 24.706018 0.027930842
58833.543507 24.680296 0.023965898
58833.544071 24.672947 0.024969054
58833.544644 24.736373 0.024946498
58833.545206 24.685018 0.025944804
58833.545767 24.681406 0.024966152
58833.54634 24.664886 0.024970713
58833.546924 24.657714 0.023946224
58833.547488 24.637653 0.026919742
58833.548053 24.707816 0.026933696
58833.548633 24.667527 0.024964156
58833.549203 24.648299 0.025959072
58833.549779 24.705263 0.020969194
58833.550355 24.694957 0.027960201
58833.550911 24.697122 0.024953773
58833.551466 24.63965 0.024936568
58833.552025 24.662451 0.02792714
58833.552609 24.642989 0.028920688
58833.553172 24.591259 0.023939505
58833.553736 24.678393 0.026933566
58833.554298 24.623329 0.023971877
58833.554862 24.668813 0.023973081
58833.55542 24.662912 0.026971549
58833.556007 24.66037 0.023983306
58833.556565 24.65188 0.028979368
58833.557125 24.720251 0.026971473
58833.557676 24.667954 0.028977209
58833.558245 24.683038 0.02496093
58833.558811 24.69055 0.027960506
58833.559373 24.657803 0.028912469
58833.559928 24.680602 0.029842548
58833.560497 24.710512 0.036728268
58833.561052 24.654115 0.026911902
58833.561629 24.632838 0.027870543
58833.562183 24.673727 0.026921969
58833.562742 24.673142 0.026943709
58833.563315 24.625334 0.024956865
58833.563889 24.66791 0.029863912
58833.564461 24.781725 0.034749198
58833.565019 24.680976 0.021950211
58833.565576 24.634341 0.019986028
58833.566153 24.73661 0.028915972
58833.566722 24.682842 0.025925719
58833.56729 24.743545 0.025949409
58833.56785 24.605596 0.022931319
58833.568406 24.602642 0.02197228
58833.568961 24.698348 0.020975149
58833.569533 24.716225 0.02297181
58833.570095 24.645159 0.020979612
58833.57065 24.664266 0.021987296
58833.57121 24.668179 0.020973318
58833.571768 24.671344 0.022964276
58833.572322 24.649561 0.019978566
58833.572898 24.671522 0.021960481
58833.573468 24.644771 0.025906763
58833.574037 24.658433 0.025911945
58833.574593 24.668669 0.025928348
58833.575159 24.767179 0.03756598
58833.575726 24.742274 0.029856414
58833.576286 24.718143 0.026899025
58833.576839 24.639311 0.025892367
58833.577403 24.644995 0.022936999
58833.577964 24.681519 0.025937706
58833.578544 24.573247 0.024951469
58833.579114 24.679853 0.026908011
58833.579688 24.640445 0.026917302
58833.580238 24.671017 0.026893479
58833.58081 24.687798 0.028878611
58833.581375 24.627753 0.026852315
58833.581944 24.615786 0.022935639
58833.582509 24.671307 0.02395517
58833.58308 24.638239 0.027910286
58833.583647 24.658919 0.028839547
58833.584215 24.617345 0.026821116
58833.584762 24.700395 0.025889517
58833.585316 24.732984 0.027856075
58833.585886 24.658105 0.02294361
58833.586442 24.728204 0.026905998
58833.587001 24.692054 0.027845538
58833.587566 24.791505 0.036832348
58833.58814 24.753972 0.033814864
58833.588711 24.669203 0.018988044
58833.589285 24.708488 0.021947864
58833.589857 24.830792 0.033720803
58833.590423 24.575907 0.030695548
58833.590994 24.621846 0.032821448
58833.591559 24.72054 0.041753326
58833.592112 24.71247 0.038709428
58833.592665 24.757567 0.041720088
58833.593224 24.776883 0.049654641
58833.593796 24.744478 0.049794058
58833.594369 24.673078 0.049489007
58833.59492 24.716824 0.046686588
58833.595528 24.732706 0.038758089
58833.596082 24.71626 0.036862303
58833.596665 24.704425 0.032870154
58833.597231 24.715439 0.031849518
58833.597797 24.725798 0.031900409
58833.59838 24.647062 0.024921909
58833.598947 24.65874 0.024937353
58833.599512 24.647077 0.027914188
58833.60009 24.65435 0.02594211
58833.600655 24.709945 0.028946757
58833.601221 24.648432 0.026949172
58833.601788 24.662525 0.028913795
58833.602358 24.688081 0.028928978
58833.602926 24.629828 0.027931594
58833.60349 24.70719 0.034806133
58833.604047 24.700873 0.028931996
58833.604615 24.693801 0.02988948
58833.605171 24.606245 0.030874522
58833.605736 24.663308 0.032886624
58833.606292 24.71202 0.0348731
58833.606846 24.676068 0.029864875
58833.607409 24.723683 0.034874408
58833.607972 24.731964 0.034842283
58833.608554 24.642984 0.033850366
58833.609122 24.672663 0.034874381
58833.609691 24.643217 0.033860743
58833.61027 24.6602 0.027895834
58833.610843 24.640919 0.027891218
58833.611415 24.717683 0.027794538
58833.611993 24.66569 0.027866141
58833.612577 24.683579 0.027851661
58833.613137 24.738159 0.03083101
58833.613696 24.659435 0.02877563
58833.614278 24.700595 0.027854038
58833.614853 24.676338 0.027822242
58833.615407 24.700421 0.030774706
58833.615983 24.716278 0.031867211
58833.616534 24.759843 0.028822734
58833.617093 24.75614 0.036878577
58833.617655 24.646713 0.028915268
58833.618216 24.690182 0.02890977
58833.618781 24.702567 0.031948454
58833.619336 24.655893 0.026924209
58833.619908 24.702203 0.031910635
58833.620489 24.685049 0.027923456
58833.621073 24.681546 0.027919334
58833.621643 24.718521 0.03284125
58833.622212 24.656165 0.0279172
58833.622786 24.63537 0.034807473
58833.623339 24.710404 0.029897478
58833.623898 24.681848 0.028912499
58833.624467 24.686956 0.027929983
58833.625042 24.672078 0.028916348
58833.625625 24.672607 0.025949083
58833.626195 24.653583 0.024945237
58833.626758 24.673493 0.027927514
58833.627345 24.682432 0.025954308
58833.627901 24.668015 0.024968719
58833.628481 24.68622 0.024952634
58833.629058 24.663718 0.024964882
58833.629625 24.680273 0.023957911
58833.630194 24.674416 0.027958323
58833.630754 24.66589 0.026964543
58833.631339 24.635832 0.025928049
58833.631919 24.684453 0.033836465
58833.632476 24.676099 0.034835859
58833.633035 24.760951 0.030831256
58833.633609 24.654744 0.029903379
58833.634176 24.654704 0.035931314
58833.63477 24.724684 0.035856128
58833.63533 24.648027 0.025963486
58833.635896 24.638746 0.025933119
58833.636454 24.676301 0.02295124
58833.637031 24.695272 0.027884769
58833.637603 24.664472 0.029910443
58833.638178 24.701045 0.028893234
58833.638751 24.725002 0.025954748
58833.639317 24.671257 0.024957008
58833.639885 24.685047 0.023970735
58833.640451 24.660615 0.024979204
58833.641017 24.687821 0.025966576
58833.641587 24.667684 0.024966634
58833.642165 24.627383 0.026964423
58833.642733 24.664377 0.028957907
58833.643298 24.681395 0.030953153
58833.643881 24.65879 0.026960089
58833.644463 24.684396 0.026965737
58833.645038 24.683928 0.026961867
58833.645621 24.682406 0.02793836
58833.646196 24.692227 0.02793604
58833.646775 24.667448 0.026971414
58833.647352 24.711293 0.025971667
58833.647947 24.689551 0.026952841
58833.648518 24.680432 0.027976348
58833.649091 24.697707 0.025939779
58833.649661 24.722795 0.028973935
58833.650234 24.65629 0.025975536
58833.650812 24.679284 0.027965999
58833.651385 24.659941 0.028933771
58833.651942 24.687746 0.029958244
58833.652501 24.663268 0.027969505
58833.653051 24.70606 0.032946132
58833.653627 24.669177 0.025974549
58833.654196 24.669531 0.026957096
58833.654761 24.702963 0.026962895
58833.655332 24.661715 0.025962168
58833.655903 24.691565 0.028966856
58833.656459 24.687286 0.026978062
58833.657018 24.658185 0.026973083
58833.657575 24.693008 0.027975397
58833.658134 24.627085 0.025970596
58833.658729 24.664339 0.026963712
58833.659291 24.690749 0.028974668
58833.659866 24.66461 0.027975701
58833.660428 24.687882 0.027972199
58833.660996 24.679106 0.028963294
58833.661568 24.653145 0.02696552
58833.662129 24.656876 0.027961488
58833.662686 24.645208 0.032941859
58833.663254 24.661724 0.028974969
58833.663845 24.645318 0.034946296
58833.664399 24.700847 0.031957325
58833.664959 24.660707 0.028973925
58833.66553 24.666962 0.025978905
58833.666087 24.684197 0.027983343
58833.666661 24.655486 0.030979358
58833.66724 24.684945 0.023983933
58833.667808 24.623685 0.029978937
58833.668374 24.655108 0.027984226
58833.66894 24.705622 0.029978599
58833.669515 24.658223 0.031976298
58833.670105 24.666569 0.031965481
58833.670664 24.658318 0.033956251
58833.671231 24.707595 0.033963361
58833.671792 24.704074 0.030962631
58833.672357 24.68838 0.03595379
58833.672921 24.647235 0.031954656
58833.6735 24.679619 0.029978781
58833.674063 24.653716 0.029977064
58833.674632 24.721002 0.033954831
58833.675223 24.651175 0.035900775
58833.67579 24.623375 0.032948099
58833.67635 24.640587 0.034935784
58833.676916 24.642265 0.033958773
58833.677484 24.608885 0.035954257
58833.678056 24.685143 0.03894379
58833.678616 24.669396 0.042846046
58833.679182 24.6681 0.042857205
58833.679761 24.682268 0.046852327
58833.680323 24.7188 0.055562847
58833.680894 24.778118 0.048853775
58833.681455 24.67264 0.050666227
58833.68202 24.6886 0.049753556
58833.682591 24.671717 0.048695883
58833.683157 24.687169 0.045868661
58833.683728 24.655458 0.040862709
58833.68429 24.684252 0.046745179
58833.684864 24.720506 0.039916491
58833.685427 24.647353 0.041919133
58833.686006 24.648008 0.041875398
58833.68663 24.642247 0.039947772
58833.687197 24.614061 0.035947958
58833.687766 24.649449 0.03792047
58833.688335 24.688375 0.036952416
58833.6889 24.753494 0.038961201
58833.689473 24.679437 0.038939886
58833.690035 24.689567 0.034932596
58833.690606 24.697374 0.0359414
58833.691182 24.713059 0.036928007
58833.691769 24.68205 0.036922779
58833.692334 24.692958 0.039876084
58833.692912 24.617253 0.038915598
58833.693482 24.769495 0.036932836
58833.694055 24.682006 0.033951838
58833.694629 24.689799 0.035934733
58833.695214 24.642061 0.038947831
58833.695788 24.672881 0.035941396
58833.696709 24.682468 0.041943269
58833.697282 24.655038 0.041861536
58833.697854 24.640097 0.03893055
58833.698426 24.702003 0.042942099
58833.698997 24.759886 0.048949301
58833.699574 24.7325 0.042949583
58833.700162 24.684436 0.035967
58833.700738 24.728895 0.045941636
58833.701314 24.672881 0.038962046
58833.701879 24.704223 0.056943376
58833.702433 24.718995 0.040971346
58833.702997 24.645473 0.032976251
58833.703569 24.622513 0.03596297
58833.704138 24.63297 0.036972638
58833.704693 24.724182 0.037973302
58833.705269 24.664066 0.034957971
58833.705842 24.695052 0.037964107
58833.706416 24.706727 0.044949554
58833.706995 24.685348 0.032971245
58833.70756 24.694896 0.035967264
58833.708139 24.706615 0.036970675
58833.708701 24.714068 0.037968432
58833.709269 24.637446 0.034956619
58833.709837 24.719572 0.034963068
58833.710398 24.659909 0.034956231
58833.710961 24.661344 0.036947155
58833.711531 24.668068 0.03595333
58833.712096 24.661525 0.036954401
58833.712678 24.696351 0.034945602
58833.713245 24.682641 0.035956343
58833.713811 24.68042 0.034955884
58833.71438 24.680055 0.034967825
58833.714942 24.659872 0.034970032
58833.715515 24.704099 0.036953717
58833.716099 24.70902 0.032973038
58833.716662 24.662984 0.031974149
58833.717217 24.631772 0.033936364
58833.717786 24.639746 0.030956142
58833.718352 24.659537 0.033962942
58833.718933 24.721998 0.038956045
58833.719515 24.664917 0.036957772
58833.720081 24.662292 0.037926585
58833.720652 24.682462 0.038943237
58833.721229 24.667618 0.034960233
58833.721798 24.676531 0.037940228
58833.722365 24.6779 0.030967219
58833.722938 24.728232 0.031970778
58833.723517 24.692853 0.031967331
58833.724095 24.673759 0.027971606
58833.724659 24.665104 0.034953422
58833.725228 24.657098 0.030968495
58833.725794 24.666679 0.032951655
58833.726369 24.715347 0.037901917
58833.726949 24.700205 0.040858433
58833.727521 24.683825 0.036920126
58833.728085 24.707054 0.034935998
58833.728659 24.656605 0.038941997
58833.729226 24.674222 0.036948593
58833.729803 24.706759 0.0349587
58833.730359 24.758033 0.035948388
58833.730924 24.667282 0.02997103
58833.731502 24.663943 0.034955726
58833.732059 24.736314 0.041898413
58833.732632 24.742624 0.036910128
58833.733194 24.715216 0.037919299
58833.733759 24.642176 0.040819469
58833.734321 24.640664 0.039911537
58833.734879 24.676011 0.045885693
58833.735444 24.676233 0.047854895
58833.736003 24.643718 0.046858495
58833.736571 24.606127 0.049866255
58833.737136 24.681012 0.045851799
58833.737691 24.717515 0.044923959
58833.738267 24.653026 0.045759999
58833.738823 24.681735 0.041872043
58833.739382 24.637107 0.041874412
58833.739948 24.705952 0.045853219
58833.740522 24.587088 0.043827059
58833.741085 24.725569 0.056696548
58833.741647 24.686998 0.040898547
58833.742215 24.724481 0.041915058
58833.742788 24.724814 0.042854848
58833.743365 24.689259 0.04890884
58833.743953 24.681224 0.044881348
58833.744526 24.61213 0.03886678
58833.745093 24.771777 0.03893492
58833.745664 24.7054 0.037940252
58833.746226 24.611261 0.037935184
58833.746789 24.646422 0.031952805
58833.747358 24.701929 0.035959333
58833.747921 24.744852 0.036957359
58833.748478 24.671473 0.033952506
58833.749035 24.63071 0.032962152
58833.749599 24.682785 0.030964092
58833.750168 24.7343 0.038898847
58833.750733 24.688996 0.036912226
58833.751298 24.703766 0.03788385
58833.751854 24.63767 0.044787197
58833.752416 24.640337 0.037903242
58833.752988 24.681024 0.036913197
58833.753539 24.664665 0.036921721
58833.7541 24.686353 0.034952451
58833.754655 24.656207 0.033950731
58833.75523 24.643414 0.031964501
58833.755803 24.664837 0.038955341
58833.756377 24.684152 0.03796064
58833.756948 24.657861 0.034955805
58833.757519 24.678868 0.039961644
58833.758074 24.645715 0.036963877
58833.758639 24.68216 0.041936909
58833.759204 24.631331 0.045915126
58833.759765 24.630794 0.039957784
58833.760341 24.672435 0.039962157
58833.760921 24.682431 0.040958447
58833.761489 24.701757 0.050912977
58833.76205 24.676251 0.040959186
58833.762618 24.687879 0.040937139
58833.763196 24.682568 0.035972346
58833.763771 24.675991 0.039972167
58833.764345 24.681417 0.035967085
58833.764904 24.672421 0.039967042
58833.765469 24.666943 0.037970076
58833.766035 24.715581 0.036967373
58833.766604 24.776961 0.043963329
58833.767179 24.678137 0.035969696
58833.767754 24.6246 0.036975188
58833.768337 24.673484 0.03895213
58833.768906 24.699908 0.04096674
58833.769468 24.707123 0.045955869
58833.770037 24.688469 0.039964034
58833.770609 24.724203 0.04296617
58833.771176 24.725228 0.044924362
58833.77175 24.731102 0.047941063
58833.772312 24.724739 0.049931009
58833.772873 24.627345 0.048886403
58833.773436 24.679035 0.057861336
58833.774013 24.685954 0.063783538
58833.774581 24.660785 0.054858904
58833.775149 24.71362 0.055909298
58833.775718 24.644117 0.052900127
58833.776274 24.670862 0.048897002
58833.776849 24.633301 0.047941867
58833.777425 24.654118 0.047942601
58833.777996 24.791008 0.053910987
58833.778564 24.679262 0.050942642
58833.779126 24.686923 0.048926802
58833.779701 24.583958 0.04490307
58833.780275 24.687023 0.046910066
58833.780836 24.746166 0.055857093
58833.781394 24.669058 0.054897024
58833.781959 24.71812 0.047919987
58833.78252 24.678729 0.046929873
58833.783078 24.743772 0.052908258
58833.783656 24.709248 0.044937447
58833.784224 24.657372 0.041957673
58833.784791 24.702518 0.042945881
58833.785359 24.629752 0.044956731
58833.785923 24.631362 0.034960966
58833.786499 24.687597 0.044961378
58833.787075 24.71219 0.046948188
58833.787657 24.749777 0.045960434
58833.788243 24.722105 0.044952742
58833.788815 24.654073 0.041946649
58833.789431 24.599293 0.032967287
58833.789993 24.778852 0.044959857
58833.790558 24.693132 0.034979444
58833.791114 24.699424 0.039964197
58833.791692 24.594372 0.034976306
58833.792254 24.644017 0.033967041
58833.792819 24.644686 0.032971276
58833.793386 24.716341 0.033963523
58833.793945 24.623899 0.031969505
58833.794517 24.652327 0.031964325
58833.79508 24.610725 0.033963963
58833.795646 24.687478 0.03197615
58833.796225 24.677909 0.028974478
58833.79679 24.664789 0.033977015
58833.797352 24.660803 0.029979175
58833.797908 24.68609 0.030974353
58833.798484 24.700912 0.032975261
58833.799061 24.714599 0.031978982
58833.799624 24.686527 0.034957704
58833.800185 24.68849 0.030978299
58833.800756 24.663142 0.033969749
58833.801313 24.704915 0.030955954
58833.801876 24.673604 0.032967705
58833.802443 24.683059 0.035966371
58833.803031 24.6928 0.035977332
58833.803608 24.678697 0.034971394
58833.804175 24.707097 0.037976822
58833.804741 24.615758 0.032981089
58833.805316 24.690571 0.032979774
58833.805876 24.630424 0.033968544
58833.806445 24.596155 0.033980089
58833.807016 24.711446 0.036975911
58833.807582 24.68966 0.038963444
58833.80816 24.710697 0.034970523
58833.808724 24.68984 0.033979403
58833.809281 24.671332 0.033970039
58833.809857 24.715636 0.035976326
58833.810432 24.701111 0.03997722
58833.811002 24.683276 0.036974585
58833.81157 24.70678 0.039976008
58833.812141 24.669975 0.037977423
58833.81271 24.667688 0.030979906
58833.813283 24.726998 0.035974121
58833.81385 24.65019 0.030975968
58833.814425 24.640745 0.030978371
58833.81499 24.645343 0.03198068
58833.815567 24.658536 0.03197486
58833.816133 24.69339 0.033978027
58833.816698 24.652067 0.032973724
58833.817289 24.671474 0.035954596
58833.817864 24.633977 0.035969769
58833.818429 24.628801 0.034970328
58833.819011 24.643985 0.036964773
58833.819573 24.691031 0.034964295
58833.820146 24.62238 0.03396138
58833.82073 24.634441 0.033968187
58833.821295 24.643159 0.033962654
58833.821869 24.627676 0.038972894
58833.822431 24.680163 0.04397003
58833.822986 24.621509 0.036974768
58833.823546 24.71324 0.04496648
58833.824122 24.670066 0.043962135
58833.82469 24.750703 0.044950763
58833.82527 24.685159 0.04897176
58833.825842 24.746876 0.044969891
58833.826414 24.735842 0.044958856
58833.826987 24.718421 0.040967122
58833.827559 24.655188 0.040962559
58833.828123 24.712856 0.036970793
58833.828694 24.734768 0.037951983
58833.829263 24.687709 0.041963054
58833.829826 24.701525 0.034962983
58833.830398 24.713182 0.037943586
58833.830961 24.68962 0.038950014
58833.831526 24.673279 0.031970077
58833.832097 24.675089 0.033963248
58833.83267 24.661577 0.03495475
58833.833228 24.705573 0.036966821
58833.833798 24.702272 0.035964475
58833.834371 24.698602 0.040945197
58833.834936 24.682919 0.033964829
58833.83551 24.671011 0.036959448
58833.836083 24.692741 0.034970826
58833.836648 24.701311 0.036944909
58833.837231 24.67214 0.033964942
58833.837806 24.72204 0.041933727
58833.83839 24.679058 0.035952388
58833.838952 24.665781 0.043930649
58833.839512 24.708326 0.036962548
58833.840078 24.716288 0.047961749
58833.840638 24.663843 0.040954825
58833.841214 24.652116 0.038967016
58833.841784 24.728422 0.036971982
58833.842354 24.751064 0.037969422
58833.842932 24.678393 0.03796577
58833.8435 24.692043 0.040961718
58833.844068 24.696812 0.035971642
58833.84464 24.685823 0.039970306
58833.845192 24.699332 0.036973581
58833.845764 24.63599 0.038979444
58833.846315 24.762522 0.040974495
58833.846882 24.697482 0.039976657
58833.847447 24.697705 0.044976092
58833.848017 24.711829 0.051961976
58833.848583 24.619835 0.043970841
58833.849139 24.630966 0.043968014
58833.849713 24.70158 0.043959258
58833.850286 24.629742 0.042972707
