HJD mag magerr
58833.526351 24.46953 0.094776404
58833.526938 24.476369 0.086636968
58833.527497 24.422691 0.073829967
58833.528073 24.375487 0.069689356
58833.52864 24.400482 0.050834086
58833.529223 24.434811 0.066621317
58833.529794 24.351158 0.064624093
58833.530369 24.448823 0.053763258
58833.530936 24.359031 0.039903634
58833.531508 24.398471 0.036894938
58833.532068 24.411108 0.033911658
58833.532639 24.445549 0.033901295
58833.533201 24.386663 0.031937159
58833.533765 24.394383 0.030942421
58833.534319 24.362642 0.035742664
58833.534878 24.376599 0.029823874
58833.535457 24.415559 0.03384121
58833.536022 24.424126 0.026933236
58833.536586 24.385358 0.025948049
58833.537148 24.353252 0.022945587
58833.537706 24.412356 0.028893098
58833.538275 24.37661 0.023935058
58833.538843 24.38318 0.023938441
58833.539403 24.399106 0.023938752
58833.539961 24.374315 0.022949939
58833.540691 24.411745 0.022967191
58833.54127 24.395259 0.023936152
58833.541834 24.402391 0.023950548
58833.542384 24.369006 0.023947227
58833.542946 24.432841 0.02594009
58833.543507 24.439959 0.022957378
58833.544071 24.371739 0.020975025
58833.544644 24.374962 0.020969409
58833.545206 24.39949 0.022946238
58833.545767 24.392124 0.021958244
58833.54634 24.353443 0.017971153
58833.546924 24.397703 0.021952687
58833.547488 24.413297 0.021947538
58833.548053 24.340412 0.019954405
58833.548633 24.410975 0.01996946
58833.549203 24.389682 0.019964992
58833.549779 24.386018 0.020962653
58833.550355 24.408411 0.023948494
58833.550911 24.39781 0.021940764
58833.551466 24.362793 0.020949759
58833.552025 24.35348 0.023924984
58833.552609 24.392588 0.0249237
58833.553172 24.371958 0.021954266
58833.553736 24.403925 0.021959322
58833.554298 24.377185 0.01997159
58833.554862 24.395157 0.019970418
58833.55542 24.342631 0.019981336
58833.556007 24.426579 0.024982595
58833.556565 24.374006 0.02298149
58833.557125 24.389076 0.022976995
58833.557676 24.366059 0.021983023
58833.558245 24.403408 0.0199703
58833.558811 24.379491 0.021953389
58833.559373 24.398237 0.0219459
58833.559928 24.361963 0.023882789
58833.560497 24.408557 0.028820772
58833.561052 24.369311 0.021922881
58833.561629 24.447233 0.028913294
58833.562183 24.370503 0.022951281
58833.562742 24.405149 0.021955482
58833.563315 24.418017 0.021957058
58833.563889 24.481797 0.027851984
58833.564461 24.400277 0.02678735
58833.565019 24.463862 0.016975923
58833.565576 24.390639 0.015991726
58833.566153 24.431409 0.020946771
58833.566722 24.344002 0.022950582
58833.56729 24.434705 0.021949562
58833.56785 24.377882 0.023920648
58833.568406 24.38375 0.017981158
58833.568961 24.37212 0.017980288
58833.569533 24.359144 0.01698566
58833.570095 24.392323 0.019976185
58833.57065 24.375482 0.017987212
58833.57121 24.391783 0.017978542
58833.571768 24.389466 0.018979412
58833.572322 24.406543 0.020972873
58833.572898 24.415464 0.020965368
58833.573468 24.420253 0.022873526
58833.574037 24.481161 0.023911145
58833.574593 24.375075 0.022919053
58833.575159 24.446527 0.029750284
58833.575726 24.351156 0.023827311
58833.576286 24.422468 0.02287254
58833.576839 24.362331 0.020896096
58833.577403 24.430476 0.019961005
58833.577964 24.362116 0.01996542
58833.578544 24.391771 0.022943317
58833.579114 24.39474 0.019964441
58833.579688 24.41022 0.022927886
58833.580238 24.36679 0.021919824
58833.58081 24.39525 0.019936665
58833.581375 24.395214 0.021836748
58833.581944 24.397095 0.02292003
58833.582509 24.351521 0.019956178
58833.58308 24.417605 0.022920124
58833.583647 24.391991 0.022887393
58833.584215 24.511536 0.02880869
58833.584762 24.395412 0.021912771
58833.585316 24.467013 0.022884968
58833.585886 24.359191 0.019936254
58833.586442 24.371513 0.019944948
58833.587001 24.40695 0.021930205
58833.587566 24.385813 0.025884939
58833.58814 24.40833 0.025904545
58833.588711 24.344299 0.016977828
58833.589285 24.383694 0.017965211
58833.589857 24.433737 0.02280808
58833.590423 24.350982 0.030787745
58833.590994 24.443091 0.027827763
58833.591559 24.34076 0.032760245
58833.592112 24.385018 0.02978322
58833.592665 24.447098 0.032759186
58833.593224 24.46808 0.034830086
58833.593796 24.339419 0.03684136
58833.594369 24.262698 0.037573033
58833.59492 24.472219 0.035774765
58833.595528 24.385224 0.028811516
58833.596082 24.427575 0.028876286
58833.596665 24.344704 0.028876511
58833.597231 24.42538 0.036842313
58833.597797 24.393239 0.02691796
58833.59838 24.40078 0.020957357
58833.598947 24.409714 0.021945624
58833.599512 24.379178 0.023927706
58833.60009 24.402975 0.021949261
58833.600655 24.343684 0.023952673
58833.601221 24.368339 0.022932011
58833.601788 24.373407 0.023953251
58833.602358 24.350453 0.022941371
58833.602926 24.351916 0.024908351
58833.60349 24.412357 0.030828265
58833.604047 24.387782 0.02193602
58833.604615 24.384309 0.024899856
58833.605171 24.450501 0.028846716
58833.605736 24.373664 0.025900476
58833.606292 24.38507 0.027899375
58833.606846 24.371861 0.024880943
58833.607409 24.404398 0.025894202
58833.607972 24.381683 0.025920749
58833.608554 24.384251 0.031861205
58833.609122 24.380471 0.025909923
58833.609691 24.397722 0.027853939
58833.61027 24.390504 0.024905964
58833.610843 24.359318 0.022904725
58833.611415 24.380823 0.021891868
58833.611993 24.374245 0.024871406
58833.612577 24.416765 0.023868491
58833.613137 24.43127 0.025870728
58833.613696 24.442876 0.023855993
58833.614278 24.378413 0.023891421
58833.614853 24.35718 0.024828534
58833.615407 24.365039 0.023863027
58833.615983 24.383102 0.024885698
58833.616534 24.400609 0.021918553
58833.617093 24.416776 0.026904877
58833.617655 24.375365 0.02293583
58833.618216 24.390158 0.022941839
58833.618781 24.432051 0.023946563
58833.619336 24.427107 0.024935988
58833.619908 24.388643 0.02592512
0.0 0.0 0.0
58833.621073 24.400969 0.021943442
58833.621643 24.373754 0.025914441
58833.622212 24.373297 0.023926016
58833.622786 24.37356 0.026891608
58833.623339 24.385186 0.026934202
58833.623898 24.383107 0.023921956
58833.624467 24.374081 0.021943206
58833.625042 24.407671 0.02293238
58833.625625 24.347512 0.02194038
58833.626195 24.36623 0.022948568
58833.626758 24.415993 0.024902982
58833.627345 24.391094 0.021962506
58833.627901 24.414396 0.021962309
58833.628481 24.387126 0.021963379
58833.629058 24.365234 0.020960797
58833.629625 24.387466 0.021963615
58833.630194 24.38345 0.021964378
58833.630754 24.392832 0.022969002
58833.631339 24.354284 0.024914476
58833.631919 24.33174 0.025826174
58833.632476 24.388231 0.029846713
58833.633035 24.411575 0.024898394
58833.633609 24.433341 0.027884588
58833.634176 24.353541 0.031928911
58833.63477 24.378264 0.023916312
58833.63533 24.388054 0.023953483
58833.635896 24.373396 0.023929218
58833.636454 24.403415 0.020968844
58833.637031 24.40656 0.023900368
58833.637603 24.384952 0.02494517
58833.638178 24.386964 0.023910914
58833.638751 24.364869 0.023962604
58833.639317 24.344339 0.023960304
58833.639885 24.387243 0.02196488
58833.640451 24.384156 0.019982004
58833.641017 24.373963 0.019979715
58833.641587 24.386745 0.022963674
58833.642165 24.380389 0.022968361
58833.642733 24.392535 0.023966446
58833.643298 24.364726 0.023961693
58833.643881 24.396198 0.021951595
58833.644463 24.371944 0.019981437
58833.645038 24.385646 0.023968356
58833.645621 24.385913 0.023947463
58833.646196 24.376449 0.023949189
58833.646775 24.380225 0.02496554
58833.647352 24.362081 0.022969853
58833.647947 24.369575 0.022943781
58833.648518 24.399991 0.02398159
58833.649091 24.38676 0.022971238
58833.649661 24.379211 0.022978879
58833.650234 24.382044 0.021979222
58833.650812 24.37417 0.022972613
58833.651385 24.356476 0.020967553
58833.651942 24.384682 0.023966537
58833.652501 24.388075 0.022977053
58833.653051 24.421797 0.021982192
58833.653627 24.355309 0.019979686
58833.654196 24.388232 0.023963333
58833.654761 24.415452 0.022970411
58833.655332 24.387961 0.021978215
58833.655903 24.397097 0.024980243
58833.656459 24.364215 0.022981095
58833.657018 24.405974 0.021984156
58833.657575 24.362597 0.020985309
58833.658134 24.346494 0.020978557
58833.658729 24.384839 0.023967163
58833.659291 24.345365 0.022971908
58833.659866 24.340443 0.019984646
58833.660428 24.411716 0.023967549
58833.660996 24.371136 0.021970251
58833.661568 24.383383 0.0209707
58833.662129 24.38232 0.023951934
58833.662686 24.381034 0.029945006
58833.663254 24.367282 0.023979976
58833.663845 24.392097 0.028924841
58833.664399 24.379428 0.024964816
58833.664959 24.402006 0.024979862
58833.66553 24.373909 0.024975019
58833.666087 24.375154 0.022982517
58833.666661 24.359857 0.022983316
58833.66724 24.390531 0.022986619
58833.667808 24.373138 0.024983959
58833.668374 24.399282 0.022981923
58833.66894 24.382607 0.02397635
58833.669515 24.381946 0.02697284
58833.670105 24.349817 0.027965577
58833.670664 24.358058 0.024964816
58833.671231 24.380626 0.026968708
58833.671792 24.38135 0.0269642
58833.672357 24.413731 0.025965032
58833.672921 24.354806 0.026962319
58833.6735 24.35079 0.025977324
58833.674063 24.367885 0.022981173
58833.674632 24.409181 0.027962513
58833.675223 24.399853 0.029912944
58833.67579 24.407046 0.028953478
58833.67635 24.369708 0.027945953
58833.676916 24.379602 0.027965123
58833.677484 24.407078 0.028958714
58833.678056 24.403326 0.028953829
58833.678616 24.380313 0.033861692
58833.679182 24.379866 0.033877123
58833.679761 24.367068 0.036808906
58833.680323 24.389778 0.042609198
58833.680894 24.427127 0.038811253
58833.681455 24.388421 0.042686973
58833.68202 24.387062 0.039792894
58833.682591 24.300783 0.036792605
58833.683157 24.381614 0.035886043
58833.683728 24.392361 0.034874537
58833.68429 24.361165 0.037783338
58833.684864 24.41557 0.03292712
58833.685427 24.35843 0.033919844
58833.686006 24.442672 0.035892932
58833.68663 24.382072 0.031951903
58833.687197 24.386917 0.030966634
58833.687766 24.379865 0.032955408
58833.688335 24.39383 0.028964335
58833.6889 24.423052 0.030952108
58833.689473 24.381705 0.029947458
58833.690035 24.34434 0.027947344
58833.690606 24.404335 0.031923913
58833.691182 24.350973 0.027956971
58833.691769 24.357629 0.029937528
58833.692334 24.378904 0.032897099
58833.692912 24.432743 0.034922375
58833.693482 24.379104 0.028939144
58833.694055 24.339574 0.026942203
58833.694629 24.374396 0.029962287
58833.695214 24.381842 0.030955169
58833.695788 24.322517 0.027950293
58833.696709 24.410645 0.032949675
58833.697282 24.392398 0.03691235
58833.697854 24.380369 0.034930917
58833.698426 24.352278 0.031949378
58833.698997 24.41582 0.034935636
58833.699574 24.372425 0.032966459
58833.700162 24.359895 0.027971731
58833.700738 24.336507 0.030959974
58833.701314 24.356078 0.032959233
58833.701879 24.450265 0.039962589
58833.702433 24.35289 0.029976042
58833.702997 24.38044 0.025979205
58833.703569 24.381664 0.03296581
58833.704138 24.420686 0.026982165
58833.704693 24.364688 0.030976468
58833.705269 24.358417 0.028967371
58833.705842 24.424254 0.034955148
58833.706416 24.396428 0.034944708
58833.706995 24.340402 0.02697617
58833.70756 24.420938 0.030961131
58833.708139 24.384491 0.028964082
58833.708701 24.375495 0.02697201
58833.709269 24.359633 0.029971676
58833.709837 24.404789 0.029969244
58833.710398 24.37238 0.029972582
58833.710961 24.395016 0.032939504
58833.711531 24.380672 0.031958793
58833.712096 24.379712 0.030955938
58833.712678 24.357018 0.027953647
58833.713245 24.433455 0.029961813
58833.713811 24.348722 0.027963622
58833.71438 24.333767 0.025971317
58833.714942 24.395823 0.027965
58833.715515 24.359451 0.026963585
58833.716099 24.378938 0.025976153
58833.716662 24.40326 0.029976652
58833.717217 24.369437 0.025974975
58833.717786 24.40014 0.028962433
58833.718352 24.408428 0.031955198
58833.718933 24.362253 0.027962554
58833.719515 24.433934 0.030959054
58833.720081 24.380775 0.027950375
58833.720652 24.385531 0.030961902
58833.721229 24.369106 0.02895119
58833.721798 24.414663 0.030951152
58833.722365 24.379522 0.026959074
58833.722938 24.377862 0.024975551
58833.723517 24.393107 0.027959987
58833.724095 24.372346 0.022967696
58833.724659 24.347969 0.024963991
58833.725228 24.374046 0.024964442
58833.725794 24.403592 0.026965009
58833.726369 24.386539 0.028945976
58833.726949 24.374816 0.028929014
58833.727521 24.362465 0.029894253
58833.728085 24.364294 0.028914059
58833.728659 24.318422 0.029948013
58833.729226 24.393184 0.028950336
58833.729803 24.393707 0.026965109
58833.730359 24.384827 0.02895348
58833.730924 24.402376 0.024965992
58833.731502 24.380765 0.028962363
58833.732059 24.379195 0.029904546
58833.732632 24.374078 0.029944127
58833.733194 24.354294 0.029921463
58833.733759 24.402312 0.034879463
58833.734321 24.36638 0.033914822
58833.734879 24.363405 0.032898063
58833.735444 24.387002 0.034851584
58833.736003 24.416905 0.039866571
58833.736571 24.359995 0.041860169
58833.737136 24.328331 0.038863674
58833.737691 24.374215 0.0329063
58833.738267 24.410155 0.041786585
58833.738823 24.380478 0.033884669
58833.739382 24.399661 0.032903384
58833.739948 24.343141 0.036844148
58833.740522 24.409676 0.036849917
58833.741085 24.325013 0.039815685
58833.741647 24.500985 0.036903832
58833.742215 24.423462 0.030926445
58833.742788 24.337168 0.032845304
58833.743365 24.377601 0.032902198
58833.743953 24.423901 0.037889765
58833.744526 24.361866 0.029915865
58833.745093 24.392364 0.030942202
58833.745664 24.412042 0.031927486
58833.746226 24.432645 0.030938508
58833.746789 24.40857 0.027939214
58833.747358 24.363197 0.025956187
58833.747921 24.372401 0.028949955
58833.748478 24.394116 0.026957149
58833.749035 24.384673 0.025956447
58833.749599 24.366103 0.025953862
58833.750168 24.403929 0.03090677
58833.750733 24.429113 0.037912275
58833.751298 24.459276 0.035868555
58833.751854 24.410386 0.035877665
58833.752416 24.39066 0.029919305
58833.752988 24.426721 0.030923982
58833.753539 24.354555 0.028933237
58833.7541 24.409362 0.030940222
58833.754655 24.355921 0.026955585
58833.75523 24.399602 0.025970528
58833.755803 24.345855 0.029945289
58833.756377 24.381723 0.030946726
58833.756948 24.365087 0.027970221
58833.757519 24.384533 0.032972803
58833.758074 24.34998 0.028969238
58833.758639 24.38977 0.031928294
58833.759204 24.366133 0.038914009
58833.759765 24.44319 0.034960921
58833.760341 24.381615 0.03096263
58833.760921 24.442986 0.03496209
58833.761489 24.295286 0.036928076
58833.76205 24.403483 0.031964191
58833.762618 24.385201 0.034948988
58833.763196 24.359057 0.028960218
58833.763771 24.367022 0.032975999
58833.764345 24.419603 0.029969856
58833.764904 24.370893 0.030974768
58833.765469 24.391312 0.029981916
58833.766035 24.415131 0.030972627
58833.766604 24.357671 0.031954842
58833.767179 24.36638 0.029976816
58833.767754 24.379632 0.032975493
58833.768337 24.353404 0.029968872
58833.768906 24.372918 0.032971477
58833.769468 24.368529 0.033950469
58833.770037 24.344422 0.031965981
58833.770609 24.379825 0.035958278
58833.771176 24.406925 0.037906006
58833.77175 24.359076 0.038927495
58833.772312 24.389939 0.040905764
58833.772873 24.429537 0.04188541
58833.773436 24.372303 0.042854628
58833.774013 24.364867 0.050869295
58833.774581 24.425715 0.042911472
58833.775149 24.345998 0.041908232
58833.775718 24.333909 0.040910936
58833.776274 24.374038 0.041937318
58833.776849 24.397057 0.038950238
58833.777425 24.375847 0.040946447
58833.777996 24.394741 0.039924935
58833.778564 24.325326 0.032947331
58833.779126 24.389707 0.040931946
58833.779701 24.480778 0.03993066
58833.780275 24.34785 0.033943506
58833.780836 24.295341 0.038862537
58833.781394 24.372769 0.046859814
58833.781959 24.441458 0.037937138
58833.78252 24.363264 0.036949242
58833.783078 24.325785 0.03690402
58833.783656 24.306156 0.036920284
58833.784224 24.429012 0.0399502
58833.784791 24.340306 0.032955106
58833.785359 24.355004 0.030960104
58833.785923 24.385628 0.030967847
58833.786499 24.376831 0.034952871
58833.787075 24.426068 0.034958332
58833.787657 24.398198 0.035958543
58833.788243 24.419721 0.033955311
58833.788815 24.414933 0.030965953
58833.789431 24.381514 0.02997189
58833.789993 24.373417 0.03196347
58833.790558 24.332982 0.030976382
58833.791114 24.396164 0.031956431
58833.791692 24.394897 0.031972267
58833.792254 24.375581 0.030955308
58833.792819 24.341833 0.030967349
58833.793386 24.372455 0.025958753
58833.793945 24.367093 0.02696559
58833.794517 24.381386 0.027968838
58833.79508 24.407886 0.028968307
58833.795646 24.372754 0.023973313
58833.796225 24.382031 0.026967456
58833.79679 24.370476 0.026980326
58833.797352 24.439531 0.024984819
58833.797908 24.383146 0.023979725
58833.798484 24.403769 0.028980435
58833.799061 24.365372 0.025976962
58833.799624 24.376874 0.025974517
58833.800185 24.411612 0.025978386
58833.800756 24.398068 0.027963944
58833.801313 24.378553 0.024972314
58833.801876 24.382271 0.024973881
58833.802443 24.362146 0.026958911
58833.803031 24.337664 0.026981455
58833.803608 24.402334 0.026974382
58833.804175 24.414387 0.028981163
58833.804741 24.348795 0.026980848
58833.805316 24.360149 0.025979892
58833.805876 24.385965 0.029972945
58833.806445 24.388835 0.025984075
58833.807016 24.407953 0.026979535
58833.807582 24.413892 0.031964612
58833.80816 24.394959 0.03097808
58833.808724 24.39294 0.02698041
58833.809281 24.348144 0.025975744
58833.809857 24.402317 0.026980196
58833.810432 24.398755 0.029972844
58833.811002 24.393498 0.02897785
58833.81157 24.377395 0.03198112
58833.812141 24.387664 0.028981341
58833.81271 24.409707 0.023984193
58833.813283 24.367615 0.025985409
58833.81385 24.370507 0.024984676
58833.814425 24.363265 0.025983795
58833.81499 24.369429 0.024984627
58833.815567 24.366158 0.024981767
58833.816133 24.350119 0.02697971
58833.816698 24.360732 0.028960314
58833.817289 24.35023 0.026972845
58833.817864 24.378363 0.030967408
58833.818429 24.447026 0.030968335
58833.819011 24.395136 0.028969015
58833.819573 24.440566 0.028977106
58833.820146 24.385471 0.027964988
58833.82073 24.360103 0.026972527
58833.821295 24.471151 0.031971172
58833.821869 24.349015 0.026972832
58833.822431 24.39011 0.028978508
58833.822986 24.371106 0.032979085
58833.823546 24.372628 0.03596264
58833.824122 24.405359 0.033961127
58833.82469 24.450948 0.036975214
58833.82527 24.372687 0.032978551
58833.825842 24.352587 0.034973885
58833.826414 24.348518 0.030961845
58833.826987 24.349379 0.03096308
58833.827559 24.34379 0.02996841
58833.828123 24.315659 0.027975242
58833.828694 24.400104 0.029959554
58833.829263 24.390181 0.029967899
58833.829826 24.37232 0.028957898
58833.830398 24.421839 0.031967334
58833.830961 24.410293 0.031968865
58833.831526 24.367866 0.028959689
58833.832097 24.344163 0.025976054
58833.83267 24.35102 0.024970899
58833.833228 24.380546 0.027970039
58833.833798 24.351882 0.025977039
58833.834371 24.359165 0.028958102
58833.834936 24.376483 0.026976375
58833.83551 24.389528 0.027973767
58833.836083 24.358627 0.029971738
58833.836648 24.404627 0.027974086
58833.837231 24.370963 0.02797386
58833.837806 24.335311 0.029941593
58833.83839 24.361443 0.027956373
58833.838952 24.400589 0.031939916
58833.839512 24.413446 0.033966185
58833.840078 24.331227 0.029958566
58833.840638 24.408864 0.029970466
58833.841214 24.387631 0.03096925
58833.841784 24.348092 0.026977512
58833.842354 24.424781 0.029973553
58833.842932 24.399663 0.030970401
58833.8435 24.417422 0.030973356
58833.844068 24.379738 0.028975098
58833.84464 24.347457 0.027973951
58833.845192 24.361928 0.032977629
58833.845764 24.391165 0.028980157
58833.846315 24.403884 0.028980398
58833.846882 24.386146 0.027983536
58833.847447 24.36073 0.032971261
58833.848017 24.363924 0.029979714
58833.848583 24.38453 0.0379724
58833.849139 24.394923 0.037975259
58833.849713 24.385477 0.031965268
58833.850286 24.373412 0.03397928
