HJD mag magerr
58833.526351 20.61753 0.011910623
58833.526938 20.583369 0.011825784
58833.527497 20.602691 0.01193069
58833.528073 20.553487 0.010923742
58833.52864 20.591482 0.0099999998
58833.529223 20.586811 0.010882038
58833.529794 20.587158 0.010908586
58833.530369 20.607823 0.010939953
58833.530936 20.592031 0.0099999998
58833.531508 20.590471 0.010971486
58833.532068 20.574108 0.0099999998
58833.532639 20.579549 0.010972839
58833.533201 20.612663 0.011975458
58833.533765 20.593383 0.010986436
58833.534319 20.558642 0.011889705
58833.534878 20.572599 0.010951292
58833.535457 20.628559 0.010956875
58833.536022 20.587126 0.010983709
58833.536586 20.585358 0.010987138
58833.537148 20.604252 0.011976454
58833.537706 20.577356 0.0099999998
58833.538275 20.58861 0.011968767
58833.538843 20.58218 0.010981567
58833.539403 20.584106 0.010981659
58833.539961 20.579315 0.010984767
58833.540691 20.588745 0.010991472
58833.54127 20.583259 0.010980891
58833.541834 20.579391 0.010985152
58833.542384 20.602006 0.011977543
58833.542946 20.594841 0.01098245
58833.543507 20.584959 0.011979151
58833.544071 20.578739 0.01099322
58833.544644 20.585962 0.0099999998
58833.545206 20.56649 0.01098608
58833.545767 20.587124 0.012974018
58833.54634 20.591443 0.012981501
58833.546924 20.584703 0.010987494
58833.547488 20.575297 0.0099999998
58833.548053 20.603412 0.011978848
58833.548633 20.610975 0.010991497
58833.549203 20.595682 0.012977325
58833.549779 20.593018 0.011981092
58833.550355 20.570411 0.010984543
58833.550911 20.59381 0.013954151
58833.551466 20.589793 0.010984192
58833.552025 20.58548 0.011963977
58833.552609 20.567588 0.010977495
58833.553172 20.663958 0.011981589
58833.553736 20.569925 0.0099999998
58833.554298 20.583185 0.010992087
58833.554862 20.685157 0.012982299
58833.55542 20.595631 0.013987572
58833.556007 20.613579 0.013989699
58833.556565 20.599006 0.012990405
58833.557125 20.591076 0.012987136
58833.557676 20.581059 0.011993142
58833.558245 20.592408 0.011986193
58833.558811 20.592491 0.011976857
58833.559373 20.587237 0.010985719
58833.559928 20.608963 0.010970511
58833.560497 20.640557 0.011929427
58833.561052 20.593311 0.011961883
58833.561629 20.585233 0.010979343
58833.562183 20.587503 0.010987374
58833.562742 20.608149 0.010988227
58833.563315 20.550017 0.0099999998
58833.563889 20.567797 0.010964797
58833.564461 20.585277 0.011903144
58833.565019 20.568862 0.0099999998
58833.565576 20.574639 0.012994314
58833.566153 20.570409 0.010989847
58833.566722 20.606002 0.010987194
58833.56729 20.600705 0.012971319
58833.56785 20.673882 0.011969524
58833.568406 20.57975 0.010995302
58833.568961 20.58812 0.012987349
58833.569533 20.590144 0.012990353
58833.570095 20.566323 0.011987659
58833.57065 20.585482 0.012991788
58833.57121 20.574783 0.012985277
58833.571768 20.580466 0.010994075
58833.572322 20.575543 0.011986245
58833.572898 20.582464 0.010990616
58833.573468 20.569253 0.01192861
58833.574037 20.550161 0.0099999998
58833.574593 20.614075 0.012950621
58833.575159 20.620527 0.010942754
58833.575726 20.624156 0.012897123
58833.576286 20.586468 0.010971184
58833.576839 20.679331 0.010972206
58833.577403 20.592476 0.010989161
58833.577964 20.585116 0.011983935
58833.578544 20.559771 0.010982778
58833.579114 20.57574 0.010990109
58833.579688 20.59922 0.010978164
58833.580238 20.56079 0.0099999998
58833.58081 20.58725 0.0099999998
58833.581375 20.841214 0.013892456
58833.581944 20.613095 0.012951211
58833.582509 20.595521 0.011979666
58833.58308 20.575605 0.011961148
58833.583647 20.585991 0.011945496
58833.584215 20.618536 0.010960932
58833.584762 20.603412 0.0099999998
58833.585316 20.548013 0.0099999998
58833.585886 20.598191 0.012961978
58833.586442 20.593513 0.010984743
58833.587001 20.56495 0.0099999998
58833.587566 20.581813 0.010975291
58833.58814 20.60433 0.010976557
58833.588711 20.759299 0.012986715
58833.589285 20.616694 0.0099999998
58833.589857 20.546737 0.01095156
58833.590423 20.608982 0.010951398
58833.590994 20.523091 0.010964315
58833.591559 20.57376 0.0099999998
58833.592112 20.603018 0.010950008
58833.592665 20.565098 0.010935441
58833.593224 20.57208 0.0099999998
58833.593796 20.581419 0.0099999998
58833.594369 20.597698 0.0099999998
58833.59492 20.563219 0.0099999998
58833.595528 20.574224 0.010961493
58833.596082 20.586575 0.010970727
58833.596665 20.587704 0.010970779
58833.597231 20.59038 0.011931627
58833.597797 20.564239 0.010976306
58833.59838 20.55278 0.0099999998
58833.598947 20.565714 0.010983212
58833.599512 20.580178 0.010978403
58833.60009 20.558975 0.0099999998
58833.600655 20.650684 0.011977177
58833.601221 20.582339 0.01196687
58833.601788 20.588407 0.010988083
58833.602358 20.722453 0.010984833
58833.602926 20.603916 0.012945568
58833.60349 20.564357 0.010952755
58833.604047 20.585782 0.011968315
58833.604615 20.606309 0.011952661
58833.605171 20.531501 0.010957105
58833.605736 20.595664 0.011953442
58833.606292 20.57607 0.010971299
58833.606846 20.585861 0.010965213
58833.607409 20.563398 0.0099999998
58833.607972 20.582683 0.0099999998
58833.608554 20.583251 0.01193826
58833.609122 20.575471 0.010973788
58833.609691 20.612722 0.012916205
58833.61027 20.585504 0.0099999998
58833.610843 20.602318 0.011953765
58833.611415 20.580823 0.0099999998
58833.611993 20.608245 0.010962505
58833.612577 20.590765 0.010961223
58833.613137 20.60327 0.0099999998
58833.613696 20.593876 0.010963948
58833.614278 20.589413 0.010972639
58833.614853 20.60218 0.01191982
58833.615407 20.597039 0.010959661
58833.615983 20.581102 0.011946084
58833.616534 20.555609 0.0099999998
58833.617093 20.565776 0.010972607
58833.617655 20.562365 0.0099999998
58833.618216 20.578158 0.0099999998
58833.618781 20.573051 0.01098397
58833.619336 20.568107 0.010981068
58833.619908 20.565643 0.010978137
58833.620489 20.573676 0.010979865
58833.621073 20.567969 0.010982547
58833.621643 20.565754 0.0099999998
58833.622212 20.566297 0.010977907
58833.622786 20.55256 0.0099999998
58833.623339 20.564186 0.0099999998
58833.623898 20.577107 0.010976716
58833.624467 20.564081 0.0099999998
58833.625042 20.560671 0.0099999998
58833.625625 20.582512 0.012962973
58833.626195 20.58923 0.013963977
58833.626758 20.573993 0.011945949
58833.627345 20.570094 0.01098838
58833.627901 20.577396 0.012976537
58833.628481 20.571126 0.010988649
58833.629058 20.626234 0.010987634
58833.629625 20.575466 0.011981907
58833.630194 20.56945 0.011982284
58833.630754 20.571832 0.01099194
58833.631339 20.630284 0.011964305
58833.631919 20.61474 0.011919602
58833.632476 20.564231 0.010957396
58833.633035 20.585575 0.010974742
58833.633609 20.574341 0.011947092
58833.634176 20.584541 0.010983417
58833.63477 20.549264 0.010975063
58833.63533 20.569054 0.010986024
58833.635896 20.578396 0.011965988
58833.636454 20.555415 0.010991552
58833.637031 20.56156 0.0099999998
58833.637603 20.641952 0.010983751
58833.638178 20.552964 0.010966885
58833.638751 20.568869 0.010988742
58833.639317 20.581339 0.012976004
58833.639885 20.561243 0.01098911
58833.640451 20.575156 0.011991621
58833.641017 20.569963 0.011990559
58833.641587 20.663745 0.012977733
58833.642165 20.669389 0.0099999998
58833.642733 20.571535 0.01098989
58833.643298 20.566726 0.011981502
58833.643881 20.562198 0.010981425
58833.644463 20.562944 0.01099482
58833.645038 20.557646 0.010990461
58833.645621 20.597913 0.010980274
58833.646196 20.554449 0.011971221
58833.646775 20.564225 0.011983546
58833.647352 20.562081 0.010990786
58833.647947 20.562575 0.011967879
58833.648518 20.562991 0.010995282
58833.649091 20.57076 0.011985901
58833.649661 20.566211 0.011990819
58833.650234 20.564044 0.010994481
58833.650812 20.55717 0.010991624
58833.651385 20.559476 0.011983561
58833.651942 20.551682 0.010989917
58833.652501 20.560075 0.010994024
58833.653051 20.554797 0.0099999998
58833.653627 20.567309 0.011990545
58833.654196 20.566232 0.011982289
58833.654761 20.565452 0.011985498
58833.655332 20.559961 0.0099999998
58833.655903 20.560097 0.01199168
58833.656459 20.576215 0.01498628
58833.657018 20.562974 0.010995787
58833.657575 20.581597 0.011993905
58833.658134 20.560494 0.010994175
58833.658729 20.561839 0.01198413
58833.659291 20.584365 0.0099999998
58833.659866 20.567443 0.011993432
58833.660428 20.544716 0.01099022
58833.660996 20.569136 0.012981465
58833.661568 20.563383 0.010992053
58833.662129 20.55932 0.011972762
58833.662686 20.557034 0.010984381
58833.663254 20.559282 0.0099999998
58833.663845 20.551097 0.01097288
58833.664399 20.569428 0.012978972
58833.664959 20.548006 0.010994917
58833.66553 20.552909 0.011988055
58833.666087 20.561154 0.012990219
58833.666661 20.565857 0.012990665
58833.66724 20.564531 0.012992511
58833.667808 20.562138 0.011993242
58833.668374 20.559282 0.011992139
58833.66894 20.558607 0.011988554
58833.669515 20.565946 0.012984072
58833.670105 20.569817 0.012979998
58833.670664 20.544058 0.010989527
58833.671231 20.561626 0.010992314
58833.671792 20.67135 0.0099999998
58833.672357 20.550731 0.0099999998
58833.672921 20.566806 0.01198237
58833.6735 20.56079 0.01199058
58833.674063 20.552885 0.010995093
58833.674632 20.545181 0.010989157
58833.675223 20.548853 0.010968838
58833.67579 20.553046 0.010986672
58833.67635 20.542708 0.0099999998
58833.676916 20.595602 0.0099999998
58833.677484 20.551078 0.0099999998
58833.678056 20.544326 0.010988917
58833.678616 20.555313 0.0099999998
58833.679182 20.547866 0.0119349
58833.679761 20.561068 0.010935079
58833.680323 20.546778 0.0099999998
58833.680894 20.550127 0.010936141
58833.681455 20.571421 0.0099999998
58833.68202 20.556062 0.010930426
58833.682591 20.556783 0.010944951
58833.683157 20.551614 0.010969013
58833.683728 20.555361 0.0099999998
58833.68429 20.566165 0.011888395
58833.684864 20.54857 0.010979734
58833.685427 20.54943 0.010977853
58833.686006 20.533672 0.0099999998
58833.68663 20.540072 0.011978301
58833.687197 20.532917 0.0099999998
58833.687766 20.546865 0.010989617
58833.688335 20.56483 0.010991422
58833.6889 20.554052 0.010986461
58833.689473 20.554705 0.01098507
58833.690035 20.55134 0.010984821
58833.690606 20.548335 0.010978746
58833.691182 20.555973 0.010989566
58833.691769 20.550629 0.010982287
58833.692334 20.557904 0.010971574
58833.692912 20.549743 0.0099999998
58833.693482 20.552104 0.01098262
58833.694055 20.545574 0.011973043
58833.694629 20.561396 0.010991012
58833.695214 20.548842 0.010987318
58833.695788 20.555517 0.010985662
58833.696709 20.547645 0.0099999998
58833.697282 20.545398 0.01097612
58833.697854 20.569369 0.010980951
58833.698426 20.549278 0.010985779
58833.698997 20.54582 0.010982233
58833.699574 20.546425 0.0099999998
58833.700162 20.560895 0.010993126
58833.700738 20.551507 0.010990541
58833.701314 20.540078 0.0099999998
58833.701879 20.553265 0.0099999998
58833.702433 20.54389 0.010994276
58833.702997 20.54844 0.01199136
58833.703569 20.544664 0.012980752
58833.704138 20.547686 0.010996164
58833.704693 20.541688 0.010994422
58833.705269 20.542417 0.011984964
58833.705842 20.552254 0.011980047
58833.706416 20.551428 0.011975443
58833.706995 20.546402 0.011990219
58833.70756 20.522938 0.01098899
58833.708139 20.550491 0.012979291
58833.708701 20.544495 0.0099999998
58833.709269 20.537633 0.010993238
58833.709837 20.541789 0.010992661
58833.710398 20.55038 0.010993453
58833.710961 20.537016 0.010983131
58833.711531 20.562672 0.010990334
58833.712096 20.560712 0.010989594
58833.712678 20.544018 0.010986619
58833.713245 20.531455 0.0099999998
58833.713811 20.543722 0.010989475
58833.71438 20.538767 0.010992867
58833.714942 20.536823 0.010989871
58833.715515 20.544451 0.010989376
58833.716099 20.552938 0.010994065
58833.716662 20.55026 0.011990691
58833.717217 20.550437 0.011989608
58833.717786 20.53214 0.011982702
58833.718352 20.546428 0.010987398
58833.718933 20.565253 0.01099091
58833.719515 20.552934 0.010990325
58833.720081 20.539775 0.010987981
58833.720652 20.552531 0.010990993
58833.721229 20.545106 0.011977564
58833.721798 20.520663 0.010988475
58833.722365 20.535522 0.010988072
58833.722938 20.541862 0.010993835
58833.723517 20.542107 0.011981442
58833.724095 20.541346 0.011984174
58833.724659 20.530969 0.0099999998
58833.725228 20.536046 0.011983024
58833.725794 20.550592 0.010992495
58833.726369 20.537539 0.0099999998
58833.726949 20.546816 0.0099999998
58833.727521 20.528465 0.010962341
58833.728085 20.535294 0.010969081
58833.728659 20.543422 0.010985225
58833.729226 20.546184 0.010985782
58833.729803 20.543707 0.010991436
58833.730359 20.538827 0.010986672
58833.730924 20.536376 0.010989875
58833.731502 20.546765 0.011984891
58833.732059 20.561195 0.0099999998
58833.732632 20.530078 0.0099999998
58833.733194 20.636294 0.0099999998
58833.733759 20.552312 0.010967136
58833.734321 20.53838 0.0099999998
58833.734879 20.545405 0.011954634
58833.735444 20.562002 0.010959781
58833.736003 20.541905 0.010964369
58833.736571 20.541995 0.010962923
58833.737136 20.562331 0.010963505
58833.737691 20.543215 0.010974063
58833.738267 20.546155 0.0099999998
58833.738823 20.559478 0.010968379
58833.739382 20.544661 0.0099999998
58833.739948 20.547141 0.0099999998
58833.740522 20.543676 0.010959665
58833.741085 20.562013 0.010951322
58833.741647 20.539985 0.010973848
58833.742215 20.539462 0.010979325
58833.742788 20.525168 0.010946287
58833.743365 20.547601 0.010972952
58833.743953 20.530901 0.010970222
58833.744526 20.546866 0.0099999998
58833.745093 20.540364 0.010983697
58833.745664 20.534042 0.0099999998
58833.746226 20.525645 0.011972157
58833.746789 20.52157 0.0099999998
58833.747358 20.538197 0.011979328
58833.747921 20.528401 0.010985674
58833.748478 20.539116 0.011979967
58833.749035 20.528673 0.010987195
58833.749599 20.542103 0.010986443
58833.750168 20.524929 0.010973908
58833.750733 20.526113 0.0099999998
58833.751298 20.521276 0.010964394
58833.751854 20.544386 0.010966796
58833.752416 20.53466 0.0099999998
58833.752988 20.530721 0.010978644
58833.753539 20.536555 0.010980958
58833.7541 20.528362 0.010983146
58833.754655 20.527921 0.011979241
58833.75523 20.525602 0.010992672
58833.755803 20.533855 0.010984461
58833.756377 20.515723 0.010984958
58833.756948 20.531087 0.010992761
58833.757519 20.518533 0.010994506
58833.758074 20.52898 0.0099999998
58833.758639 20.52677 0.01097995
58833.759204 20.542133 0.011962555
58833.759765 20.52319 0.010990999
58833.760341 20.530615 0.011985247
58833.760921 20.509986 0.010991266
58833.761489 20.529286 0.010983702
58833.76205 20.529483 0.0099999998
58833.762618 20.537201 0.010985877
58833.763196 20.518057 0.010988586
58833.763771 20.529022 0.011990639
58833.764345 20.529603 0.010992806
58833.764904 20.516893 0.01099402
58833.765469 20.525312 0.010996243
58833.766035 20.532131 0.010993516
58833.766604 20.525671 0.011979618
58833.767179 20.53238 0.0099999998
58833.767754 20.541632 0.010995047
58833.768337 20.524404 0.010992572
58833.768906 20.532918 0.010994239
58833.769468 20.524529 0.011977883
58833.770037 20.520422 0.01099201
58833.770609 20.524825 0.010988473
58833.771176 20.525925 0.010974519
58833.77175 20.513076 0.010980317
58833.772312 20.526939 0.010974693
58833.772873 20.507537 0.0099999998
58833.773436 20.504303 0.0109616
58833.774013 20.533867 0.0099999998
58833.774581 20.525715 0.010976323
58833.775149 20.509998 0.0099999998
58833.775718 20.520909 0.010976055
58833.776274 20.517038 0.0099999998
58833.776849 20.522057 0.010988778
58833.777425 20.531847 0.010988026
58833.777996 20.532741 0.010979697
58833.778564 20.513326 0.010987755
58833.779126 20.519707 0.010984824
58833.779701 20.518778 0.0099999998
58833.780275 20.52385 0.0099999998
58833.780836 20.543341 0.01096321
58833.781394 20.542769 0.01096326
58833.781959 20.566458 0.0099999998
58833.78252 20.527264 0.0099999998
58833.783078 20.521785 0.010973899
58833.783656 20.512156 0.010978244
58833.784224 20.510012 0.0099999998
58833.784791 20.517306 0.0099999998
58833.785359 20.541004 0.01099182
58833.785923 20.514628 0.011987297
58833.786499 20.526831 0.010989161
58833.787075 20.510068 0.0099999998
58833.787657 20.543198 0.010990506
58833.788243 20.524721 0.010989658
58833.788815 20.506933 0.0099999998
58833.789431 20.516514 0.0099999998
58833.789993 20.526417 0.010991424
58833.790558 20.514982 0.010995145
58833.791114 20.523164 0.010989785
58833.791692 20.524897 0.010993478
58833.792254 20.510581 0.010987357
58833.792819 20.505833 0.0099999998
58833.793386 20.523455 0.011980531
58833.793945 20.522093 0.011985897
58833.794517 20.515386 0.0099999998
58833.79508 20.515886 0.010992372
58833.795646 20.511754 0.010993172
58833.796225 20.514031 0.011984762
58833.79679 20.515476 0.0099999998
58833.797352 20.514531 0.0099999998
58833.797908 20.529146 0.012988851
58833.798484 20.517769 0.01099528
58833.799061 20.513372 0.010994265
58833.799624 20.515874 0.010993659
58833.800185 20.516612 0.010994618
58833.800756 20.510068 0.011983267
58833.801313 20.512553 0.010993022
58833.801876 20.517271 0.010993415
58833.802443 20.511146 0.0099999998
58833.803031 20.519664 0.010996012
58833.803608 20.537334 0.010993701
58833.804175 20.538387 0.010996046
58833.804741 20.517795 0.011992935
58833.805316 20.515149 0.010994992
58833.805876 20.508965 0.010993539
58833.806445 20.521835 0.010996879
58833.807016 20.516953 0.0109956
58833.807582 20.511892 0.01099169
58833.80816 20.513959 0.010995492
58833.808724 20.52394 0.010995788
58833.809281 20.518144 0.011989927
58833.809857 20.514317 0.010995742
58833.810432 20.506755 0.0099999998
58833.811002 20.511498 0.010995353
58833.81157 20.513395 0.011993395
58833.812141 20.525664 0.010996083
58833.81271 20.507707 0.010996433
58833.813283 20.533615 0.0099999998
58833.81385 20.509507 0.011994173
58833.814425 20.508265 0.010996464
58833.81499 20.511429 0.011994155
58833.815567 20.508158 0.01099596
58833.816133 20.503119 0.010995006
58833.816698 20.525732 0.013973833
58833.817289 20.49823 0.0099999998
58833.817864 20.500363 0.0099999998
58833.818429 20.497026 0.010992505
58833.819011 20.508136 0.010992541
58833.819573 20.507566 0.0099999998
58833.820146 20.523471 0.011985804
58833.82073 20.511103 0.010993247
58833.821295 20.506151 0.010993222
58833.821869 20.523015 0.011989988
58833.822431 20.50811 0.0099999998
58833.822986 20.515106 0.01099577
58833.823546 20.518628 0.010991438
58833.824122 20.505359 0.011984963
58833.82469 20.516948 0.0099999998
58833.82527 20.518687 0.010996512
58833.825842 20.512587 0.0099999998
58833.826414 20.493518 0.010992175
58833.826987 20.515379 0.012981237
58833.827559 20.49979 0.0099999998
58833.828123 20.511659 0.0099999998
58833.828694 20.501104 0.0099999998
58833.829263 20.501181 0.0099999998
58833.829826 20.50532 0.010987926
58833.830398 20.503839 0.0099999998
58833.830961 20.505293 0.01398165
58833.831526 20.492866 0.010988435
58833.832097 20.518163 0.011991046
58833.83267 20.49602 0.0099999998
58833.833228 20.501546 0.010992717
58833.833798 20.510882 0.0099999998
58833.834371 20.507165 0.010989935
58833.834936 20.511483 0.010994924
58833.83551 20.503528 0.0099999998
58833.836083 20.548627 0.010994138
58833.836648 20.510627 0.0099999998
58833.837231 20.515963 0.010994456
58833.837806 20.501311 0.010986134
58833.83839 20.493443 0.0099999998
58833.838952 20.495589 0.010985956
58833.839512 20.499446 0.0099999998
58833.840078 20.499227 0.0099999998
58833.840638 20.499864 0.0099999998
58833.841214 20.507631 0.010993686
58833.841784 20.504092 0.0099999998
58833.842354 20.505781 0.010994513
58833.842932 20.503663 0.0099999998
58833.8435 20.497422 0.0099999998
58833.844068 20.498738 0.010994778
58833.84464 20.499457 0.010994476
58833.845192 20.500928 0.010995477
58833.845764 20.503165 0.011992856
58833.846315 20.500884 0.011992942
58833.846882 20.500146 0.010996871
58833.847447 20.50173 0.011990039
58833.848017 20.507924 0.010996243
58833.848583 20.50253 0.010994602
58833.849139 20.505923 0.010995159
58833.849713 20.496477 0.011986383
58833.850286 20.511412 0.010996311
