HJD mag magerr
58833.526351 24.31653 0.0827777
58833.526938 24.338369 0.077638296
58833.527497 24.352691 0.064831242
58833.528073 24.460487 0.069689356
58833.52864 24.355482 0.048834683
58833.529223 24.459811 0.068620837
58833.529794 24.470158 0.071621731
58833.530369 24.380823 0.049764827
58833.530936 24.349031 0.038904029
58833.531508 24.421471 0.038894193
58833.532068 24.373108 0.032912091
58833.532639 24.416549 0.035900427
58833.533201 24.391663 0.030937621
58833.533765 24.403383 0.033941234
58833.534319 24.456642 0.040738068
58833.534878 24.455599 0.031821681
58833.535457 24.488559 0.034840478
58833.536022 24.360126 0.026933236
58833.536586 24.400358 0.027946857
58833.537148 24.345252 0.02594305
58833.537706 24.414356 0.028893098
58833.538275 24.45761 0.026932939
58833.538843 24.39518 0.025937033
58833.539403 24.417106 0.025937352
58833.539961 24.407315 0.023949252
58833.540691 24.390745 0.022967191
58833.54127 24.441259 0.025934691
58833.541834 24.422391 0.024949952
58833.542384 24.353006 0.023947227
58833.542946 24.399841 0.024940723
58833.543507 24.391959 0.02195804
58833.544071 24.401739 0.020975025
58833.544644 24.450962 0.021968709
58833.545206 24.37649 0.021947282
58833.545767 24.411124 0.023957004
58833.54634 24.409443 0.02096825
58833.546924 24.385703 0.021952687
58833.547488 24.431297 0.022946499
58833.548053 24.396412 0.021952104
58833.548633 24.423975 0.02096864
58833.549203 24.390682 0.020964235
58833.549779 24.424018 0.020962653
58833.550355 24.426411 0.024947874
58833.550911 24.39281 0.022940093
58833.551466 24.397793 0.021948834
58833.552025 24.38048 0.023924984
58833.552609 24.453588 0.025922883
58833.553172 24.381958 0.022953199
58833.553736 24.452925 0.022958519
58833.554298 24.400185 0.020970828
58833.554862 24.386157 0.02196893
58833.55542 24.421631 0.022979775
58833.556007 24.355579 0.023982901
58833.556565 24.365006 0.024980776
58833.557125 24.382076 0.0239766
58833.557676 24.439059 0.023982276
58833.558245 24.401408 0.024967155
58833.558811 24.389491 0.022952653
58833.559373 24.408237 0.024943023
58833.559928 24.405963 0.024880989
58833.560497 24.353557 0.027822539
58833.561052 24.444311 0.024919608
58833.561629 24.426233 0.027914135
58833.562183 24.426503 0.023950441
58833.562742 24.403149 0.021955482
58833.563315 24.433017 0.024954779
58833.563889 24.455797 0.025855356
58833.564461 24.401277 0.02678735
58833.565019 24.435862 0.016975923
58833.565576 24.414639 0.01699115
58833.566153 24.502409 0.022943061
58833.566722 24.400002 0.02394973
58833.56729 24.362705 0.020950693
58833.56785 24.421882 0.025917916
58833.568406 24.37775 0.017981158
58833.568961 24.38312 0.017980288
58833.569533 24.424144 0.019983898
58833.570095 24.412323 0.019976185
58833.57065 24.378482 0.017987212
58833.57121 24.405783 0.018977868
58833.571768 24.418466 0.019978756
58833.572322 24.366543 0.018974114
58833.572898 24.393464 0.020965368
58833.573468 24.427253 0.02387226
58833.574037 24.460161 0.023911145
58833.574593 24.335075 0.021920321
58833.575159 24.450527 0.028752546
58833.575726 24.382156 0.023827311
58833.576286 24.359468 0.02187548
58833.576839 24.376331 0.020896096
58833.577403 24.409476 0.019961005
58833.577964 24.424116 0.021963679
58833.578544 24.358771 0.0219442
58833.579114 24.42074 0.021962651
58833.579688 24.40422 0.022927886
58833.580238 24.34879 0.023917421
58833.58081 24.41025 0.022932137
58833.581375 24.332214 0.022833447
58833.581944 24.398095 0.02292003
58833.582509 24.386521 0.019956178
58833.58308 24.423605 0.024918038
58833.583647 24.403991 0.024884429
58833.584215 24.421536 0.025816074
58833.584762 24.410412 0.022910199
58833.585316 24.442013 0.021888273
58833.585886 24.386191 0.019936254
58833.586442 24.414513 0.020943464
58833.587001 24.41695 0.022929096
58833.587566 24.428813 0.026883276
58833.58814 24.41233 0.02690339
58833.588711 24.356299 0.017976345
58833.589285 24.390694 0.016968045
58833.589857 24.472737 0.021811901
58833.590423 24.356982 0.026795714
58833.590994 24.504091 0.027827763
58833.591559 24.42676 0.035755034
58833.592112 24.403018 0.031779763
58833.592665 24.416098 0.034756831
58833.593224 24.38408 0.032832154
58833.593796 24.483419 0.038839038
58833.594369 24.439698 0.044556641
58833.59492 24.470219 0.039769665
58833.595528 24.426224 0.029809479
58833.596082 24.444575 0.028876286
58833.596665 24.379704 0.029875405
58833.597231 24.40538 0.026851346
58833.597797 24.449239 0.025918736
58833.59838 24.42678 0.02195638
58833.598947 24.402714 0.021945624
58833.599512 24.402178 0.025926048
58833.60009 24.423975 0.025945845
58833.600655 24.391684 0.023952673
58833.601221 24.420339 0.023931074
58833.601788 24.398407 0.023953251
58833.602358 24.376453 0.022941371
58833.602926 24.420916 0.025907367
58833.60349 24.395357 0.02982937
58833.604047 24.444782 0.024933313
58833.604615 24.426309 0.026897808
58833.605171 24.458501 0.029845629
58833.605736 24.342664 0.026899522
58833.606292 24.41207 0.028898596
58833.606846 24.381861 0.02787745
58833.607409 24.477398 0.031889329
58833.607972 24.378683 0.026919792
58833.608554 24.429251 0.031861205
58833.609122 24.440471 0.028907573
58833.609691 24.376722 0.028852797
58833.61027 24.427504 0.024905964
58833.610843 24.382318 0.024902228
58833.611415 24.427823 0.024887246
58833.611993 24.368245 0.021876695
58833.612577 24.388765 0.023868491
58833.613137 24.38527 0.0238744
58833.613696 24.430876 0.025851769
58833.614278 24.430413 0.024889756
58833.614853 24.37518 0.024828534
58833.615407 24.393039 0.02585984
58833.615983 24.417102 0.025884464
58833.616534 24.384609 0.022916932
58833.617093 24.390776 0.028903319
58833.617655 24.432365 0.025933457
58833.618216 24.413158 0.023940834
58833.618781 24.439051 0.027944355
58833.619336 24.428107 0.023936752
58833.619908 24.400643 0.02792376
58833.620489 24.455676 0.023932671
58833.621073 24.394969 0.024941054
58833.621643 24.439754 0.026913624
58833.622212 24.393297 0.024925121
58833.622786 24.44156 0.028889827
58833.623339 24.440186 0.023936811
58833.623898 24.409107 0.025920165
58833.624467 24.407081 0.024940808
58833.625042 24.429671 0.024930619
58833.625625 24.417512 0.023938602
58833.626195 24.38023 0.021949369
58833.626758 24.410993 0.024902982
58833.627345 24.372094 0.021962506
58833.627901 24.359396 0.021962309
58833.628481 24.394126 0.020964038
58833.629058 24.402234 0.023958892
58833.629625 24.420466 0.022963042
58833.630194 24.37545 0.021964378
58833.630754 24.422832 0.021969602
58833.631339 24.426284 0.024914476
58833.631919 24.38774 0.026824482
58833.632476 24.369231 0.027848973
58833.633035 24.424575 0.024898394
58833.633609 24.433341 0.027884588
58833.634176 24.395541 0.031928911
58833.63477 24.416264 0.025914388
58833.63533 24.377054 0.024952924
58833.635896 24.394396 0.023929218
58833.636454 24.416415 0.022967503
58833.637031 24.44856 0.02689805
58833.637603 24.377952 0.023945823
58833.638178 24.421964 0.02590946
58833.638751 24.408869 0.022963109
58833.639317 24.409339 0.023960304
58833.639885 24.397243 0.022964326
58833.640451 24.381156 0.022980729
58833.641017 24.381963 0.020979172
58833.641587 24.348745 0.021964238
58833.642165 24.388389 0.023967817
58833.642733 24.391535 0.024966043
58833.643298 24.400726 0.023961693
58833.643881 24.401198 0.022951048
58833.644463 24.427944 0.02098094
58833.645038 24.352646 0.022968782
58833.645621 24.397913 0.023947463
58833.646196 24.397449 0.022949681
58833.646775 24.368225 0.021966929
58833.647352 24.400081 0.023969441
58833.647947 24.379575 0.025942314
58833.648518 24.388991 0.022981901
58833.649091 24.39576 0.022971238
58833.649661 24.399211 0.021979287
58833.650234 24.423044 0.023978449
58833.650812 24.39817 0.021973037
58833.651385 24.392476 0.02396598
58833.651942 24.382682 0.024966135
58833.652501 24.420075 0.022977053
58833.653051 24.379797 0.02398153
58833.653627 24.379309 0.021978666
58833.654196 24.441232 0.024962893
58833.654761 24.402452 0.023970006
58833.655332 24.367961 0.023977404
58833.655903 24.400097 0.020981652
58833.656459 24.357215 0.020981873
58833.657018 24.423974 0.023983568
58833.657575 24.374597 0.021984916
58833.658134 24.418494 0.024976909
58833.658729 24.417839 0.025966416
58833.659291 24.391365 0.023971524
58833.659866 24.367443 0.023983026
58833.660428 24.392716 0.022967987
58833.660996 24.379136 0.02396937
58833.661568 24.381383 0.024968444
58833.662129 24.42032 0.024951524
58833.662686 24.386034 0.026946258
58833.663254 24.408282 0.025979402
58833.663845 24.387097 0.027925246
58833.664399 24.398428 0.025964443
58833.664959 24.408006 0.023980161
58833.66553 24.385909 0.023975315
58833.666087 24.350154 0.024981949
58833.666661 24.388857 0.021983637
58833.66724 24.384531 0.021986877
58833.667808 24.399138 0.023984197
58833.668374 24.394282 0.022981923
58833.66894 24.365607 0.025975813
58833.669515 24.405946 0.02697284
58833.670105 24.431817 0.027965577
58833.670664 24.447058 0.027963803
58833.671231 24.412626 0.029967782
58833.671792 24.38535 0.025964624
58833.672357 24.443731 0.027964402
58833.672921 24.407806 0.026962319
58833.6735 24.41279 0.024977623
58833.674063 24.404885 0.027979852
58833.674632 24.360181 0.027962513
58833.675223 24.380853 0.028913369
58833.67579 24.419046 0.029953155
58833.67635 24.465708 0.031944495
58833.676916 24.448602 0.028964718
58833.677484 24.444078 0.029958349
58833.678056 24.395326 0.029953421
58833.678616 24.392313 0.034861057
58833.679182 24.433866 0.036876026
58833.679761 24.422068 0.037808408
58833.680323 24.420778 0.044607777
58833.680894 24.407127 0.035812723
58833.681455 24.415421 0.0436864
58833.68202 24.382062 0.038793365
58833.682591 24.450783 0.041789175
58833.683157 24.330614 0.035886043
58833.683728 24.438361 0.034874537
58833.68429 24.428165 0.040781844
58833.684864 24.43757 0.03292712
58833.685427 24.35543 0.033919844
58833.686006 24.375672 0.032893951
58833.68663 24.421072 0.032951649
58833.687197 24.378917 0.031966388
58833.687766 24.429865 0.031955709
58833.688335 24.38783 0.029964021
58833.6889 24.434052 0.029952408
58833.689473 24.391705 0.031946821
58833.690035 24.40534 0.030946234
58833.690606 24.444335 0.032923508
58833.691182 24.407973 0.027956971
58833.691769 24.402629 0.02893796
58833.692334 24.385904 0.033896591
58833.692912 24.444743 0.032923102
58833.693482 24.410104 0.030938333
58833.694055 24.411574 0.028941264
58833.694629 24.384396 0.029962287
58833.695214 24.429842 0.03195491
58833.695788 24.413517 0.029949565
58833.696709 24.416645 0.030950381
58833.697282 24.384398 0.03791203
58833.697854 24.409369 0.032931564
58833.698426 24.403278 0.029949984
58833.698997 24.35582 0.034935636
58833.699574 24.390425 0.030966928
58833.700162 24.399895 0.028971457
58833.700738 24.391507 0.033959152
58833.701314 24.444078 0.033959035
58833.701879 24.376265 0.041962311
58833.702433 24.37289 0.033975355
58833.702997 24.40344 0.029978335
58833.703569 24.368664 0.030966184
58833.704138 24.370686 0.027981937
58833.704693 24.408688 0.031976295
58833.705269 24.368417 0.029967145
58833.705842 24.386254 0.032955566
58833.706416 24.418428 0.032945224
58833.706995 24.408402 0.029975466
58833.70756 24.394938 0.032960701
58833.708139 24.407491 0.028964082
58833.708701 24.418495 0.030970952
58833.709269 24.394633 0.027972194
58833.709837 24.416789 0.028969513
58833.710398 24.43238 0.034971633
58833.710961 24.436016 0.034938933
58833.711531 24.355672 0.030959095
58833.712096 24.448712 0.032955311
58833.712678 24.403018 0.029952968
58833.713245 24.412455 0.029961813
58833.713811 24.425722 0.027963622
58833.71438 24.369767 0.025971317
58833.714942 24.372823 0.025965618
58833.715515 24.420451 0.027963276
58833.716099 24.374938 0.028975372
58833.716662 24.38826 0.028976856
58833.717217 24.338437 0.025974975
58833.717786 24.40614 0.027962718
58833.718352 24.417428 0.030955455
58833.718933 24.438253 0.030961549
58833.719515 24.446934 0.028959737
58833.720081 24.401775 0.03094904
58833.720652 24.349531 0.029962207
58833.721229 24.386106 0.031950256
58833.721798 24.423663 0.034949858
58833.722365 24.413522 0.025959457
58833.722938 24.396862 0.024975551
58833.723517 24.426107 0.026960323
58833.724095 24.382346 0.02596651
58833.724659 24.391969 0.025963508
58833.725228 24.405046 0.027963418
58833.725794 24.364592 0.026965009
58833.726369 24.380539 0.029945498
58833.726949 24.383816 0.031927649
58833.727521 24.421465 0.033892574
58833.728085 24.393294 0.028914059
58833.728659 24.374422 0.030947684
58833.729226 24.371184 0.026951129
58833.729803 24.380707 0.027964734
58833.730359 24.406827 0.029953158
58833.730924 24.388376 0.024965992
58833.731502 24.353765 0.028962363
58833.732059 24.396195 0.031903054
58833.732632 24.403078 0.029944127
58833.733194 24.392294 0.030920964
58833.733759 24.376312 0.033880011
58833.734321 24.43938 0.034914435
58833.734879 24.436405 0.037895873
58833.735444 24.357002 0.032852996
58833.736003 24.372905 0.037867454
58833.736571 24.323995 0.038861432
58833.737136 24.396331 0.038863674
58833.737691 24.438215 0.035905012
58833.738267 24.359155 0.03479025
58833.738823 24.342478 0.034884141
58833.739382 24.422661 0.033902774
58833.739948 24.396141 0.036844148
58833.740522 24.391676 0.038848843
58833.741085 24.375013 0.041814594
58833.741647 24.382985 0.03490461
58833.742215 24.396462 0.030926445
58833.742788 24.496168 0.036843365
58833.743365 24.372601 0.035900852
58833.743953 24.404901 0.038889388
58833.744526 24.406866 0.033913962
58833.745093 24.386364 0.030942202
58833.745664 24.349042 0.028928855
58833.746226 24.403645 0.030938508
58833.746789 24.37457 0.029938321
58833.747358 24.397197 0.030954459
58833.747921 24.459401 0.03094929
58833.748478 24.374116 0.026957149
58833.749035 24.408673 0.029955014
58833.749599 24.401103 0.02895267
58833.750168 24.395929 0.031906227
58833.750733 24.439113 0.032914114
58833.751298 24.394276 0.033869708
58833.751854 24.408386 0.039875912
58833.752416 24.40566 0.033917481
58833.752988 24.390721 0.031923541
58833.753539 24.410555 0.028933237
58833.7541 24.385362 0.028941008
58833.754655 24.393921 0.027955208
58833.75523 24.380602 0.027969855
58833.755803 24.391855 0.033944059
58833.756377 24.377723 0.03394587
58833.756948 24.404087 0.029969666
58833.757519 24.376533 0.03097326
58833.758074 24.43798 0.031968487
58833.758639 24.41277 0.034927231
58833.759204 24.395133 0.039913734
58833.759765 24.38919 0.034960921
58833.760341 24.406615 0.0329621
58833.760921 24.440986 0.033962308
58833.761489 24.415286 0.042926329
58833.76205 24.417483 0.032963948
58833.762618 24.433201 0.035948775
58833.763196 24.445057 0.032959244
58833.763771 24.413022 0.03497571
58833.764345 24.339603 0.029969856
58833.764904 24.432893 0.03297441
58833.765469 24.367312 0.030981742
58833.766035 24.371131 0.029972845
58833.766604 24.413671 0.033954382
58833.767179 24.40038 0.030976592
58833.767754 24.433632 0.033975309
58833.768337 24.386404 0.029968872
58833.768906 24.441918 0.032971477
58833.769468 24.406529 0.035950038
58833.770037 24.418422 0.033965537
58833.770609 24.440825 0.039957689
58833.771176 24.444925 0.037906006
58833.77175 24.357076 0.039927264
58833.772312 24.441939 0.042905248
58833.772873 24.429537 0.039886076
58833.773436 24.390303 0.045853583
58833.774013 24.431867 0.046870275
58833.774581 24.436715 0.042911472
58833.775149 24.412998 0.045907334
58833.775718 24.420909 0.043910225
58833.776274 24.368038 0.040937544
58833.776849 24.472057 0.04294949
58833.777425 24.439847 0.04294607
58833.777996 24.423741 0.0429243
58833.778564 24.397326 0.034946694
58833.779126 24.485707 0.043931245
58833.779701 24.414778 0.041930141
58833.780275 24.40285 0.037942318
58833.780836 24.412341 0.043860563
58833.781394 24.402769 0.043860761
58833.781959 24.473458 0.039936605
58833.78252 24.404264 0.038948783
58833.783078 24.406785 0.041902467
58833.783656 24.413156 0.038919721
58833.784224 24.352012 0.036950983
58833.784791 24.410306 0.035954319
58833.785359 24.413004 0.03495883
58833.785923 24.424628 0.03196761
58833.786499 24.373831 0.037952159
58833.787075 24.399068 0.033958571
58833.787657 24.411198 0.034958764
58833.788243 24.391721 0.034955052
58833.788815 24.383933 0.030965953
58833.789431 24.395514 0.02997189
58833.789993 24.410417 0.032963223
58833.790558 24.415982 0.029976608
58833.791114 24.402164 0.033955861
58833.791692 24.381897 0.029972689
58833.792254 24.382581 0.028955894
58833.792819 24.392833 0.028967893
58833.793386 24.376455 0.030957127
58833.793945 24.383093 0.02796522
58833.794517 24.372386 0.027968838
58833.79508 24.386886 0.028968307
58833.795646 24.391754 0.02797192
58833.796225 24.385031 0.026967456
58833.79679 24.327476 0.025980602
58833.797352 24.382531 0.021985714
58833.797908 24.388146 0.026978894
58833.798484 24.384769 0.025981055
58833.799061 24.380372 0.026976687
58833.799624 24.383874 0.026974212
58833.800185 24.420612 0.028977679
58833.800756 24.416068 0.029963417
58833.801313 24.421553 0.026971608
58833.801876 24.435271 0.028972664
58833.802443 24.443146 0.028958246
58833.803031 24.416664 0.029980798
58833.803608 24.392334 0.026974382
58833.804175 24.446387 0.026981615
58833.804741 24.424795 0.027980602
58833.805316 24.417149 0.030978883
58833.805876 24.379965 0.029972945
58833.806445 24.401835 0.030982966
58833.807016 24.384953 0.027979272
58833.807582 24.423892 0.03396415
58833.80816 24.386959 0.029978289
58833.808724 24.37994 0.027980158
58833.809281 24.409144 0.026975454
58833.809857 24.405317 0.029979495
58833.810432 24.417755 0.032972237
58833.811002 24.414498 0.0319772
58833.81157 24.397395 0.027981868
58833.812141 24.423664 0.027981555
58833.81271 24.445707 0.026983421
58833.813283 24.409615 0.025985409
58833.81385 24.402507 0.023984945
58833.814425 24.414265 0.026983565
58833.81499 24.363429 0.024984627
58833.815567 24.438158 0.027980972
58833.816133 24.375119 0.027979493
58833.816698 24.383732 0.030959787
58833.817289 24.40923 0.029972043
58833.817864 24.364363 0.030967408
58833.818429 24.384026 0.029968587
58833.819011 24.427136 0.031968258
58833.819573 24.397566 0.028977106
58833.820146 24.348471 0.030964049
58833.82073 24.396103 0.029971715
58833.821295 24.406151 0.028971859
58833.821869 24.410015 0.032971112
58833.822431 24.38311 0.027978791
58833.822986 24.361106 0.032979085
58833.823546 24.368628 0.03596264
58833.824122 24.405359 0.035960692
58833.82469 24.329948 0.032975872
58833.82527 24.416687 0.037977617
58833.825842 24.389587 0.032974259
58833.826414 24.402518 0.0339609
58833.826987 24.398379 0.032962556
58833.827559 24.40279 0.032967705
58833.828123 24.410659 0.033973814
58833.828694 24.425104 0.030959299
58833.829263 24.428181 0.030967641
58833.829826 24.42432 0.03095734
58833.830398 24.418839 0.031967334
58833.830961 24.412293 0.029969339
58833.831526 24.436866 0.026960331
58833.832097 24.431163 0.025976054
58833.83267 24.39702 0.026970156
58833.833228 24.418546 0.028969748
58833.833798 24.378882 0.027976413
58833.834371 24.421165 0.031957077
58833.834936 24.404483 0.024977073
58833.83551 24.384528 0.027973767
58833.836083 24.380627 0.027972354
58833.836648 24.450627 0.031973015
58833.837231 24.368963 0.028973556
58833.837806 24.451311 0.032940283
58833.83839 24.393443 0.028955948
58833.838952 24.398589 0.032939508
58833.839512 24.409446 0.03196671
58833.840078 24.420227 0.034957128
58833.840638 24.396864 0.032969806
58833.841214 24.384631 0.029969544
58833.841784 24.373092 0.027977224
58833.842354 24.404781 0.029973553
58833.842932 24.380663 0.030970401
58833.8435 24.398422 0.03197312
58833.844068 24.425738 0.029974835
58833.84464 24.386457 0.031972875
58833.845192 24.458928 0.028978442
58833.845764 24.423165 0.029979947
58833.846315 24.394884 0.027980622
58833.846882 24.405146 0.029983113
58833.847447 24.46273 0.034970843
58833.848017 24.435924 0.035978571
58833.848583 24.36853 0.038972255
58833.849139 24.348923 0.035975545
58833.849713 24.375477 0.033964814
58833.850286 24.413412 0.031979651
