HJD mag magerr
58833.526351 25.230489 0.17076889
58833.526938 25.029207 0.14266117
58833.527497 24.92523 0.10786386
58833.528073 25.153472 0.13769788
58833.52864 24.92827 0.079825871
58833.529223 24.894739 0.10744127
58833.529794 24.907112 0.10846522
58833.530369 25.085505 0.085707124
58833.530936 24.929492 0.071831254
58833.531508 24.98532 0.057877318
58833.532068 24.912001 0.046901631
58833.532639 24.91311 0.048819789
58833.533201 24.891561 0.048910871
58833.533765 24.850687 0.044930812
58833.534319 24.940526 0.052758079
58833.534878 25.030777 0.059745031
58833.535457 24.938765 0.047819877
58833.536022 24.8997 0.0419276
58833.536586 24.976785 0.037936523
58833.537148 24.851221 0.034942949
58833.537706 24.876967 0.03987308
58833.538275 24.954119 0.037921622
58833.538843 24.935763 0.035942404
58833.539403 24.938663 0.031919514
58833.539961 24.961071 0.033889906
58833.540691 24.927915 0.033947985
58833.54127 24.960729 0.032943279
58833.541834 24.912952 0.029956113
58833.542384 24.930636 0.033957086
58833.542946 24.909018 0.029929824
58833.543507 24.855296 0.028963766
58833.544071 24.895947 0.027967923
58833.544644 24.923373 0.027944951
58833.545206 24.917018 0.029942482
58833.545767 24.921406 0.028964572
58833.54634 24.933886 0.027969643
58833.546924 24.970714 0.028942851
58833.547488 24.939653 0.03091734
58833.548053 24.870816 0.028932324
58833.548633 24.892527 0.025963675
58833.549203 24.928299 0.028958016
58833.549779 24.891263 0.025966376
58833.550355 24.933957 0.030959132
58833.550911 24.890122 0.026952839
58833.551466 24.91565 0.027934729
58833.552025 24.904451 0.031925166
58833.552609 24.966989 0.032918181
58833.553172 24.916259 0.033933261
58833.553736 24.917393 0.031931187
58833.554298 24.917329 0.027970123
58833.554862 24.929813 0.027971402
58833.55542 24.888912 0.030970472
58833.556007 24.92237 0.029981871
58833.556565 24.90688 0.028979368
58833.557125 24.895251 0.030970394
58833.557676 24.913954 0.033976171
58833.558245 24.922038 0.030958412
58833.558811 24.88755 0.02995977
58833.559373 24.903803 0.030911295
58833.559928 25.018602 0.034838189
58833.560497 24.971512 0.042722959
58833.561052 24.917115 0.031908732
58833.561629 25.080838 0.039857974
58833.562183 24.933727 0.031919168
58833.562742 24.865142 0.029942037
58833.563315 24.915334 0.033953139
58833.563889 24.98591 0.035858343
58833.564461 24.872725 0.037746136
58833.565019 24.935976 0.025945652
58833.565576 24.882341 0.022985038
58833.566153 24.97561 0.031912739
58833.566722 24.922842 0.026924823
58833.56729 24.876545 0.030946856
58833.56785 24.970596 0.031921027
58833.568406 24.907642 0.023971059
58833.568961 24.895348 0.024973237
58833.569533 24.933225 0.024971082
58833.570095 24.928159 0.023978372
58833.57065 24.938266 0.021987296
58833.57121 24.878179 0.02497169
58833.571768 24.922344 0.025962964
58833.572322 24.890561 0.0249763
58833.572898 24.877522 0.02795686
58833.573468 24.918771 0.02890433
58833.574037 24.984433 0.031906785
58833.574593 24.859669 0.027926699
58833.575159 24.876179 0.041558615
58833.575726 24.883274 0.030855237
58833.576286 25.023143 0.039884238
58833.576839 24.861311 0.026891334
58833.577403 24.919995 0.028932975
58833.577964 24.946519 0.028936091
58833.578544 24.949247 0.027949689
58833.579114 24.895853 0.026908011
58833.579688 24.952445 0.030914825
58833.580238 24.858017 0.02889173
58833.58081 24.887798 0.030876972
58833.581375 25.021753 0.033845337
58833.581944 24.979786 0.02893041
58833.582509 24.895307 0.026953325
58833.58308 24.916239 0.032907354
58833.583647 24.882919 0.033834694
58833.584215 25.043345 0.037803099
58833.584762 24.911395 0.026887477
58833.585316 24.921984 0.029852317
58833.585886 24.951105 0.02694027
58833.586442 24.872204 0.027905192
58833.587001 24.931054 0.030843195
58833.587566 24.840505 0.038830803
58833.58814 24.931972 0.036812462
58833.588711 24.932203 0.020986657
58833.589285 24.863488 0.023943502
58833.589857 24.882792 0.031724544
58833.590423 25.005907 0.04168099
58833.590994 24.966846 0.042812807
0.0 0.0 0.0
58833.592112 24.95247 0.046703066
58833.592665 24.909567 0.049714936
58833.593224 24.844883 0.049654641
0.0 0.0 0.0
58833.594369 25.052078 0.069464503
58833.59492 24.997824 0.061677081
58833.595528 24.961706 0.044751634
58833.596082 24.93726 0.039860464
58833.596665 24.986425 0.041864388
58833.597231 24.971439 0.038844888
58833.597797 24.895798 0.034898924
58833.59838 24.906062 0.028919019
58833.598947 24.94974 0.028935043
58833.599512 24.878077 0.028913526
58833.60009 24.89735 0.029939673
58833.600655 24.901945 0.033945182
58833.601221 24.963432 0.028948123
58833.601788 24.870525 0.033911228
58833.602358 24.896081 0.030928029
58833.602926 24.891828 0.033928298
58833.60349 24.97619 0.044799767
58833.604047 24.928873 0.030931088
58833.604615 24.957801 0.035885969
58833.605171 24.992245 0.042866606
58833.605736 24.893308 0.039883413
58833.606292 24.91102 0.038871148
58833.606846 24.955068 0.037859494
58833.607409 24.934683 0.039872066
58833.607972 24.906964 0.039839323
58833.608554 24.967984 0.044844785
58833.609122 24.906663 0.040871652
58833.609691 24.963217 0.037858433
58833.61027 24.9622 0.031892993
58833.610843 24.972919 0.034886578
58833.611415 24.994683 0.039785439
58833.611993 24.90069 0.031862467
58833.612577 24.935579 0.03384599
58833.613137 24.892159 0.032828559
58833.613696 25.002435 0.038764019
58833.614278 25.056595 0.036846507
58833.614853 24.901338 0.033815403
58833.615407 25.036421 0.037769363
58833.615983 24.970278 0.034865218
58833.616534 24.855843 0.031819247
58833.617093 24.93014 0.036878577
58833.617655 24.859713 0.032913172
58833.618216 24.954182 0.034906658
58833.618781 24.922567 0.034947477
58833.619336 24.882893 0.033920683
58833.619908 24.948203 0.037908233
58833.620489 24.941049 0.032920962
58833.621073 24.882546 0.032916704
58833.621643 24.934521 0.03983809
58833.622212 24.918165 0.031914953
58833.622786 24.91237 0.037805847
58833.623339 24.905404 0.035894227
58833.623898 24.960848 0.036908746
58833.624467 24.898956 0.031928087
58833.625042 24.944078 0.033913858
58833.625625 24.921607 0.027947915
58833.626195 24.949583 0.030942465
58833.626758 24.921493 0.029926447
58833.627345 24.896432 0.028953128
58833.627901 24.911015 0.030966706
58833.628481 24.94322 0.029950553
58833.629058 24.899718 0.029962919
58833.629625 24.894273 0.025956952
58833.630194 24.912416 0.027958323
58833.630754 24.93389 0.032962677
58833.631339 24.992832 0.031923845
58833.631919 24.945453 0.039832623
58833.632476 24.929099 0.038833314
58833.633035 24.886951 0.033828483
58833.633609 24.934744 0.035900319
58833.634176 24.945704 0.045928643
58833.63477 24.912684 0.03785536
58833.63533 24.886027 0.031961366
58833.635896 24.906746 0.032929692
58833.636454 24.922301 0.029947776
58833.637031 24.939272 0.033881711
58833.637603 24.968472 0.03490874
58833.638178 24.896045 0.034890656
58833.638751 24.904002 0.030952962
58833.639317 24.869257 0.030954837
58833.639885 24.959047 0.031968148
58833.640451 24.889615 0.030977868
58833.641017 24.957821 0.029965478
58833.641587 24.926684 0.030964485
58833.642165 24.880383 0.02896369
58833.642733 24.906377 0.030957348
58833.643298 24.883395 0.031952883
58833.643881 24.91879 0.030958905
58833.644463 24.877396 0.028965183
58833.645038 24.903928 0.030960736
58833.645621 24.906406 0.03093745
58833.646196 24.928227 0.034934162
58833.646775 24.951448 0.029970569
58833.647352 24.922293 0.028970738
58833.647947 24.938551 0.033950661
58833.648518 24.892432 0.033975217
58833.649091 24.873707 0.030938112
58833.649661 24.905795 0.031973299
58833.650234 24.89329 0.030974307
58833.650812 24.881284 0.030965285
58833.651385 24.902941 0.033932403
58833.651942 24.910746 0.034957116
58833.652501 24.940268 0.035967688
58833.653051 24.89006 0.03494578
58833.653627 24.864177 0.028973716
58833.654196 24.960531 0.033955115
58833.654761 24.907963 0.028962295
58833.655332 24.933715 0.031960451
58833.655903 24.937565 0.03396588
58833.656459 24.928286 0.033976766
58833.657018 24.898185 0.030972287
58833.657575 24.962008 0.03297438
58833.658134 24.919085 0.031968891
58833.658729 24.930339 0.034961868
58833.659291 24.881749 0.028974668
58833.659866 24.98061 0.035974255
58833.660428 24.930882 0.033970869
58833.660996 24.944106 0.034962043
58833.661568 24.891145 0.034963268
58833.662129 24.903876 0.036959547
58833.662686 24.942208 0.039940231
58833.663254 24.895724 0.030974546
58833.663845 24.883318 0.037945665
58833.664399 24.931847 0.035956515
58833.664959 24.868707 0.031973289
58833.66553 24.885962 0.030977846
58833.666087 24.920197 0.032982515
58833.666661 24.891486 0.030979358
58833.66724 24.825945 0.029982782
58833.667808 24.926685 0.034978208
58833.668374 24.903108 0.033983317
58833.66894 24.853622 0.032978121
58833.669515 24.901223 0.033975989
58833.670105 24.878569 0.038964142
58833.670664 24.946318 0.034956054
58833.671231 24.940595 0.03896243
58833.671792 24.935074 0.037961064
58833.672357 24.87638 0.038953285
58833.672921 24.959235 0.039953143
58833.6735 24.943619 0.034977895
58833.674063 24.913716 0.03497627
58833.674632 24.904002 0.040953658
58833.675223 24.926175 0.042899205
58833.67579 24.888375 0.035947391
58833.67635 24.892587 0.040934407
58833.676916 24.905265 0.039957292
58833.677484 24.928885 0.039953423
58833.678056 24.892143 0.041943138
58833.678616 24.946396 0.055842221
58833.679182 24.9611 0.051855364
58833.679761 24.941268 0.053850493
58833.680323 25.0678 0.079555753
58833.680894 24.960118 0.056851925
58833.681455 24.92864 0.063662099
58833.68202 24.9146 0.060750824
58833.682591 24.977717 0.066690725
58833.683157 24.918169 0.054866557
58833.683728 24.890458 0.047860379
58833.68429 24.839252 0.052743213
58833.684864 24.914506 0.046915006
58833.685427 24.920353 0.04691817
58833.686006 24.959008 0.051873567
58833.68663 24.917247 0.043947201
58833.687197 24.887061 0.042946778
58833.687766 24.885449 0.047918358
58833.688335 24.918375 0.043951108
58833.6889 24.917494 0.043960493
58833.689473 24.906437 0.043939035
58833.690035 24.828567 0.040931149
58833.690606 24.971374 0.0449393
58833.691182 24.884059 0.041926847
58833.691769 24.82905 0.039921987
58833.692334 24.927958 0.051872698
58833.692912 24.902253 0.045914004
58833.693482 24.938495 0.040931946
58833.694055 24.916006 0.04195004
58833.694629 24.945799 0.048932371
58833.695214 24.882061 0.045946852
58833.695788 24.927881 0.043939917
58833.696709 24.908468 0.046942397
58833.697282 24.959038 0.050859654
58833.697854 24.869097 0.043929565
58833.698426 24.946003 0.049941233
58833.698997 25.022886 0.061948085
58833.699574 24.9345 0.045949227
58833.700162 24.914436 0.038966536
58833.700738 24.880895 0.048941284
58833.701314 24.911881 0.045961124
58833.701879 24.963223 0.063942927
58833.702433 24.901995 0.049970587
58833.702997 24.900473 0.039975398
58833.703569 24.898513 0.038962567
58833.704138 24.90697 0.035972774
58833.704693 24.923182 0.043972697
58833.705269 24.969066 0.044956633
58833.705842 24.968052 0.044963181
58833.706416 24.926727 0.046949271
58833.706995 24.896348 0.04396979
58833.70756 24.922896 0.043966198
58833.708139 24.911615 0.03897041
58833.708701 24.875068 0.040968044
58833.709269 24.949446 0.043955342
58833.709837 24.903572 0.041961912
58833.710398 24.878909 0.042955053
58833.710961 24.910344 0.041946059
58833.711531 24.815068 0.042951962
58833.712096 24.966525 0.046952741
58833.712678 24.874351 0.038944777
58833.713245 24.915641 0.044954783
58833.713811 24.92242 0.036955528
58833.71438 24.953055 0.038967197
58833.714942 24.898872 0.036969721
58833.715515 24.847099 0.036953717
58833.716099 24.86702 0.038972182
58833.716662 24.929984 0.037973264
58833.717217 24.897772 0.039935351
58833.717786 24.953746 0.040954283
58833.718352 24.888537 0.037962165
58833.718933 24.993998 0.044955106
58833.719515 24.894917 0.036957772
58833.720081 24.857292 0.045924948
58833.720652 24.874462 0.038943237
58833.721229 24.981618 0.042958849
58833.721798 24.908531 0.045938505
58833.722365 24.9389 0.038965697
58833.722938 24.926232 0.033970396
58833.723517 24.912853 0.035966534
58833.724095 24.894759 0.034970075
58833.724659 24.861104 0.039952318
58833.725228 24.898098 0.038967032
58833.725794 24.913679 0.0459489
58833.726369 24.890347 0.039901267
58833.726949 24.973205 0.04885658
58833.727521 24.846825 0.038919562
58833.728085 24.894054 0.040934625
58833.728659 24.877605 0.046940783
58833.729226 24.961222 0.038948233
58833.729803 24.869759 0.041957407
58833.730359 24.933033 0.038947824
58833.730924 24.926282 0.034970026
58833.731502 24.918943 0.040954503
58833.732059 24.944314 0.048895855
58833.732632 24.896624 0.048907223
58833.733194 24.939216 0.04491768
58833.733759 24.902176 0.050816622
58833.734321 24.890664 0.051909137
58833.734879 24.966011 0.054883867
58833.735444 24.979233 0.054853178
58833.736003 25.112718 0.069854192
58833.736571 24.951127 0.06686334
58833.737136 24.985012 0.059848443
58833.737691 24.941515 0.04992296
58833.738267 24.945026 0.061755784
58833.738823 24.963735 0.05186931
58833.739382 24.996107 0.058870468
58833.739948 24.999952 0.059849896
58833.740522 24.938088 0.054823443
58833.741085 24.912569 0.059695742
58833.741647 24.822998 0.047896837
58833.742215 24.887481 0.047913874
58833.742788 24.975814 0.049852638
58833.743365 24.939259 0.05490768
58833.743953 24.888224 0.05487918
58833.744526 24.91313 0.045865024
58833.745093 24.916777 0.045933696
58833.745664 24.9284 0.045938528
58833.746226 24.871261 0.043934043
58833.746789 24.893422 0.040950581
58833.747358 24.889929 0.03695913
58833.747921 24.897852 0.041956476
58833.748478 24.927473 0.040951272
58833.749035 24.88671 0.03596149
58833.749599 24.901785 0.037962586
58833.750168 24.8903 0.042897661
58833.750733 24.912996 0.040911058
58833.751298 24.909766 0.046880985
58833.751854 24.89667 0.053784677
58833.752416 25.010337 0.050900119
58833.752988 24.946024 0.044911131
58833.753539 24.934665 0.042920248
58833.7541 24.909353 0.038951522
58833.754655 24.886207 0.0399496
58833.75523 24.870414 0.035963635
58833.755803 24.959837 0.047954011
58833.756377 24.947152 0.042959875
58833.756948 24.945861 0.042954616
58833.757519 24.969868 0.046960766
58833.758074 24.920715 0.047962468
58833.758639 24.88616 0.047935771
58833.759204 24.837331 0.052914032
58833.759765 24.885794 0.045956934
58833.760341 24.887435 0.04796119
58833.760921 24.909431 0.050957248
58833.761489 24.908757 0.058911679
58833.76205 24.910251 0.044958642
58833.762618 24.912879 0.050935739
58833.763196 24.902568 0.042971362
58833.763771 24.838991 0.048971387
58833.764345 24.894417 0.039966486
58833.764904 24.948421 0.044966476
58833.765469 24.960943 0.050968836
58833.766035 24.899581 0.048966017
58833.766604 24.989961 0.050962654
58833.767179 24.873137 0.04296881
58833.767754 24.9646 0.051973717
58833.768337 24.884484 0.04695113
58833.768906 24.944908 0.041966595
58833.769468 24.975123 0.053955046
58833.770037 24.877469 0.044963416
58833.770609 24.891203 0.048965595
58833.771176 24.886228 0.050923196
58833.77175 24.882102 0.050940646
58833.772312 24.876739 0.058929825
58833.772873 24.965345 0.061884293
58833.773436 25.070035 0.077858831
58833.774013 24.855954 0.073782252
58833.774581 24.865785 0.063857858
58833.775149 24.84862 0.057909062
58833.775718 25.084117 0.072897976
58833.776274 24.967862 0.067894486
58833.776849 24.789301 0.050941456
58833.777425 24.902118 0.06394092
58833.777996 24.929008 0.063909905
58833.778564 24.882262 0.060941616
58833.779126 24.959923 0.060925146
58833.779701 24.871958 0.054901307
58833.780275 24.947023 0.059908247
58833.780836 24.939166 0.058856541
58833.781394 25.000058 0.070894737
58833.781959 24.95512 0.056918483
58833.78252 24.829729 0.053929014
58833.783078 24.811772 0.05590786
58833.783656 24.893248 0.058935541
58833.784224 24.945372 0.055955526
58833.784791 24.891518 0.051944587
58833.785359 24.846752 0.04995604
58833.785923 24.831362 0.044959354
58833.786499 24.919597 0.051960552
58833.787075 24.92519 0.056947082
58833.787657 24.887777 0.051959729
58833.788243 24.938105 0.054951632
58833.788815 24.878073 0.053945358
58833.789431 24.893293 0.041965857
58833.789993 24.909852 0.051959155
58833.790558 24.881132 0.040978642
58833.791114 24.953424 0.047963082
58833.791692 24.806372 0.044975118
58833.792254 24.867017 0.040965936
58833.792819 24.898686 0.036970492
58833.793386 24.864341 0.036962931
58833.793945 24.937899 0.043967364
58833.794517 24.907327 0.045962041
58833.79508 24.941725 0.039962897
58833.795646 24.921478 0.038975031
58833.796225 24.880909 0.033973514
58833.79679 24.891789 0.036976565
58833.797352 24.903803 0.037977909
58833.797908 24.93009 0.039973054
58833.798484 24.890912 0.035974829
58833.799061 24.923599 0.034978503
58833.799624 24.933527 0.042956567
58833.800185 24.86449 0.036977327
58833.800756 24.853142 0.036969259
58833.801313 24.878915 0.035954859
58833.801876 24.919604 0.041966293
58833.802443 24.912059 0.040965628
58833.803031 24.9888 0.037977067
58833.803608 24.931697 0.040970606
58833.804175 24.877097 0.042976276
58833.804741 24.921758 0.037980362
58833.805316 24.938571 0.038978996
58833.805876 24.935424 0.046966873
58833.806445 24.840155 0.038979377
58833.807016 24.870446 0.041975306
58833.807582 24.93166 0.047962357
58833.80816 24.850697 0.043969157
58833.808724 24.91884 0.040978567
58833.809281 24.926332 0.037969411
58833.809857 24.959636 0.040975692
58833.810432 24.878111 0.040977114
58833.811002 24.869276 0.043973738
58833.81157 24.97978 0.042975691
58833.812141 24.851975 0.040977086
58833.81271 24.892688 0.039978673
58833.813283 24.888998 0.042973201
58833.81385 24.90819 0.035975202
58833.814425 24.923745 0.033977837
58833.81499 24.960343 0.03797988
58833.815567 24.945536 0.03897368
58833.816133 24.92339 0.03997724
58833.816698 24.888067 0.042972215
58833.817289 24.899474 0.039953955
58833.817864 24.956977 0.04696824
58833.818429 24.874801 0.037969786
58833.819011 24.896985 0.043963807
58833.819573 24.880031 0.043962934
58833.820146 24.85838 0.039960237
58833.82073 24.939441 0.040967121
58833.821295 24.932159 0.043961006
58833.821869 24.901676 0.044972191
58833.822431 24.910163 0.044969919
58833.822986 24.894509 0.044973831
58833.823546 24.91224 0.050965853
58833.824122 24.860066 0.045961911
58833.82469 24.870703 0.0519501
58833.82527 24.954159 0.058970968
58833.825842 24.903876 0.054969028
58833.826414 24.822842 0.050958085
58833.826987 24.892421 0.045966473
58833.827559 24.873188 0.043962176
58833.828123 24.929856 0.048969312
58833.828694 24.949768 0.044951026
58833.829263 24.842709 0.042962929
58833.829826 24.884525 0.045961344
58833.830398 24.863182 0.042942737
58833.830961 24.91762 0.038950014
58833.831526 24.914279 0.037969052
58833.832097 24.903089 0.039962161
58833.83267 24.851577 0.038954065
58833.833228 24.936573 0.037966666
58833.833798 24.854272 0.038963975
58833.834371 24.926602 0.044944466
58833.834936 24.925919 0.038963936
58833.83551 24.910011 0.038959082
58833.836083 24.960741 0.042969592
58833.836648 24.909311 0.041944025
58833.837231 24.97114 0.045963179
58833.837806 24.97704 0.044933083
58833.83839 24.892058 0.043950498
58833.838952 24.933781 0.049929525
58833.839512 24.870326 0.044961154
58833.840078 24.943288 0.05096142
58833.840638 24.831843 0.044954361
58833.841214 24.987116 0.05296535
58833.841784 24.897422 0.041971278
58833.842354 24.892064 0.044968463
58833.842932 24.915393 0.049964133
58833.8435 24.833043 0.04196158
58833.844068 24.916812 0.045970307
58833.84464 24.891823 0.041970038
58833.845192 24.873332 0.046972412
58833.845764 24.83299 0.038979444
58833.846315 24.836522 0.040974495
58833.846882 24.899482 0.044976169
58833.847447 25.014705 0.055975223
58833.848017 24.857829 0.050962057
58833.848583 24.995835 0.065969289
58833.849139 24.842966 0.054966975
58833.849713 24.95558 0.059957829
58833.850286 24.946742 0.053971775
