HJD mag magerr
58833.526351 23.58153 0.047785809
58833.526938 23.631369 0.042649953
58833.527497 23.582691 0.037839507
58833.528073 23.492487 0.033711229
58833.52864 23.511482 0.02585055
58833.529223 23.563811 0.036636453
58833.529794 23.549158 0.03464757
58833.530369 23.594823 0.028782404
58833.530936 23.569031 0.024913923
58833.531508 23.537471 0.020908548
58833.532068 23.512108 0.020922089
58833.532639 23.500549 0.020912973
58833.533201 23.550663 0.020945619
58833.533765 23.517383 0.018952633
58833.534319 23.473642 0.020776059
58833.534878 23.469599 0.017853689
58833.535457 23.437559 0.018866776
58833.536022 23.531126 0.017945142
58833.536586 23.530358 0.016958761
58833.537148 23.539252 0.017952628
58833.537706 23.484356 0.018907467
58833.538275 23.48661 0.017942754
58833.538843 23.49618 0.016947794
58833.539403 23.510106 0.015950564
58833.539961 23.500315 0.016956945
58833.540691 23.521745 0.017971421
58833.54127 23.471259 0.015948472
58833.541834 23.461391 0.015960062
58833.542384 23.498006 0.016956904
58833.542946 23.421841 0.016950322
58833.543507 23.454959 0.015965096
58833.544071 23.472739 0.015979585
58833.544644 23.450962 0.013979187
58833.545206 23.39449 0.015957917
58833.545767 23.458124 0.016963511
58833.54634 23.500443 0.016972472
58833.546924 23.475703 0.016959914
58833.547488 23.455297 0.015958121
58833.548053 23.519412 0.014964615
58833.548633 23.453975 0.015974372
58833.549203 23.435682 0.015969697
58833.549779 23.420018 0.015968358
58833.550355 23.420411 0.015958408
58833.550911 23.40181 0.015948302
58833.551466 23.422793 0.014960144
58833.552025 23.46448 0.015939491
58833.552609 23.402588 0.017933566
58833.553172 23.442958 0.016962257
58833.553736 23.381925 0.013972962
58833.554298 23.398185 0.014977934
58833.554862 23.391157 0.014977024
58833.55542 23.413631 0.015984739
58833.556007 23.365579 0.014988408
58833.556565 23.419006 0.016985058
58833.557125 23.391076 0.015981968
58833.557676 23.416059 0.017985205
58833.558245 23.367408 0.015975077
58833.558811 23.375491 0.016959275
58833.559373 23.418237 0.016954173
58833.559928 23.353963 0.015910071
58833.560497 23.443557 0.017856304
58833.561052 23.348311 0.015935945
58833.561629 23.356233 0.017930247
58833.562183 23.384503 0.014964705
58833.562742 23.340149 0.013970418
58833.563315 23.348017 0.015965707
58833.563889 23.276797 0.015892301
58833.564461 23.424277 0.018813468
58833.565019 23.324862 0.01298626
58833.565576 23.333639 0.01399326
58833.566153 23.279409 0.013969443
58833.566722 23.347002 0.0149642
58833.56729 23.394705 0.015959733
58833.56785 23.237882 0.016937354
58833.568406 23.29775 0.010995302
58833.568961 23.35612 0.015982267
58833.569533 23.340144 0.014987486
58833.570095 23.334323 0.014980674
58833.57065 23.338482 0.015988494
58833.57121 23.309783 0.013983162
58833.571768 23.316466 0.01398515
58833.572322 23.334543 0.015977008
58833.572898 23.375464 0.015971702
58833.573468 23.336253 0.016886999
58833.574037 23.277161 0.014936867
58833.574593 23.337075 0.015933826
58833.575159 23.370527 0.016811459
58833.575726 23.344156 0.015861363
58833.576286 23.266468 0.013922265
58833.576839 23.386331 0.015915323
58833.577403 23.325476 0.013972775
58833.577964 23.341116 0.01397585
58833.578544 23.377771 0.019946374
58833.579114 23.34074 0.015970166
58833.579688 23.30922 0.015941024
58833.580238 23.30579 0.014937651
58833.58081 23.29725 0.013955853
58833.581375 23.341214 0.015870279
58833.581944 23.274095 0.01493878
58833.582509 23.365521 0.014965988
58833.58308 23.308605 0.017928649
58833.583647 23.297991 0.01690336
58833.584215 23.296536 0.016860186
0.0 0.0 0.0
58833.585316 23.289013 0.013936107
58833.585886 23.337191 0.014950571
58833.586442 23.321513 0.014957295
58833.587001 23.29595 0.014945691
58833.587566 23.305813 0.015918082
58833.58814 23.31933 0.015928751
58833.588711 23.350299 0.01398389
58833.589285 23.371694 0.01198785
58833.589857 23.276737 0.014862105
58833.590423 23.365982 0.016840775
58833.590994 23.251091 0.01489113
58833.591559 23.38976 0.018813868
58833.592112 23.406018 0.019815237
58833.592665 23.331098 0.018797539
58833.593224 23.33008 0.018864371
58833.593796 23.314419 0.017894118
58833.594369 23.438698 0.021657904
0.0 0.0 0.0
58833.595528 23.308224 0.016862236
58833.596082 23.332575 0.016905219
58833.596665 23.380704 0.018896893
58833.597231 23.38938 0.017873459
58833.597797 23.313239 0.016932674
58833.59838 23.31578 0.013971012
58833.598947 23.316714 0.015954792
58833.599512 23.309178 0.015941679
58833.60009 23.332975 0.015959494
58833.600655 23.352684 0.01795826
58833.601221 23.357339 0.014947914
58833.601788 23.360407 0.015964014
58833.602358 23.459453 0.016951307
58833.602926 23.381916 0.016923291
58833.60349 23.339357 0.018853628
58833.604047 23.344782 0.015946828
58833.604615 23.368309 0.016916209
58833.605171 23.287501 0.015882688
58833.605736 23.380664 0.018911588
58833.606292 23.35107 0.016918188
58833.606846 23.423861 0.017896474
58833.607409 23.312398 0.015916702
58833.607972 23.353683 0.016937159
58833.608554 23.347251 0.016890337
58833.609122 23.362471 0.0169254
58833.609691 23.415722 0.01887274
58833.61027 23.341504 0.016921301
58833.610843 23.375318 0.016918186
58833.611415 23.366823 0.015910306
58833.611993 23.412245 0.015897787
58833.612577 23.356765 0.014901012
58833.613137 23.36127 0.015903673
58833.613696 23.382876 0.01588965
58833.614278 23.450413 0.01691151
58833.614853 23.42118 0.015864005
58833.615407 23.371039 0.015889846
58833.615983 23.364102 0.015909082
58833.616534 23.333609 0.013946024
58833.617093 23.387776 0.017918877
58833.617655 23.348365 0.014950829
58833.618216 23.451158 0.016951695
58833.618781 23.391051 0.01795288
58833.619336 23.363107 0.015948954
58833.619908 23.385643 0.017935488
58833.620489 23.379676 0.014949117
58833.621073 23.378969 0.015952982
58833.621643 23.397754 0.015932566
58833.622212 23.392297 0.016937286
58833.622786 23.38856 0.017907603
58833.623339 23.384186 0.014955035
58833.623898 23.414107 0.015937058
58833.624467 23.390081 0.016950394
58833.625042 23.357671 0.015944688
58833.625625 23.431512 0.01694793
58833.626195 23.44723 0.017954024
58833.626758 23.418993 0.01691481
58833.627345 23.417094 0.015968805
58833.627901 23.445396 0.015968641
58833.628481 23.411126 0.01596953
58833.629058 23.426234 0.016965111
58833.629625 23.435466 0.014971634
58833.630194 23.43145 0.01597036
58833.630754 23.475832 0.015975712
58833.631339 23.553284 0.015935271
58833.631919 23.50074 0.01884588
58833.632476 23.463231 0.017872549
58833.633035 23.487575 0.016918417
58833.633609 23.512341 0.016906227
58833.634176 23.529541 0.019940109
58833.63477 23.452264 0.016929085
58833.63533 23.466054 0.015962428
58833.635896 23.497396 0.016939993
58833.636454 23.468415 0.014976435
58833.637031 23.45656 0.017909166
58833.637603 23.481952 0.016954042
58833.638178 23.456964 0.016921077
58833.638751 23.464869 0.014971686
58833.639317 23.498339 0.016966308
58833.639885 23.485243 0.015970777
58833.640451 23.502156 0.015984892
58833.641017 23.506963 0.014984238
58833.641587 23.502745 0.017967515
58833.642165 23.499389 0.016973699
58833.642733 23.517535 0.015972881
58833.643298 23.494726 0.017966207
58833.643881 23.491198 0.016956144
58833.644463 23.495944 0.013987022
58833.645038 23.509646 0.015974422
58833.645621 23.500913 0.017952038
58833.646196 23.482449 0.016954921
58833.646775 23.499225 0.016971093
58833.647352 23.506081 0.014976852
58833.647947 23.498575 0.016949646
58833.648518 23.530991 0.01598581
58833.649091 23.50876 0.015976431
58833.649661 23.518211 0.014984674
58833.650234 23.510044 0.015983392
58833.650812 23.50017 0.016976427
58833.651385 23.505476 0.015972505
58833.651942 23.511682 0.016971591
58833.652501 23.526075 0.015982013
58833.653051 23.493797 0.015985764
58833.653627 23.511309 0.015982948
58833.654196 23.505232 0.01597037
58833.654761 23.495452 0.015975754
58833.655332 23.487961 0.014983882
58833.655903 23.497097 0.015984999
58833.656459 23.524215 0.016984277
58833.657018 23.489974 0.016986563
58833.657575 23.506597 0.014989324
58833.658134 23.481494 0.01598247
58833.658729 23.497839 0.016972122
58833.659291 23.479365 0.014978427
58833.659866 23.520443 0.01698657
58833.660428 23.467716 0.017971368
58833.660996 23.474136 0.017972973
58833.661568 23.505383 0.015976054
58833.662129 23.46132 0.016957352
58833.662686 23.440034 0.017954102
58833.663254 23.450282 0.014985714
58833.663845 23.434097 0.017933732
58833.664399 23.461428 0.015971902
58833.664959 23.435006 0.01598471
58833.66553 23.461909 0.016979036
58833.666087 23.455154 0.01698546
58833.666661 23.432857 0.015986919
58833.66724 23.448531 0.01698887
58833.667808 23.460138 0.016987078
58833.668374 23.445282 0.015985828
58833.66894 23.420607 0.016979915
58833.669515 23.433946 0.016977658
58833.670105 23.393817 0.01697193
58833.670664 23.408058 0.016970486
58833.671231 23.429626 0.016975433
58833.671792 23.42935 0.017970553
58833.672357 23.413731 0.017969834
58833.672921 23.381806 0.016969018
58833.6735 23.43179 0.018980387
58833.674063 23.372885 0.01598524
58833.674632 23.403181 0.018967234
58833.675223 23.378853 0.017923649
58833.67579 23.398046 0.017960891
58833.67635 23.355708 0.016955967
58833.676916 23.375602 0.016974042
58833.677484 23.356078 0.01597008
58833.678056 23.397326 0.017962802
58833.678616 23.393313 0.01988081
58833.679182 23.387866 0.020887718
58833.679761 23.416068 0.020827256
58833.680323 23.356778 0.02364036
58833.680894 23.351127 0.020830217
58833.681455 23.364421 0.021717871
58833.68202 23.304062 0.020814224
58833.682591 23.365783 0.020819988
58833.683157 23.310614 0.018905071
58833.683728 23.343361 0.019892328
58833.68429 23.345165 0.021802093
58833.684864 23.34257 0.018938366
58833.685427 23.34143 0.018932561
58833.686006 23.310672 0.018906037
58833.68663 23.317072 0.019958015
58833.687197 23.321917 0.016974762
58833.687766 23.327865 0.017965165
58833.688335 23.34783 0.015974146
58833.6889 23.323052 0.016961773
58833.689473 23.338705 0.018954758
58833.690035 23.31934 0.017955406
58833.690606 23.285335 0.016939699
58833.691182 23.339973 0.015968517
58833.691769 23.337629 0.015952275
58833.692334 23.313904 0.01791576
58833.692912 23.304743 0.01793698
58833.693482 23.308104 0.015953183
58833.694055 23.336574 0.017950646
58833.694629 23.305396 0.01697125
58833.695214 23.313842 0.016964211
58833.695788 23.318517 0.0179579
58833.696709 23.296645 0.016962496
58833.697282 23.306398 0.018927198
58833.697854 23.311369 0.017943895
58833.698426 23.311278 0.017958249
58833.698997 23.28782 0.01894606
58833.699574 23.273425 0.015976421
58833.700162 23.289895 0.0159793
58833.700738 23.321507 0.017968282
58833.701314 23.268078 0.016967806
58833.701879 23.302265 0.020968942
58833.702433 23.27789 0.018980112
58833.702997 23.29244 0.01598442
58833.703569 23.295664 0.016972991
58833.704138 23.293686 0.016986546
58833.704693 23.286688 0.016982192
58833.705269 23.277417 0.015974858
58833.705842 23.283254 0.017963536
58833.706416 23.295428 0.017955069
58833.706995 23.304402 0.017980391
58833.70756 23.249938 0.015970452
58833.708139 23.302491 0.01597233
58833.708701 23.252495 0.014980826
58833.709269 23.288633 0.015979638
58833.709837 23.275789 0.015977893
58833.710398 23.28938 0.015980289
58833.710961 23.258016 0.016952271
58833.711531 23.275672 0.01696907
58833.712096 23.274712 0.014970945
58833.712678 23.304018 0.017960735
58833.713245 23.252455 0.015972563
58833.713811 23.264722 0.015971762
58833.71438 23.236767 0.014980117
58833.714942 23.276823 0.015972829
58833.715515 23.272451 0.015971494
58833.716099 23.302938 0.016981049
58833.716662 23.27526 0.015983211
58833.717217 23.287437 0.014982649
58833.717786 23.26914 0.015971062
58833.718352 23.259428 0.015966149
58833.718933 23.290253 0.016970922
58833.719515 23.300934 0.01597082
58833.720081 23.300775 0.015963703
58833.720652 23.275531 0.016971189
58833.721229 23.298106 0.016960526
58833.721798 23.263663 0.016963077
58833.722365 23.283522 0.01496999
58833.722938 23.267862 0.014982821
58833.723517 23.261107 0.014970904
58833.724095 23.307346 0.016972199
58833.724659 23.279969 0.015972681
58833.725228 23.295046 0.015971604
58833.725794 23.334592 0.015975343
58833.726369 23.299539 0.015960875
58833.726949 23.272816 0.016942649
58833.727521 23.269465 0.016909982
58833.728085 23.302294 0.016926415
58833.728659 23.301422 0.016958251
58833.729226 23.298184 0.016959837
58833.729803 23.293707 0.015974186
58833.730359 23.298827 0.016962374
58833.730924 23.317376 0.016971472
58833.731502 23.295765 0.016971055
58833.732059 23.323195 0.018920936
58833.732632 23.311078 0.015959895
58833.733194 23.334294 0.017934512
58833.733759 23.337312 0.018899191
58833.734321 23.32938 0.018928348
58833.734879 23.319405 0.017916545
58833.735444 23.392002 0.020869908
58833.736003 23.339905 0.020885134
58833.736571 23.302995 0.019882927
58833.737136 23.311331 0.020882274
58833.737691 23.309215 0.017923264
58833.738267 23.343155 0.021806756
58833.738823 23.359478 0.017906094
58833.739382 23.327661 0.017924681
58833.739948 23.316141 0.019867463
58833.740522 23.373676 0.019872345
58833.741085 23.390013 0.020841568
58833.741647 23.359985 0.01991806
58833.742215 23.351462 0.01793904
58833.742788 23.316168 0.01886317
58833.743365 23.356601 0.019915199
58833.743953 23.341901 0.01890885
58833.744526 23.400866 0.01792986
58833.745093 23.363364 0.016953889
58833.745664 23.350042 0.017940246
58833.746226 23.366645 0.017949013
58833.746789 23.38857 0.015952879
58833.747358 23.384197 0.015965394
58833.747921 23.357401 0.015961477
58833.748478 23.378116 0.017963389
58833.749035 23.381673 0.016963862
58833.749599 23.388103 0.01696172
58833.750168 23.400929 0.016925747
58833.750733 23.384113 0.016932325
58833.751298 23.398276 0.01789398
58833.751854 23.388386 0.019895444
58833.752416 23.41466 0.017932718
58833.752988 23.407721 0.015942336
58833.753539 23.434555 0.018942139
58833.7541 23.422362 0.016952313
58833.754655 23.398921 0.015965247
58833.75523 23.422602 0.017975463
58833.755803 23.415855 0.019951671
58833.756377 23.418723 0.017955813
58833.756948 23.424087 0.015978196
58833.757519 23.423533 0.016980711
58833.758074 23.43098 0.017975203
58833.758639 23.43577 0.018939035
58833.759204 23.459133 0.021924256
58833.759765 23.45819 0.01896866
58833.760341 23.480615 0.018969238
58833.760921 23.447986 0.018969597
58833.761489 23.468286 0.022936946
58833.76205 23.430483 0.017971826
58833.762618 23.451201 0.019956121
58833.763196 23.467057 0.019964602
58833.763771 23.478022 0.01898051
58833.764345 23.472603 0.017975912
58833.764904 23.497893 0.019978559
58833.765469 23.511312 0.017986098
58833.766035 23.481131 0.01897746
58833.766604 23.494671 0.018961572
58833.767179 23.50038 0.017982181
58833.767754 23.527632 0.019980124
58833.768337 23.511404 0.017975127
58833.768906 23.526918 0.017978656
58833.769468 23.498529 0.020956274
58833.770037 23.522422 0.017973233
58833.770609 23.547825 0.018965151
58833.771176 23.521925 0.021916942
58833.77175 23.478076 0.021936113
58833.772312 23.535939 0.023915048
58833.772873 23.545537 0.024895778
58833.773436 23.507303 0.02586678
58833.774013 23.546867 0.026881049
58833.774581 23.553715 0.023920617
58833.775149 23.566998 0.024916499
58833.775718 23.539909 0.022920796
58833.776274 23.544038 0.023945225
58833.776849 23.534057 0.020958534
58833.777425 23.551847 0.026951091
58833.777996 23.562741 0.022933024
58833.778564 23.539326 0.02195368
58833.779126 23.544707 0.021942476
58833.779701 23.572778 0.021941166
58833.780275 23.57785 0.020951735
58833.780836 23.584341 0.024873892
58833.781394 24.321769 0.082854284
58833.781959 23.552458 0.020947409
58833.78252 23.593264 0.023954714
58833.783078 23.570785 0.022913525
58833.783656 23.574156 0.023927162
58833.784224 23.557012 0.022958085
58833.784791 23.570306 0.021960511
58833.785359 23.612004 0.019967105
58833.785923 23.568628 0.018973527
58833.786499 23.594831 0.022958232
58833.787075 23.592068 0.021963783
58833.787657 23.634198 0.022963451
58833.788243 23.578721 0.020961809
58833.788815 23.557933 0.01897197
58833.789431 23.570514 0.018976667
58833.789993 23.585417 0.019969195
58833.790558 23.578982 0.017982021
58833.791114 23.553164 0.018964404
58833.791692 23.567897 0.019976607
58833.792254 23.561581 0.016964323
58833.792819 23.545833 0.017974119
58833.793386 23.567455 0.018963303
58833.793945 23.570093 0.017971695
58833.794517 23.560386 0.018973656
58833.79508 23.582886 0.01697562
58833.795646 23.524754 0.016978186
58833.796225 23.531031 0.016973237
58833.79679 23.579476 0.017984342
58833.797352 23.541531 0.016988199
58833.797908 23.541146 0.015984374
58833.798484 23.518769 0.016984941
58833.799061 23.540372 0.015982742
58833.799624 23.546874 0.01697975
58833.800185 23.517612 0.016982822
58833.800756 23.513068 0.018968484
58833.801313 23.514553 0.016977707
58833.801876 23.525271 0.016978967
58833.802443 23.502146 0.017964893
58833.803031 23.525664 0.01798524
58833.803608 23.518334 0.015981037
58833.804175 23.510387 0.016986132
58833.804741 23.525795 0.016985553
58833.805316 23.518149 0.016984018
58833.805876 23.509965 0.018977542
58833.806445 23.458835 0.015989059
58833.807016 23.480953 0.016984563
58833.807582 23.461892 0.017972158
58833.80816 23.494959 0.015985214
58833.808724 23.49794 0.016985223
58833.809281 23.485144 0.016980724
58833.809857 23.471317 0.016985062
58833.810432 23.478755 0.017978297
58833.811002 23.438498 0.016983694
58833.81157 23.472395 0.015987374
58833.812141 23.451664 0.016986262
58833.81271 23.464707 0.016987493
58833.813283 23.454615 0.015989975
58833.81385 23.478507 0.014989793
58833.814425 23.438265 0.015988408
58833.81499 23.443429 0.015988828
58833.815567 23.402158 0.015986751
58833.816133 23.430119 0.016984064
58833.816698 23.443732 0.020963924
58833.817289 23.41823 0.016978678
58833.817864 23.392363 0.016976496
58833.818429 23.410026 0.016976046
58833.819011 23.435136 0.017975023
58833.819573 23.412566 0.015984245
58833.820146 23.401471 0.016972809
58833.82073 23.405103 0.016978428
58833.821295 23.374151 0.016978349
58833.821869 23.364015 0.016979513
58833.822431 23.37011 0.016984786
58833.822986 23.423106 0.016985162
58833.823546 23.371628 0.017971307
58833.824122 23.358359 0.017969813
58833.82469 23.364948 0.019980431
58833.82527 23.376687 0.018984274
58833.825842 23.407587 0.018979872
58833.826414 23.376518 0.017970971
58833.826987 23.388379 0.016972078
58833.827559 23.36779 0.017974758
58833.828123 23.333659 0.015982766
58833.828694 23.355104 0.017966225
58833.829263 23.368181 0.016975522
58833.829826 23.36832 0.018963485
58833.830398 23.327839 0.014978601
58833.830961 23.351293 0.016976619
58833.831526 23.339866 0.016967386
58833.832097 23.368163 0.015982877
58833.83267 23.35302 0.014979558
58833.833228 23.319546 0.016976727
58833.833798 23.344882 0.013986629
58833.834371 23.323165 0.016967784
58833.834936 23.338483 0.014984735
58833.83551 23.313528 0.014983267
58833.836083 23.334627 0.014982368
58833.836648 23.309627 0.01498347
58833.837231 23.334963 0.015981805
58833.837806 23.343311 0.017953377
58833.83839 23.312443 0.01596808
58833.838952 23.341589 0.017952773
58833.839512 23.314446 0.016976203
58833.840078 23.293227 0.017966905
58833.840638 23.302864 0.016977477
58833.841214 23.307631 0.016977822
58833.841784 23.314092 0.015984144
58833.842354 23.343781 0.015981993
58833.842932 23.303663 0.015980043
58833.8435 23.354422 0.01698078
58833.844068 23.333738 0.014984297
58833.84464 23.325457 0.014983384
58833.845192 23.304928 0.017983255
58833.845764 23.309165 0.015986342
58833.846315 23.306884 0.015986508
58833.846882 23.303146 0.015989033
58833.847447 23.28473 0.01897753
58833.848017 23.336924 0.017984942
58833.848583 23.28653 0.017980006
58833.849139 23.287923 0.018981272
58833.849713 23.288477 0.018971615
58833.850286 23.296412 0.017985212
