HJD mag magerr
58833.526351 23.594579 0.042841819
58833.526938 23.466672 0.034634403
58833.527497 23.513366 0.03483052
58833.528073 23.469065 0.032690814
58833.52864 23.479489 0.026841062
58833.529223 23.503727 0.032688486
58833.529794 23.424053 0.03241586
58833.530369 23.550653 0.023836963
58833.530936 23.486726 0.022852154
58833.531508 23.472385 0.019910178
58833.532068 23.490783 0.018919584
58833.532639 23.473107 0.017918613
58833.533201 23.494004 0.018927108
58833.533765 23.478932 0.018928602
58833.534319 23.426681 0.020814033
58833.534878 23.425493 0.016868067
58833.535457 23.477341 0.018858189
58833.536022 23.519687 0.017923538
58833.536586 23.495326 0.017937497
58833.537148 23.478954 0.015965833
58833.537706 23.471741 0.01790159
58833.538275 23.483477 0.015947759
58833.538843 23.499391 0.015948373
58833.539403 23.451962 0.015940921
58833.539961 23.487642 0.014957456
58833.540691 23.509892 0.015964065
58833.54127 23.472827 0.015946205
58833.541834 23.522881 0.015956564
58833.542384 23.537203 0.015958318
58833.542946 23.504022 0.015945811
58833.543507 23.50165 0.014976413
58833.544071 23.489209 0.015965553
58833.544644 23.480383 0.015936015
58833.545206 23.449984 0.015899721
58833.545767 23.481529 0.01496525
58833.54634 23.460574 0.01497433
58833.546924 23.505352 0.013970128
58833.547488 23.531745 0.015935663
58833.548053 23.440147 0.01396275
58833.548633 23.500465 0.015963948
58833.549203 23.489345 0.013974089
58833.549779 23.514188 0.014969038
58833.550355 23.510883 0.015959903
58833.550911 23.507293 0.014969833
58833.551466 23.463236 0.014957832
58833.552025 23.482787 0.014952635
58833.552609 23.522581 0.01595766
58833.553172 23.535459 0.016951154
58833.553736 23.458689 0.016947153
58833.554298 23.498563 0.014974716
58833.554862 23.492875 0.013978213
58833.55542 23.495647 0.017950212
58833.556007 23.498211 0.015982255
58833.556565 23.484512 0.015986807
58833.557125 23.453067 0.014976133
58833.557676 23.524527 0.017970045
58833.558245 23.501656 0.015963859
58833.558811 23.480855 0.015959773
58833.559373 23.480197 0.014959704
58833.559928 23.496417 0.014934844
58833.560497 23.521803 0.016858812
58833.561052 23.460737 0.014958262
58833.561629 23.564304 0.018906486
58833.562183 23.473393 0.015943507
58833.562742 23.479163 0.013966767
58833.563315 23.468212 0.014968121
58833.563889 23.520822 0.014932502
58833.564461 23.494791 0.016824515
58833.565019 23.480993 0.014923086
58833.565576 23.496688 0.011995849
58833.566153 23.485929 0.013967361
58833.566722 23.530056 0.014967654
58833.56729 23.508473 0.014964002
58833.56785 23.674405 0.017943535
58833.568406 23.486299 0.013977606
58833.568961 23.490194 0.013982404
58833.569533 23.501646 0.012992307
58833.570095 23.502774 0.014981255
58833.57065 23.487981 0.013986063
58833.57121 23.480703 0.013982381
58833.571768 23.489769 0.013977945
58833.572322 23.493759 0.014978717
58833.572898 23.520586 0.013971555
58833.573468 23.487952 0.014931571
58833.574037 23.516027 0.015939228
58833.574593 23.472511 0.013937442
58833.575159 23.455105 0.015808155
58833.575726 23.493922 0.01491001
58833.576286 23.525139 0.01685969
58833.576839 23.466008 0.014921139
58833.577403 23.507562 0.014949305
58833.577964 23.471522 0.014956486
58833.578544 23.501463 0.014957462
58833.579114 23.511127 0.015892066
58833.579688 23.499237 0.014943661
58833.580238 23.433803 0.014932187
58833.58081 23.4954 0.014915403
58833.581375 23.581763 0.016909732
58833.581944 23.534895 0.015932816
58833.582509 23.497985 0.014956003
58833.58308 23.528169 0.017923372
58833.583647 23.489889 0.01493616
58833.584215 23.56694 0.015885647
58833.584762 23.475916 0.013957146
58833.585316 23.454397 0.015868392
58833.585886 23.467304 0.013967848
58833.586442 23.471466 0.014933043
58833.587001 23.46238 0.013959786
58833.587566 23.462849 0.017826896
58833.58814 23.455627 0.015892983
58833.588711 23.488335 0.012987484
58833.589285 23.471571 0.01198934
58833.589857 23.344813 0.013914692
58833.590423 23.584198 0.01688315
58833.590994 23.470843 0.01688701
58833.591559 23.453919 0.018812351
58833.592112 23.519931 0.01878127
58833.592665 23.447813 0.017790327
58833.593224 23.439634 0.019692827
58833.593796 23.505511 0.021796409
58833.594369 23.646931 0.022682318
58833.59492 23.480419 0.018794492
58833.595528 23.475519 0.017843034
58833.596082 23.500668 0.017880451
58833.596665 23.49527 0.016904909
58833.597231 23.484517 0.017875666
58833.597797 23.481366 0.016918971
58833.59838 23.468566 0.014949704
58833.598947 23.510174 0.014968832
58833.599512 23.479186 0.015939426
58833.60009 23.485451 0.014952687
58833.600655 23.471997 0.01596226
58833.601221 23.504732 0.015949666
58833.601788 23.464804 0.01495845
58833.602358 23.466144 0.014954079
58833.602926 23.472698 0.014958336
58833.60349 23.506195 0.018851543
58833.604047 23.488066 0.015951094
58833.604615 23.496938 0.015922747
58833.605171 23.538529 0.016916259
58833.605736 23.484767 0.016921223
58833.606292 23.489438 0.016918459
58833.606846 23.475152 0.017891929
58833.607409 23.495152 0.017851439
58833.607972 23.474275 0.017893439
58833.608554 23.534297 0.017915713
58833.609122 23.456922 0.016910169
58833.609691 23.519174 0.017878994
58833.61027 23.477568 0.015915446
58833.610843 23.522641 0.01588008
58833.611415 23.490296 0.015900308
58833.611993 23.499694 0.015894567
58833.612577 23.488849 0.014895082
58833.613137 23.44224 0.014903278
58833.613696 23.511366 0.016883992
58833.614278 23.507638 0.014898966
58833.614853 23.507251 0.015868661
58833.615407 23.493886 0.014925718
58833.615983 23.459848 0.015908416
58833.616534 23.407819 0.015927383
58833.617093 23.477194 0.017907382
58833.617655 23.460878 0.01594419
58833.618216 23.482449 0.015934174
58833.618781 23.509264 0.016948892
58833.619336 23.517995 0.016945726
58833.619908 23.53206 0.017929415
58833.620489 23.526802 0.016938168
58833.621073 23.499187 0.014963205
58833.621643 23.493633 0.01687674
58833.622212 23.477991 0.015933483
58833.622786 23.479239 0.016905438
58833.623339 23.461262 0.016875971
58833.623898 23.509017 0.017868684
58833.624467 23.487907 0.015947794
58833.625042 23.476613 0.015937328
58833.625625 23.493754 0.013957635
58833.626195 23.490791 0.014965327
58833.626758 23.455027 0.0149662
58833.627345 23.477068 0.014961634
58833.627901 23.499504 0.015967534
58833.628481 23.505438 0.015944246
58833.629058 23.483449 0.014964878
58833.629625 23.484613 0.015943133
58833.630194 23.500906 0.014969443
58833.630754 23.520958 0.014974563
58833.631339 23.551342 0.017905099
58833.631919 23.461157 0.016868444
58833.632476 23.53347 0.017854658
58833.633035 23.456645 0.014899057
58833.633609 23.442935 0.016873203
58833.634176 23.523793 0.017949215
58833.63477 23.504838 0.015930015
58833.63533 23.50133 0.016922409
58833.635896 23.493913 0.014944701
58833.636454 23.491987 0.013977129
58833.637031 23.491354 0.015947229
58833.637603 23.505548 0.016923011
58833.638178 23.49965 0.015923666
58833.638751 23.497179 0.016943213
58833.639317 23.485558 0.014967256
58833.639885 23.50246 0.015949514
58833.640451 23.505925 0.015964568
58833.641017 23.51034 0.014983016
58833.641587 23.530242 0.015977297
58833.642165 23.507247 0.013978253
58833.642733 23.474882 0.014972048
58833.643298 23.476876 0.017939845
58833.643881 23.477762 0.016954148
58833.644463 23.509011 0.014975968
58833.645038 23.495342 0.01397524
58833.645621 23.471062 0.015949304
58833.646196 23.49986 0.016949557
58833.646775 23.497917 0.015950107
58833.647352 23.501427 0.015953696
58833.647947 23.493171 0.015968308
58833.648518 23.491045 0.016975333
58833.649091 23.475404 0.015958123
58833.649661 23.501806 0.015954034
58833.650234 23.496398 0.014976908
58833.650812 23.496618 0.015959922
58833.651385 23.499763 0.016949459
58833.651942 23.484825 0.015950529
58833.652501 23.497898 0.014973227
58833.653051 23.4962 0.014976735
58833.653627 23.498723 0.015972457
58833.654196 23.504702 0.016947435
58833.654761 23.500974 0.01497639
58833.655332 23.516566 0.016971146
58833.655903 23.507564 0.015976893
58833.656459 23.490118 0.014979185
58833.657018 23.484499 0.015980456
58833.657575 23.487315 0.017958619
58833.658134 23.491814 0.016952911
58833.658729 23.483307 0.0159526
58833.659291 23.505894 0.015976549
58833.659866 23.481167 0.016976937
58833.660428 23.489144 0.016948983
58833.660996 23.511435 0.014976653
58833.661568 23.535486 0.015969191
58833.662129 23.483684 0.016955227
58833.662686 23.517263 0.018915518
58833.663254 23.494546 0.016957205
58833.663845 23.514781 0.016966612
58833.664399 23.498424 0.014971379
58833.664959 23.50974 0.016981032
58833.66553 23.481305 0.015979444
58833.666087 23.491501 0.015979355
58833.666661 23.490802 0.014982918
58833.66724 23.479063 0.015974851
58833.667808 23.49577 0.016979673
58833.668374 23.493917 0.015981016
58833.66894 23.4995 0.016979104
58833.669515 23.493583 0.015976695
58833.670105 23.541815 0.01696984
58833.670664 23.478607 0.016968363
58833.671231 23.48324 0.015961637
58833.671792 23.504074 0.017955714
58833.672357 23.504815 0.01696637
58833.672921 23.499484 0.015966355
58833.6735 23.496174 0.016972518
58833.674063 23.492476 0.018960724
58833.674632 23.476372 0.016941325
58833.675223 23.448837 0.017913576
58833.67579 23.483447 0.017958281
58833.67635 23.449978 0.016945705
58833.676916 23.499343 0.017942955
58833.677484 23.507001 0.016958208
58833.678056 23.492082 0.018943679
58833.678616 23.46654 0.01987422
58833.679182 23.479472 0.020853487
58833.679761 23.50774 0.020820019
58833.680323 23.498349 0.023729733
58833.680894 23.489608 0.021790459
58833.681455 23.44317 0.020815756
58833.68202 23.466498 0.019873787
58833.682591 23.464166 0.022732599
58833.683157 23.464554 0.019885504
58833.683728 23.507425 0.020817635
58833.68429 23.484216 0.020816634
58833.684864 23.476821 0.018926942
58833.685427 23.491771 0.019884776
58833.686006 23.495515 0.020904647
58833.68663 23.4629 0.018950706
58833.687197 23.489211 0.018959328
58833.687766 23.466005 0.017962933
58833.688335 23.507384 0.019936063
58833.6889 23.519606 0.019954719
58833.689473 23.48917 0.019917766
58833.690035 23.51212 0.017922163
58833.690606 23.500072 0.018928568
58833.691182 23.492008 0.015962502
58833.691769 23.467526 0.017911031
58833.692334 23.467754 0.01884374
58833.692912 23.501723 0.019878466
58833.693482 23.495051 0.01794149
58833.694055 23.472427 0.017915452
58833.694629 23.494453 0.01795765
58833.695214 23.51062 0.020949487
58833.695788 23.507516 0.018949783
58833.696709 23.483676 0.020884657
58833.697282 23.435371 0.020864496
58833.697854 23.494779 0.019893378
58833.698426 23.495161 0.018959938
58833.698997 23.476492 0.021922056
58833.699574 23.499358 0.018952963
58833.700162 23.470011 0.017963786
58833.700738 23.462013 0.018920581
58833.701314 23.496434 0.017962931
58833.701879 23.505888 0.022952437
58833.702433 23.496525 0.021949124
58833.702997 23.519761 0.018976413
58833.703569 23.494311 0.017972268
58833.704138 23.507994 0.017979213
58833.704693 23.495829 0.016973123
58833.705269 23.501554 0.018951766
58833.705842 23.495707 0.018959271
58833.706416 23.470771 0.019940854
58833.706995 23.495537 0.018970332
58833.70756 23.499553 0.018972976
58833.708139 23.500281 0.016970241
58833.708701 23.502253 0.017943635
58833.709269 23.491262 0.018961719
58833.709837 23.535132 0.018971078
58833.710398 23.507189 0.018962227
58833.710961 23.506583 0.017962784
58833.711531 23.457549 0.018944353
58833.712096 23.504797 0.016962659
58833.712678 23.510537 0.018925693
58833.713245 23.516183 0.020917735
58833.713811 23.481931 0.017940694
58833.71438 23.468728 0.01793753
58833.714942 23.481759 0.017943098
58833.715515 23.49701 0.017966219
58833.716099 23.49977 0.01797277
58833.716662 23.514719 0.01797814
58833.717217 23.493535 0.016951167
58833.717786 23.508176 0.016976707
58833.718352 23.497353 0.016971949
58833.718933 23.474696 0.017957787
58833.719515 23.461032 0.017947871
58833.720081 23.472309 0.018891856
58833.720652 23.51206 0.017967268
58833.721229 23.496078 0.017954185
58833.721798 23.520218 0.020934703
58833.722365 23.521882 0.018942756
58833.722938 23.493736 0.016966725
58833.723517 23.487312 0.017958881
58833.724095 23.501355 0.016953571
58833.724659 23.489157 0.017959589
58833.725228 23.493261 0.017940406
58833.725794 23.50035 0.016946105
58833.726369 23.45554 0.017919657
58833.726949 23.500949 0.017930821
58833.727521 23.514323 0.01890106
58833.728085 23.463068 0.018915945
58833.728659 23.492253 0.017950132
58833.729226 23.504156 0.01795704
58833.729803 23.477932 0.018922886
58833.730359 23.47661 0.017960421
58833.730924 23.470051 0.016968844
58833.731502 23.540903 0.018952657
58833.732059 23.501137 0.017910303
58833.732632 23.483074 0.017931332
58833.733194 23.494334 0.016931124
58833.733759 23.490351 0.019842645
58833.734321 23.510555 0.019867843
58833.734879 23.432985 0.018893993
58833.735444 23.510745 0.020863625
58833.736003 23.490297 0.02088395
58833.736571 23.489654 0.02278714
58833.737136 23.448872 0.020808421
58833.737691 23.49792 0.018908358
58833.738267 23.511638 0.021779872
58833.738823 23.493735 0.018893515
58833.739382 23.523631 0.01987851
58833.739948 23.510361 0.020860757
58833.740522 23.597019 0.019891952
58833.741085 23.51906 0.022776615
58833.741647 23.488159 0.019891969
58833.742215 23.484037 0.018867266
58833.742788 23.4735 0.019827081
58833.743365 23.489797 0.019899125
58833.743953 23.476881 0.020899026
58833.744526 23.471663 0.018913912
58833.745093 23.501646 0.018908746
58833.745664 23.492823 0.018926943
58833.746226 23.521051 0.017936671
58833.746789 23.489611 0.016949196
58833.747358 23.506453 0.017928724
58833.747921 23.499473 0.01691921
58833.748478 23.511037 0.016959617
58833.749035 23.494361 0.015970077
58833.749599 23.50644 0.017960597
58833.750168 23.490827 0.017876336
58833.750733 23.496472 0.018863782
58833.751298 23.437484 0.017857883
58833.751854 23.481215 0.019837105
58833.752416 23.463044 0.019880184
58833.752988 23.507543 0.017892726
58833.753539 23.479184 0.016934585
58833.7541 23.490004 0.017908705
58833.754655 23.498009 0.018930898
58833.75523 23.498626 0.017972524
58833.755803 23.532412 0.017951641
58833.756377 23.485649 0.01891751
58833.756948 23.503318 0.016975469
58833.757519 23.514236 0.016978227
58833.758074 23.479908 0.017974209
58833.758639 23.494674 0.018931046
58833.759204 23.50583 0.020931323
58833.759765 23.502159 0.018963319
58833.760341 23.479335 0.017964952
58833.760921 23.535147 0.019964217
58833.761489 23.459785 0.020923146
58833.76205 23.494966 0.019952733
58833.762618 23.494982 0.019948219
58833.763196 23.498504 0.018937261
58833.763771 23.476141 0.01994336
58833.764345 23.498002 0.017974298
58833.764904 23.508136 0.019965035
58833.765469 23.501372 0.019946492
58833.766035 23.48938 0.01996423
58833.766604 23.500428 0.018957974
58833.767179 23.489094 0.017973715
58833.767754 23.529771 0.019972174
58833.768337 23.507407 0.018963098
58833.768906 23.509544 0.017972544
58833.769468 23.505124 0.017964785
58833.770037 23.481141 0.01992204
58833.770609 23.50005 0.020950544
58833.771176 23.498315 0.021901311
58833.77175 23.477845 0.020905348
58833.772312 23.482593 0.022892862
58833.772873 23.466485 0.022863868
58833.773436 23.516507 0.025881178
58833.774013 23.494628 0.02578866
58833.774581 23.475008 0.022855839
58833.775149 23.457826 0.022847675
58833.775718 23.491498 0.022901511
58833.776274 23.493866 0.021900045
58833.776849 23.473962 0.020931717
58833.777425 23.498626 0.022922018
58833.777996 23.446352 0.019909166
58833.778564 23.510145 0.021925752
58833.779126 23.47582 0.021900705
58833.779701 23.475008 0.021820519
58833.780275 23.483103 0.020911176
58833.780836 23.540611 0.023870376
58833.781394 23.553975 0.023879493
58833.781959 23.505889 0.020932557
58833.78252 23.494356 0.021815695
58833.783078 23.468935 0.021897883
58833.783656 23.463233 0.021913071
58833.784224 23.528138 0.021931861
58833.784791 23.48876 0.019951198
58833.785359 23.55973 0.020928321
58833.785923 23.488173 0.019920666
58833.786499 23.51216 0.018950887
58833.787075 23.493539 0.018952275
58833.787657 23.501813 0.019952517
58833.788243 23.490486 0.019949167
58833.788815 23.472974 0.019967354
58833.789431 23.50875 0.01797173
58833.789993 23.531939 0.017965812
58833.790558 23.461843 0.019968953
58833.791114 23.500698 0.018963784
58833.791692 23.505561 0.018976163
58833.792254 23.514557 0.016974713
58833.792819 23.49094 0.018959225
58833.793386 23.49682 0.016972877
58833.793945 23.481309 0.017950667
58833.794517 23.510712 0.015975265
58833.79508 23.500776 0.017958835
58833.795646 23.487118 0.015976271
58833.796225 23.494592 0.014983519
58833.79679 23.529118 0.015985385
58833.797352 23.480751 0.017957589
58833.797908 23.489995 0.015982704
58833.798484 23.50155 0.016981098
58833.799061 23.502854 0.014980812
58833.799624 23.467061 0.017966297
58833.800185 23.492456 0.017945445
58833.800756 23.495255 0.016977603
58833.801313 23.49062 0.015979839
58833.801876 23.495212 0.016974007
58833.802443 23.504116 0.016972788
58833.803031 23.487087 0.016977614
58833.803608 23.482057 0.016974578
58833.804175 23.482641 0.016985098
58833.804741 23.505188 0.016984002
58833.805316 23.480689 0.017980093
58833.805876 23.51975 0.016977159
58833.806445 23.485466 0.015987574
58833.807016 23.49327 0.017975911
58833.807582 23.48724 0.01697538
58833.80816 23.465749 0.018956639
58833.808724 23.489854 0.017976862
58833.809281 23.498588 0.01597798
58833.809857 23.490182 0.016976181
58833.810432 23.52285 0.018972807
58833.811002 23.476919 0.017976561
58833.81157 23.506467 0.017982965
58833.812141 23.520088 0.017984886
58833.81271 23.481735 0.016985387
58833.813283 23.487408 0.017977837
58833.81385 23.475676 0.01598687
58833.814425 23.49196 0.016985824
58833.81499 23.503718 0.014988036
58833.815567 23.497567 0.017986541
58833.816133 23.494808 0.016965624
58833.816698 23.530161 0.02097175
58833.817289 23.469692 0.017966135
58833.817864 23.495435 0.017965189
58833.818429 23.472905 0.017956082
58833.819011 23.512519 0.01796945
58833.819573 23.495092 0.018953617
58833.820146 23.4944 0.016974
58833.82073 23.497774 0.015977478
58833.821295 23.498952 0.016973245
58833.821869 23.493908 0.019963768
58833.822431 23.482426 0.020967224
58833.822986 23.522454 0.020978093
58833.823546 23.496612 0.018963361
58833.824122 23.476029 0.017971332
58833.82469 23.469045 0.020958843
58833.82527 23.556337 0.020971637
58833.825842 23.482096 0.017975995
58833.826414 23.480313 0.019953064
58833.826987 23.503058 0.017972889
58833.827559 23.474674 0.017969252
58833.828123 23.490159 0.017978031
58833.828694 23.470611 0.017959751
58833.829263 23.474389 0.019922783
58833.829826 23.486698 0.015980937
58833.830398 23.466589 0.017963781
58833.830961 23.501766 0.019955767
58833.831526 23.496015 0.015978562
58833.832097 23.534331 0.016979975
58833.83267 23.487144 0.01796384
58833.833228 23.500624 0.01797665
58833.833798 23.477896 0.017931154
58833.834371 23.50221 0.018957158
58833.834936 23.512459 0.016972226
58833.83551 23.47934 0.015972082
58833.836083 23.504922 0.017967072
58833.836648 23.481337 0.017968408
58833.837231 23.508542 0.019952134
58833.837806 23.50423 0.020938183
58833.83839 23.474738 0.017941186
58833.838952 23.481402 0.0189301
58833.839512 23.507885 0.018968654
58833.840078 23.477156 0.021938079
58833.840638 23.488627 0.018969493
58833.841214 23.507514 0.016976679
58833.841784 23.462501 0.016971777
58833.842354 23.514209 0.016970808
58833.842932 23.467149 0.016973792
58833.8435 23.485671 0.018970222
58833.844068 23.521358 0.017978766
58833.84464 23.489234 0.018969476
58833.845192 23.479758 0.018975062
58833.845764 23.508457 0.018980678
58833.846315 23.504109 0.01897574
58833.846882 23.502857 0.016981514
58833.847447 23.521765 0.019977183
58833.848017 23.536379 0.019977658
58833.848583 23.510072 0.020975342
58833.849139 23.457292 0.019967299
58833.849713 23.510114 0.01797595
58833.850286 23.503757 0.018978692
