HJD mag magerr
58833.526351 24.48853 0.095776312
58833.526938 24.326369 0.077638296
58833.527497 24.405691 0.07183022
58833.528073 24.447487 0.06868962
58833.52864 24.393482 0.047835003
58833.529223 24.345811 0.063622101
58833.529794 24.450158 0.069622352
58833.530369 24.431823 0.050764408
58833.530936 24.442031 0.043902261
58833.531508 24.393471 0.035895349
58833.532068 24.364108 0.030913063
58833.532639 24.415549 0.033901295
58833.533201 24.400663 0.031937159
58833.533765 24.412383 0.030942421
58833.534319 24.383642 0.034743779
58833.534878 24.367599 0.030822732
58833.535457 24.436559 0.032841998
58833.536022 24.384126 0.027932514
58833.536586 24.383358 0.026947425
58833.537148 24.445252 0.024943807
58833.537706 24.397356 0.02789392
58833.538275 24.38661 0.026932939
58833.538843 24.40118 0.025937033
58833.539403 24.403106 0.024938013
58833.539961 24.449315 0.025948094
58833.540691 24.452745 0.021967825
58833.54127 24.409259 0.023936152
58833.541834 24.390391 0.022951217
58833.542384 24.436006 0.022948122
58833.542946 24.424841 0.024940723
58833.543507 24.457959 0.023956794
58833.544071 24.370739 0.020975025
58833.544644 24.436962 0.021968709
58833.545206 24.39849 0.022946238
58833.545767 24.430124 0.022957585
58833.54634 24.458443 0.022966883
58833.546924 24.403703 0.021952687
58833.547488 24.406297 0.022946499
58833.548053 24.436412 0.021952104
58833.548633 24.444975 0.021967923
58833.549203 24.405682 0.02196358
58833.549779 24.443018 0.021961968
58833.550355 24.386411 0.023948494
58833.550911 24.41181 0.022940093
58833.551466 24.422793 0.021948834
58833.552025 24.42048 0.023924984
58833.552609 24.366588 0.0249237
58833.553172 24.475958 0.024951386
58833.553736 24.395925 0.021959322
58833.554298 24.392185 0.021970162
58833.554862 24.438157 0.023967772
58833.55542 24.423631 0.022979775
58833.556007 24.425579 0.022983241
58833.556565 24.451006 0.02598047
58833.557125 24.415076 0.024976246
58833.557676 24.398059 0.024981959
58833.558245 24.431408 0.023967644
58833.558811 24.418491 0.024951425
58833.559373 24.420237 0.022944828
58833.559928 24.467963 0.025879368
58833.560497 24.484557 0.031816285
58833.561052 24.405311 0.021922881
58833.561629 24.432233 0.028913294
58833.562183 24.466503 0.024949689
58833.562742 24.395149 0.021955482
58833.563315 24.423017 0.022956209
58833.563889 24.364797 0.023859475
58833.564461 24.419277 0.028783779
58833.565019 24.352862 0.016975923
58833.565576 24.390639 0.017990663
58833.566153 24.348409 0.019948935
58833.566722 24.399002 0.020952628
58833.56729 24.447705 0.022948563
58833.56785 24.418882 0.022922242
58833.568406 24.40075 0.018980213
58833.568961 24.40112 0.018979527
58833.569533 24.425144 0.017984975
58833.570095 24.400323 0.018976784
58833.57065 24.402482 0.019986296
58833.57121 24.392783 0.018977868
58833.571768 24.397466 0.017980178
58833.572322 24.412543 0.019973446
58833.572898 24.448464 0.021964575
58833.573468 24.370253 0.022873526
58833.574037 24.389161 0.022912662
58833.574593 24.441075 0.023917933
58833.575159 24.425527 0.026757714
58833.575726 24.508156 0.024825174
58833.576286 24.389468 0.02287254
58833.576839 24.523331 0.02289156
58833.577403 24.455476 0.019961005
58833.577964 24.404116 0.022962962
58833.578544 24.332771 0.0219442
58833.579114 24.46274 0.019964441
58833.579688 24.44922 0.022927886
58833.580238 24.36779 0.021919824
58833.58081 24.38925 0.020934955
58833.581375 24.540214 0.027821429
58833.581944 24.471095 0.02292003
58833.582509 24.472521 0.020954999
58833.58308 24.384605 0.02391902
58833.583647 24.415991 0.023885824
58833.584215 24.494536 0.02681339
58833.584762 24.440412 0.021912771
58833.585316 24.378013 0.021888273
58833.585886 24.474191 0.020934532
58833.586442 24.403513 0.019944948
58833.587001 24.39495 0.021930205
58833.587566 24.375813 0.025884939
58833.58814 24.45533 0.024905822
58833.588711 24.435299 0.017976345
58833.589285 24.439694 0.017965211
58833.589857 24.372737 0.021811901
58833.590423 24.472982 0.026795714
58833.590994 24.339091 0.024835115
58833.591559 24.38876 0.033758388
58833.592112 24.542018 0.033776798
58833.592665 24.398098 0.032759186
58833.593224 24.41908 0.030834553
58833.593796 24.415419 0.03684136
58833.594369 24.431698 0.042560726
0.0 0.0 0.0
58833.595528 24.420224 0.029809479
58833.596082 24.467575 0.032872346
58833.596665 24.447704 0.031873448
58833.597231 24.41138 0.026851346
58833.597797 24.398239 0.025918736
58833.59838 24.37378 0.02195638
58833.598947 24.415714 0.023944004
58833.599512 24.427178 0.025926048
58833.60009 24.395975 0.022948257
58833.600655 24.441684 0.024952103
58833.601221 24.397339 0.023931074
58833.601788 24.415407 0.022954043
58833.602358 24.443453 0.021942511
58833.602926 24.451916 0.026906481
58833.60349 24.378357 0.027831895
58833.604047 24.410782 0.023934109
58833.604615 24.445309 0.025898778
58833.605171 24.393501 0.029845629
58833.605736 24.429664 0.028897875
58833.606292 24.40007 0.027899375
58833.606846 24.468861 0.028876497
58833.607409 24.373398 0.025894202
58833.607972 24.434683 0.026919792
58833.608554 24.414251 0.029862898
58833.609122 24.382471 0.027908282
58833.609691 24.441722 0.028852797
58833.61027 24.419504 0.024905964
58833.610843 24.454318 0.023903403
58833.611415 24.429823 0.022890135
58833.611993 24.464245 0.024871406
58833.612577 24.413765 0.022870304
58833.613137 24.42527 0.025870728
58833.613696 24.422876 0.022858476
58833.614278 24.396413 0.022893281
58833.614853 24.45518 0.024828534
58833.615407 24.472039 0.02585984
58833.615983 24.406102 0.024885698
58833.616534 24.394609 0.020920391
58833.617093 24.382776 0.027904061
58833.617655 24.426365 0.023934946
58833.618216 24.445158 0.024939935
58833.618781 24.391051 0.024945919
58833.619336 24.386107 0.021938585
58833.619908 24.400643 0.026924406
58833.620489 24.414676 0.023932671
58833.621073 24.416969 0.023941756
58833.621643 24.429754 0.024915349
58833.622212 24.407297 0.022927024
58833.622786 24.37856 0.024893783
58833.623339 24.375186 0.026934202
58833.623898 24.390107 0.024921011
58833.624467 24.409081 0.023941513
58833.625042 24.376671 0.02293238
58833.625625 24.414512 0.022939435
58833.626195 24.46923 0.022948568
58833.626758 24.400993 0.025902241
58833.627345 24.404094 0.022961915
58833.627901 24.433396 0.024960724
58833.628481 24.407126 0.021963379
58833.629058 24.408234 0.022959448
58833.629625 24.420466 0.022963042
58833.630194 24.39145 0.022963817
58833.630754 24.443832 0.022969002
58833.631339 24.400284 0.023915763
58833.631919 24.51674 0.028821558
58833.632476 24.408231 0.028847792
58833.633035 24.455575 0.025897014
58833.633609 24.438341 0.025886663
58833.634176 24.417541 0.030929434
58833.63477 24.403264 0.025914388
58833.63533 24.415054 0.024952924
58833.635896 24.471396 0.024928362
58833.636454 24.440415 0.022967503
58833.637031 24.39456 0.024899504
58833.637603 24.429952 0.02494517
58833.638178 24.419964 0.024910144
58833.638751 24.427869 0.023962604
58833.639317 24.446339 0.023960304
58833.639885 24.398243 0.022964326
58833.640451 24.400156 0.0219811
58833.641017 24.443963 0.023977905
58833.641587 24.441745 0.024962735
58833.642165 24.421389 0.022968361
58833.642733 24.391535 0.023966446
58833.643298 24.403726 0.02296221
58833.643881 24.445198 0.02395057
58833.644463 24.386944 0.01898201
58833.645038 24.409646 0.022968782
58833.645621 24.413913 0.023947463
58833.646196 24.394449 0.023949189
58833.646775 24.418225 0.02496554
58833.647352 24.414081 0.02197032
58833.647947 24.395575 0.023943231
58833.648518 24.424991 0.024981313
58833.649091 24.43776 0.021971683
58833.649661 24.466211 0.021979287
58833.650234 24.363044 0.021979222
58833.650812 24.40817 0.022972613
58833.651385 24.424476 0.025965206
58833.651942 24.395682 0.023966537
58833.652501 24.416075 0.021977496
58833.653051 24.395797 0.020982589
58833.653627 24.430309 0.022978246
58833.654196 24.392232 0.025962499
58833.654761 24.387452 0.022970411
58833.655332 24.373961 0.021978215
58833.655903 24.425097 0.024980243
58833.656459 24.432215 0.02398077
58833.657018 24.376974 0.021984156
58833.657575 24.428597 0.024983971
58833.658134 24.386494 0.023977252
58833.658729 24.429839 0.025966416
58833.659291 24.403365 0.023971524
58833.659866 24.389443 0.022983363
58833.660428 24.409716 0.02496716
58833.660996 24.442136 0.025968674
58833.661568 24.440383 0.023968914
58833.662129 24.38932 0.025951159
58833.662686 24.361034 0.027945801
58833.663254 24.407282 0.023979976
58833.663845 24.401097 0.028924841
58833.664399 24.431428 0.026964107
58833.664959 24.440006 0.025979592
58833.66553 24.394909 0.022975647
58833.666087 24.441154 0.027981291
58833.666661 24.415857 0.021983637
58833.66724 24.370531 0.018987889
58833.667808 24.420138 0.023984197
58833.668374 24.423282 0.024981335
58833.66894 24.392607 0.025975813
58833.669515 24.392946 0.025973093
58833.670105 24.383817 0.030964854
58833.670664 24.407058 0.024964816
58833.671231 24.416626 0.025969078
58833.671792 24.45435 0.025964624
58833.672357 24.407731 0.026964701
58833.672921 24.433806 0.029961444
58833.6735 24.47679 0.030976185
58833.674063 24.406885 0.024980561
58833.674632 24.370181 0.026962828
58833.675223 24.371853 0.029912944
58833.67579 24.373046 0.028953478
58833.67635 24.434708 0.02994516
58833.676916 24.391602 0.028964718
58833.677484 24.381078 0.029958349
58833.678056 24.396326 0.029953421
58833.678616 24.421313 0.037859398
58833.679182 24.409866 0.035876365
58833.679761 24.490068 0.046805077
58833.680323 24.459778 0.045607122
58833.680894 24.355127 0.040810422
58833.681455 24.443421 0.04168758
58833.68202 24.405062 0.040792451
58833.682591 24.439783 0.038791105
58833.683157 24.398614 0.034886523
58833.683728 24.422361 0.034874537
58833.68429 24.465165 0.041781404
58833.684864 24.41857 0.03292712
58833.685427 24.37443 0.032920236
58833.686006 24.387672 0.033893585
58833.68663 24.378072 0.030952179
58833.687197 24.385917 0.0299669
58833.687766 24.408865 0.031955709
58833.688335 24.41483 0.028964335
58833.6889 24.405052 0.029952408
58833.689473 24.410705 0.029947458
58833.690035 24.43734 0.030946234
58833.690606 24.362335 0.02992483
58833.691182 24.371973 0.029956168
58833.691769 24.410629 0.030937133
58833.692334 24.385904 0.033896591
58833.692912 24.424743 0.033922725
58833.693482 24.388104 0.028939144
58833.694055 24.408574 0.028941264
58833.694629 24.347396 0.028962617
58833.695214 24.423842 0.03195491
58833.695788 24.391517 0.030949247
58833.696709 24.394645 0.031950014
58833.697282 24.423398 0.03791203
58833.697854 24.379369 0.032931564
58833.698426 24.375278 0.032949109
58833.698997 24.41182 0.034935636
58833.699574 24.457425 0.030966928
58833.700162 24.429895 0.030970974
58833.700738 24.448507 0.031959679
58833.701314 24.396078 0.031959448
58833.701879 24.433265 0.042962183
58833.702433 24.39189 0.033975355
58833.702997 24.40344 0.028978525
58833.703569 24.383664 0.029966396
58833.704138 24.408686 0.032981038
58833.704693 24.410688 0.031976295
58833.705269 24.395417 0.028967371
58833.705842 24.400254 0.0319558
58833.706416 24.446428 0.035944477
58833.706995 24.415402 0.029975466
58833.70756 24.400938 0.029961375
58833.708139 24.446491 0.029963834
58833.708701 24.386495 0.028971435
58833.709269 24.386633 0.029971676
58833.709837 24.398789 0.029969244
58833.710398 24.41238 0.028972822
58833.710961 24.447016 0.031939823
58833.711531 24.426672 0.029959422
58833.712096 24.401712 0.032955311
58833.712678 24.411018 0.030952671
58833.713245 24.358455 0.027962511
58833.713811 24.430722 0.027963622
58833.71438 24.405767 0.028970377
58833.714942 24.423823 0.025965618
58833.715515 24.435451 0.027963276
58833.716099 24.443938 0.027975608
58833.716662 24.37526 0.024977886
58833.717217 24.424437 0.026974676
58833.717786 24.43114 0.026963031
58833.718352 24.412428 0.029955735
58833.718933 24.430253 0.02896219
58833.719515 24.403934 0.028959737
58833.720081 24.412775 0.029949448
58833.720652 24.457531 0.031961621
58833.721229 24.429106 0.031950256
58833.721798 24.425663 0.031950791
58833.722365 24.344522 0.025959457
58833.722938 24.388862 0.025975224
58833.723517 24.409107 0.028959681
58833.724095 24.422346 0.02596651
58833.724659 24.352969 0.027962674
58833.725228 24.399046 0.026963725
58833.725794 24.392592 0.024966043
58833.726369 24.395539 0.028945976
58833.726949 24.397816 0.030928066
58833.727521 24.356465 0.029894253
58833.728085 24.383294 0.029913638
58833.728659 24.408422 0.028948371
58833.729226 24.435184 0.028950336
58833.729803 24.420707 0.025965522
58833.730359 24.450827 0.029953158
58833.730924 24.419376 0.026965307
58833.731502 24.427765 0.027962726
58833.732059 24.371195 0.031903054
58833.732632 24.440078 0.032942874
58833.733194 24.449294 0.033919689
58833.733759 24.456312 0.035878952
58833.734321 24.43738 0.033914822
58833.734879 24.395405 0.034897093
58833.735444 24.412002 0.038849291
58833.736003 24.399905 0.041865788
58833.736571 24.409995 0.041860169
58833.737136 24.397331 0.037864141
58833.737691 24.413215 0.034905411
58833.738267 24.390155 0.038787953
58833.738823 24.389478 0.031885849
58833.739382 24.381661 0.035901677
58833.739948 24.406141 0.038843032
58833.740522 24.449676 0.039848355
58833.741085 24.398013 0.040815123
58833.741647 24.419985 0.03490461
58833.742215 24.427462 0.032925624
58833.742788 24.413168 0.033844764
58833.743365 24.419601 0.036900463
58833.743953 24.365901 0.033891553
58833.744526 24.433866 0.03091533
58833.745093 24.421364 0.031941868
58833.745664 24.383042 0.030927904
58833.746226 24.393645 0.029938894
58833.746789 24.38257 0.028938747
58833.747358 24.404197 0.028955056
58833.747921 24.371401 0.03094929
58833.748478 24.424116 0.026957149
58833.749035 24.417673 0.026956035
58833.749599 24.410103 0.026953425
58833.750168 24.413929 0.029907361
58833.750733 24.458113 0.032914114
58833.751298 24.382276 0.030871798
58833.751854 24.371386 0.034878182
58833.752416 24.40366 0.032917885
58833.752988 24.387721 0.030923982
58833.753539 24.416555 0.031931954
58833.7541 24.397362 0.028941008
58833.754655 24.431921 0.029954553
58833.75523 24.425602 0.029969294
58833.755803 24.388855 0.031944625
58833.756377 24.435723 0.035945399
58833.756948 24.421087 0.028969931
58833.757519 24.393533 0.033972599
58833.758074 24.44098 0.030968718
58833.758639 24.37377 0.032927913
58833.759204 24.445133 0.041913233
58833.759765 24.39819 0.033961145
58833.760341 24.419615 0.03096263
58833.760921 24.383986 0.033962308
58833.761489 24.325286 0.035928436
58833.76205 24.419483 0.032963948
58833.762618 24.464201 0.035948775
58833.763196 24.421057 0.031959458
58833.763771 24.407022 0.03197616
58833.764345 24.425603 0.029969856
58833.764904 24.393893 0.030974768
58833.765469 24.413312 0.030981742
58833.766035 24.429131 0.032972239
58833.766604 24.407671 0.032954603
58833.767179 24.40338 0.029976816
58833.767754 24.389632 0.030975904
58833.768337 24.370404 0.031968391
58833.768906 24.439918 0.029972224
58833.769468 24.436529 0.035950038
58833.770037 24.465422 0.033965537
58833.770609 24.430825 0.033958637
58833.771176 24.365925 0.036906348
58833.77175 24.423076 0.03792774
58833.772312 24.430939 0.040905764
58833.772873 24.383537 0.040885733
58833.773436 24.469303 0.048852686
58833.774013 24.378867 0.048869761
58833.774581 24.419715 0.041911706
58833.775149 24.399998 0.042907989
58833.775718 24.415909 0.040910936
58833.776274 24.374038 0.040937544
58833.776849 24.429057 0.037950454
58833.777425 24.387847 0.044945732
58833.777996 24.432741 0.0429243
58833.778564 24.367326 0.039945429
58833.779126 24.373707 0.037932777
58833.779701 24.411778 0.038930943
58833.780275 24.47485 0.039941829
58833.780836 24.485341 0.04486023
58833.781394 24.361769 0.044860429
58833.781959 24.353458 0.036937431
58833.78252 24.364264 0.038948783
58833.783078 24.387785 0.038903341
58833.783656 24.435156 0.040919225
58833.784224 24.344012 0.035951277
58833.784791 24.413306 0.040953308
58833.785359 24.506004 0.032959421
58833.785923 24.402628 0.03196761
58833.786499 24.435831 0.034952871
58833.787075 24.420068 0.033958571
58833.787657 24.443198 0.036958336
58833.788243 24.482721 0.038954174
58833.788815 24.458933 0.029966225
58833.789431 24.398514 0.030971664
58833.789993 24.410417 0.033962993
58833.790558 24.389982 0.033975798
58833.791114 24.363164 0.033955861
58833.791692 24.407897 0.030972469
58833.792254 24.438581 0.029955589
58833.792819 24.411833 0.027968202
58833.793386 24.440455 0.02795801
58833.793945 24.380093 0.028964882
58833.794517 24.405386 0.028968535
58833.79508 24.422886 0.028968307
58833.795646 24.414754 0.025972547
58833.796225 24.410031 0.026967456
58833.79679 24.419476 0.025980602
58833.797352 24.392531 0.025984577
58833.797908 24.421146 0.026978894
58833.798484 24.431769 0.026980829
58833.799061 24.373372 0.026976687
58833.799624 24.361874 0.026974212
58833.800185 24.414612 0.023978989
58833.800756 24.405068 0.027963944
58833.801313 24.418553 0.026971608
58833.801876 24.413271 0.025973531
58833.802443 24.377146 0.027958562
58833.803031 24.456664 0.026981455
58833.803608 24.412334 0.027974106
58833.804175 24.393387 0.030980781
58833.804741 24.417795 0.027980602
58833.805316 24.443149 0.026979652
58833.805876 24.437965 0.030972728
58833.806445 24.394835 0.026983814
58833.807016 24.384953 0.02997881
58833.807582 24.416892 0.029965152
58833.80816 24.379959 0.027978762
58833.808724 24.44894 0.029979716
58833.809281 24.378144 0.026975454
58833.809857 24.416317 0.029979495
58833.810432 24.393755 0.033972064
58833.811002 24.381498 0.0309774
58833.81157 24.470395 0.029981464
58833.812141 24.432664 0.029981144
58833.81271 24.455707 0.02498391
58833.813283 24.437615 0.025985409
58833.81385 24.437507 0.024984676
58833.814425 24.413265 0.024984049
58833.81499 24.387429 0.025984383
58833.815567 24.375158 0.024981767
58833.816133 24.385119 0.028979294
58833.816698 24.461732 0.031959555
58833.817289 24.42123 0.029972043
58833.817864 24.393363 0.028968058
58833.818429 24.426026 0.029968587
58833.819011 24.383136 0.029968742
58833.819573 24.434566 0.027977369
58833.820146 24.464471 0.029964336
58833.82073 24.393103 0.028971962
58833.821295 24.405151 0.029971611
58833.821869 24.402015 0.030971597
58833.822431 24.43311 0.029978246
58833.822986 24.433106 0.035978644
58833.823546 24.446628 0.03596264
58833.824122 24.392359 0.035960692
58833.82469 24.420948 0.034975521
58833.82527 24.408687 0.030979019
58833.825842 24.474587 0.039973136
58833.826414 24.388518 0.0339609
58833.826987 24.400379 0.033962322
58833.827559 24.41779 0.032967705
58833.828123 24.432659 0.033973814
58833.828694 24.413104 0.030959299
58833.829263 24.425181 0.030967641
58833.829826 24.41132 0.029957607
58833.830398 24.391839 0.029967832
58833.830961 24.436293 0.030969092
58833.831526 24.375866 0.025960702
58833.832097 24.442163 0.028975115
58833.83267 24.37502 0.025970509
58833.833228 24.351546 0.026970358
58833.833798 24.376882 0.025977039
58833.834371 24.394165 0.030957391
58833.834936 24.433483 0.024977073
58833.83551 24.409528 0.029973182
58833.836083 24.404627 0.029971738
58833.836648 24.398627 0.026974414
58833.837231 24.443963 0.02797386
58833.837806 24.432311 0.032940283
58833.83839 24.371443 0.028955948
58833.838952 24.406589 0.034938775
58833.839512 24.393446 0.02896766
58833.840078 24.385227 0.031957925
58833.840638 24.379864 0.029970466
58833.841214 24.372631 0.031968977
58833.841784 24.400092 0.029976716
58833.842354 24.411781 0.029973553
58833.842932 24.453663 0.031970139
58833.8435 24.427422 0.029973611
58833.844068 24.467738 0.029974835
58833.84464 24.393457 0.032972654
58833.845192 24.397928 0.03197781
58833.845764 24.402165 0.027980385
58833.846315 24.410884 0.029980191
58833.846882 24.430146 0.029983113
58833.847447 24.41273 0.039970007
58833.848017 24.409924 0.03697842
58833.848583 24.39453 0.042971749
58833.849139 24.393923 0.035975545
58833.849713 24.412477 0.035964421
58833.850286 24.384412 0.03397928
